gap: 1
04 mon nov 2019     699 (24)       043 (7)        772 (16)       
06 wed nov 2019     416 (11)       923 (14)       181 (10)       
08 fri nov 2019     917 (17)       653 (14)       339 (15)       


gap: 2
01 fri nov 2019     498 (21)       717 (15)       344 (11)       
04 mon nov 2019     699 (24)       043 (7)        772 (16)       
07 thu nov 2019     759 (21)       636 (15)       670 (13)       


gap: 3
29 tue oct 2019     271 (10)       650 (11)       339 (15)       
02 sat nov 2019     072 (9)        947 (20)       617 (14)       
06 wed nov 2019     416 (11)       923 (14)       181 (10)       


gap: 4
26 sat oct 2019     180 (9)        207 (9)        775 (19)       
31 thu oct 2019     346 (13)       154 (10)       819 (18)       
05 tue nov 2019     932 (14)       078 (15)       370 (10)       


gap: 5
23 wed oct 2019     294 (15)       642 (12)       433 (10)       
29 tue oct 2019     271 (10)       650 (11)       339 (15)       
04 mon nov 2019     699 (24)       043 (7)        772 (16)       


gap: 6
20 sun oct 2019     994 (22)       930 (12)       670 (13)       
27 sun oct 2019     947 (20)       729 (18)       123 (6)        
03 sun nov 2019     972 (18)       468 (18)       378 (18)       


gap: 7
17 thu oct 2019     316 (10)       003 (3)        533 (11)       
25 fri oct 2019     064 (10)       373 (13)       331 (7)        
02 sat nov 2019     072 (9)        947 (20)       617 (14)       


gap: 8
14 mon oct 2019     645 (15)       559 (19)       666 (18)       
23 wed oct 2019     294 (15)       642 (12)       433 (10)       
01 fri nov 2019     498 (21)       717 (15)       344 (11)       


gap: 9
11 fri oct 2019     506 (11)       949 (22)       553 (13)       
21 mon oct 2019     420 (6)        384 (15)       984 (21)       
31 thu oct 2019     346 (13)       154 (10)       819 (18)       


gap: 10
08 tue oct 2019     700 (7)        543 (12)       083 (11)       
19 sat oct 2019     873 (18)       189 (18)       846 (18)       
30 wed oct 2019     081 (9)        303 (6)        052 (7)        


