Common pair for 532
55 (4)
00 (7)
22 (8)
99 (8)
58 (11)
02 (11)
26 (13)
49 (13)
56 (13)
77 (13)
15 (14)
12 (14)
44 (14)
03 (14)
48 (14)
79 (15)
46 (15)
39 (15)
57 (15)
17 (15)
59 (16)
69 (16)
33 (16)
68 (17)
88 (17)
29 (17)
05 (18)
67 (18)
11 (18)
38 (19)
66 (19)
34 (20)
28 (20)
36 (21)
24 (21)
09 (22)
27 (22)
14 (22)
45 (23)
13 (24)
04 (25)
06 (25)
89 (25)
07 (26)
37 (27)
16 (28)
78 (29)
18 (29)
01 (29)
47 (29)
08 (32)
19 (33)


Common pair for 590
00 (4)
99 (5)
66 (6)
44 (8)
77 (8)
01 (11)
33 (11)
39 (12)
06 (12)
35 (12)
58 (12)
49 (13)
79 (13)
78 (14)
34 (14)
04 (14)
55 (14)
29 (14)
88 (15)
15 (16)
03 (16)
26 (17)
22 (17)
17 (17)
69 (17)
11 (18)
47 (18)
18 (18)
56 (18)
89 (19)
07 (19)
28 (19)
38 (20)
08 (20)
25 (21)
48 (21)
36 (22)
24 (22)
67 (22)
57 (23)
23 (24)
16 (25)
46 (26)
68 (27)
19 (28)
45 (28)
27 (28)
14 (28)
02 (28)
13 (30)
37 (30)
12 (31)


Common pair for 340
00 (4)
33 (5)
66 (5)
44 (5)
06 (7)
99 (7)
88 (7)
07 (8)
77 (8)
08 (9)
22 (9)
55 (10)
11 (10)
35 (10)
29 (11)
37 (11)
23 (12)
45 (12)
09 (12)
48 (13)
56 (13)
38 (13)
89 (13)
02 (14)
49 (14)
27 (14)
47 (14)
05 (16)
12 (16)
36 (17)
19 (17)
39 (17)
14 (17)
17 (17)
57 (17)
46 (17)
26 (18)
28 (18)
01 (18)
69 (18)
59 (18)
15 (19)
78 (19)
68 (19)
13 (20)
67 (20)
25 (22)
79 (22)
16 (23)
18 (23)
24 (23)
58 (29)


Common pair for all numbers:
00 (13)
99 (18)
35 (21)
44 (25)
55 (26)
77 (27)
66 (28)
03 (29)
33 (30)
22 (32)
05 (33)
09 (33)
59 (33)
34 (33)
23 (35)
88 (37)
04 (38)
49 (38)
29 (40)
06 (42)
39 (42)
56 (42)
25 (42)
11 (44)
26 (46)
48 (46)
15 (47)
17 (47)
79 (48)
69 (49)
38 (50)
58 (50)
07 (51)
02 (51)
57 (53)
89 (55)
28 (55)
46 (56)
01 (56)
36 (58)
67 (58)
08 (59)
12 (59)
47 (59)
78 (60)
68 (61)
45 (61)
27 (62)
24 (64)
14 (65)
37 (66)
18 (68)
13 (72)
16 (74)
19 (76)


Top pairs for each numbers:
19 (33)
12 (31)
58 (29)


Top 3 pairs for all numbers:
13 (72)
16 (74)
19 (76)
