009 (3)
012 (7)
013 (9)
014 (3)
015 (3)
019 (3)
023 (6)
024 (6)
025 (3)
027 (12)
028 (6)
034 (3)
038 (4)
047 (3)
049 (3)
056 (8)
057 (4)
059 (3)
066 (3)
068 (8)
069 (3)
077 (3)
079 (4)
089 (3)
112 (6)
119 (4)
123 (13)
124 (9)
125 (3)
126 (7)
136 (4)
138 (12)
139 (6)
145 (3)
146 (7)
148 (6)
157 (3)
158 (3)
167 (3)
168 (3)
169 (4)
179 (3)
188 (3)
199 (6)
225 (4)
234 (5)
235 (6)
237 (3)
239 (4)
245 (3)
246 (7)
248 (4)
249 (3)
257 (9)
267 (3)
269 (4)
288 (3)
345 (3)
346 (4)
349 (3)
356 (3)
357 (3)
358 (7)
366 (4)
367 (4)
368 (5)
369 (6)
378 (6)
389 (6)
446 (3)
455 (3)
456 (4)
457 (3)
459 (3)
468 (5)
479 (9)
499 (3)
556 (3)
559 (3)
567 (3)
568 (4)
588 (3)
589 (7)
669 (3)
679 (3)
789 (3)
799 (3)


Top combi for each number: 
479 (4)
027 (7)
123 (6)


Top 3 combi for all numbers:
138 (12)
027 (12)
123 (13)


Top pairs for each numbers:
78 (18)
01 (30)
18 (28)


Top 3 pairs for all numbers:
12 (56)
18 (57)
24 (62)
