002 (3)
009 (3)
011 (4)
012 (3)
013 (13)
014 (3)
015 (6)
016 (8)
017 (7)
018 (9)
022 (3)
023 (5)
024 (5)
025 (6)
028 (7)
034 (11)
035 (4)
036 (6)
037 (6)
038 (7)
039 (8)
045 (6)
046 (3)
047 (9)
048 (11)
049 (11)
057 (3)
058 (4)
059 (3)
067 (3)
068 (5)
069 (3)
077 (3)
078 (7)
079 (10)
089 (6)
111 (3)
112 (3)
113 (3)
114 (4)
115 (3)
116 (3)
117 (3)
118 (3)
122 (4)
123 (7)
124 (3)
125 (3)
126 (13)
128 (4)
129 (8)
134 (5)
135 (11)
136 (4)
138 (7)
139 (7)
145 (6)
146 (9)
148 (10)
149 (4)
156 (9)
157 (3)
159 (13)
166 (3)
167 (8)
168 (8)
169 (3)
178 (7)
179 (9)
189 (5)
199 (3)
222 (3)
224 (3)
226 (3)
228 (5)
233 (3)
234 (4)
235 (10)
236 (3)
237 (10)
239 (11)
245 (9)
246 (3)
247 (9)
248 (11)
249 (3)
256 (8)
257 (9)
258 (4)
259 (10)
267 (4)
268 (15)
269 (3)
278 (7)
289 (3)
335 (3)
345 (3)
347 (4)
348 (6)
355 (3)
356 (3)
357 (3)
358 (10)
359 (12)
367 (6)
368 (13)
369 (5)
377 (5)
378 (9)
379 (6)
389 (3)
445 (4)
447 (3)
456 (4)
457 (7)
467 (7)
468 (10)
478 (7)
479 (10)
557 (3)
568 (5)
569 (4)
578 (12)
579 (6)
589 (8)
677 (3)
678 (4)
679 (8)
689 (7)
699 (6)
778 (7)
788 (6)
789 (7)


Top combi for each number: 
013 (7)
159 (8)
368 (9)


Top 3 combi for all numbers:
013 (13)
159 (13)
268 (15)
