gap: 1
17 sun nov 2019     846 - 84, 86   773            777
19 tue nov 2019     452            762            879 - 87, 89
21 thu nov 2019     906            364            211
23 sat nov 2019     152            191            247
25 mon nov 2019     612            142            452
27 wed nov 2019     541            818 - 81, 88   182 - 81, 82
29 fri nov 2019     736            294            100
01 sun dec 2019     749            165            031
03 tue dec 2019     218 - 81, 82   976            420
05 thu dec 2019     406            542            243


gap: 2
07 thu nov 2019     578 - 85, 87   358 - 83, 85   141
10 sun nov 2019     788 - 87, 88   696            248 - 82, 84
13 wed nov 2019     946            557            973
16 sat nov 2019     310            456            244
19 tue nov 2019     452            762            879 - 87, 89
22 fri nov 2019     159            881 - 81, 88   337
25 mon nov 2019     612            142            452
28 thu nov 2019     743            527            769
01 sun dec 2019     749            165            031
04 wed dec 2019     984 - 84, 89   161            105


gap: 3
28 mon oct 2019     299            879 - 87, 89   754
01 fri nov 2019     244            485 - 84, 85   374
05 tue nov 2019     439            767            211
09 sat nov 2019     017            944            660
13 wed nov 2019     946            557            973
17 sun nov 2019     846 - 84, 86   773            777
21 thu nov 2019     906            364            211
25 mon nov 2019     612            142            452
29 fri nov 2019     736            294            100
03 tue dec 2019     218 - 81, 82   976            420


gap: 4
18 fri oct 2019     268 - 82, 86   678 - 86, 87   662
23 wed oct 2019     037            160            396
28 mon oct 2019     299            879 - 87, 89   754
02 sat nov 2019     532            277            576
07 thu nov 2019     578 - 85, 87   358 - 83, 85   141
12 tue nov 2019     797            124            931
17 sun nov 2019     846 - 84, 86   773            777
22 fri nov 2019     159            881 - 81, 88   337
27 wed nov 2019     541            818 - 81, 88   182 - 81, 82
02 mon dec 2019     532            590            340


gap: 5
08 tue oct 2019     475            344            559
14 mon oct 2019     476            135            111
20 sun oct 2019     564            144            254
26 sat oct 2019     255            219            942
01 fri nov 2019     244            485 - 84, 85   374
07 thu nov 2019     578 - 85, 87   358 - 83, 85   141
13 wed nov 2019     946            557            973
19 tue nov 2019     452            762            879 - 87, 89
25 mon nov 2019     612            142            452
01 sun dec 2019     749            165            031


