PROBABLES:

date: 09 mon sep 2019
time_combi:
11am:
447, 149, 449, 569, 
223, 079, 027, 188, 
158, 028

4pm:
279, 169, 469, 112, 
668, 689, 166, 004, 
268, 126, 568, 156, 
479, 247, 779, 289, 
137

9pm:
016, 059, 359, 377, 
028, 255, 555, 258, 
279, 269, 226, 259, 
289, 228, 005, 008, 
235, 256



common_combi:
028 (2), 279 (2), 
268 (2), 079 (2), 
169 (2)



date: 10 tue sep 2019
time_combi:
11am:
268, 147, 447, 056, 
356, 359, 335, 338, 
226, 256, 229, 259, 
169, 269, 247, 133, 
237, 023

4pm:
256, 179, 113, 116, 
146, 048, 125, 128, 
158, 348, 267, 029, 
038, 489, 248

9pm:
047, 269, 569, 299, 
168, 116, 258, 125, 
467, 334, 145, 157, 
069, 247, 024, 055, 
158, 115, 188, 118, 
112



common_combi:
125 (2), 256 (2), 
048 (2), 238 (2), 
247 (2), 116 (2), 




date: 11 wed sep 2019
time_combi:
11am:
023, 024, 558, 155, 
158, 339, 233, 227, 
028, 389, 238, 168, 
377, 677, 178, 169, 
469, 499, 046, 346, 
256, 259

4pm:
037, 125, 488, 788, 
178, 077, 058, 479, 
199, 689, 268, 899, 
049, 779, 079, 257, 
159, 478, 147, 189, 
046, 346, 349

9pm:
256, 024, 234, 027, 
459, 489, 379, 046, 
448, 478, 125, 458, 


common_combi:
489 (2), 178 (2), 
046 (3), 478 (2), 
158 (2), 377 (3), 
479 (2), 199 (2), 




date: 12 thu sep 2019
time_combi:
11am:
159, 049, 349, 358, 
449, 244, 136, 166, 
169, 149, 124, 247, 
016, 019, 035, 335, 
4pm:
247, 268, 179, 479, 
369

9pm:
457, 255, 258, 057, 
267, 006, 036, 189, 
239



common_combi:
267 (2), 244 (2), 




date: 13 fri sep 2019
time_combi:
11am:
113, 055, 249, 224, 
022, 025, 013, 016, 
358, 135, 799, 279, 
235, 138, 168, 288, 
068, 368, 289, 589, 
366

4pm:
147, 447, 016, 046, 
006, 036, 009, 039, 
558, 168, 189, 568, 
156, 159, 058, 077, 
146, 279, 227

9pm:
278, 578, 028, 058, 
244, 239, 269, 057, 
277, 115



common_combi:
015 (2), 025 (2), 
058 (5), 168 (2), 




date: 14 sat sep 2019
time_combi:
11am:
568, 156, 147, 447, 
357, 013, 034, 469, 
346, 016, 128, 158

4pm:
012, 024, 289, 225, 
179, 238, 045, 345, 
036, 066, 039, 069, 
9pm:
779, 388, 688, 179, 
588, 266, 566, 035, 
115, 118, 055, 355, 
039, 459, 245, 579, 
004, 034, 456, 567, 
169



common_combi:
179 (3), 355 (2), 
579 (2), 459 (2), 
034 (2)



date: 15 sun sep 2019
time_combi:
11am:
006, 138, 168, 255, 
122, 125, 129, 799, 
058, 088, 358, 388, 
378

4pm:
389, 337, 033, 249, 
379, 039, 679, 069, 
255, 479, 147, 177, 
589, 156, 159, 188, 
244, 014, 134, 088, 
689, 127

9pm:
017, 268, 289, 137, 
028, 058, 258, 159, 
189



common_combi:
058 (2), 088 (2), 
258 (2), 249 (2), 
388 (2), 159 (3)



date: 16 mon sep 2019
time_combi:
11am:
446, 356, 359, 044, 
389, 238, 345, 456, 
257, 145, 015, 147, 
246

4pm:
239, 389, 139, 689, 
114, 144, 123, 047, 
356, 137, 167, 013, 
126, 034, 037

9pm:
067, 024, 027, 239, 
567, 056, 148, 448, 
014



common_combi:
014 (2), 456 (2), 
123 (2), 239 (2), 




date: 17 tue sep 2019
time_combi:
11am:
033, 333, 002, 023, 
677, 037, 067, 169, 
089, 028, 058, 368, 
257, 025, 278, 048

4pm:
023, 377, 037, 259, 
147, 177, 015

9pm:
157, 257, 025, 134, 
468, 179, 368, 389, 
245, 455, 557, 248, 
458, 024



common_combi:
028 (2), 578 (2), 
579 (2), 037 (2), 
025 (2), 068 (2), 
368 (2), 257 (4), 
169 (2)



date: 18 wed sep 2019
time_combi:
11am:
015, 113, 445, 448, 
249, 358, 135, 568, 
136, 166, 139, 169, 
488, 118, 148, 346, 
349, 469, 168, 116, 
119, 367, 034, 334, 
599

4pm:
568, 139, 009, 039, 
246, 249, 034, 037, 
146, 257, 014

9pm:
067, 779, 347, 377, 
246, 267, 456, 567, 
588, 244, 247, 025, 
346, 367, 155, 044, 
077, 469, 499, 249, 
066, 059, 359, 115, 
016



common_combi:
139 (2), 039 (2), 
249 (3), 118 (2), 
246 (4), 367 (2), 
034 (2), 346 (2)



date: 19 thu sep 2019
time_combi:
11am:
127, 012, 023, 026, 
029, 227, 022, 055, 
077, 007, 159, 018, 
289, 137, 167

4pm:
137, 001, 013, 469, 
458, 259, 559, 289, 
288, 115, 118, 145, 
158, 459, 489, 123, 
126, 246, 789, 278, 
579, 257

9pm:
358, 388, 568, 688, 
469, 124, 127, 345, 
348, 378, 558, 588, 
279, 156, 006, 036, 
014, 134, 015, 018



common_combi:
115 (2), 279 (2), 
289 (2), 469 (2), 
127 (2)



date: 20 fri sep 2019
time_combi:
11am:
249, 039, 023, 579, 
335, 338, 055, 247, 
339, 006, 124

4pm:
149, 467, 046, 119, 
356, 599, 259, 279, 
337, 367, 067, 049, 
008, 038, 358, 135, 
138, 022, 025, 058, 
9pm:
377, 037, 677, 036, 
079, 355, 358, 119, 
127, 268, 126, 458, 
007, 178, 117, 478, 
055, 058, 114



common_combi:
149 (2), 119 (2), 
046 (3), 058 (2), 
358 (2), 067 (4), 
079 (2), 278 (2), 




date: 21 sat sep 2019
time_combi:
11am:
128, 113, 134, 133, 
056, 068, 059, 089, 
347, 388

4pm:
289, 559, 589, 379, 
368, 467, 046, 022, 
478, 048, 148, 224, 
014, 247, 024, 005, 
035, 038, 268, 126, 
156, 199, 079, 678, 
349, 234, 269, 226

9pm:
779, 247, 277, 248, 
458, 578, 123, 126, 
036, 379, 039, 224, 
489, 146, 149, 258, 


common_combi:
234 (2), 458 (2), 
039 (2), 224 (2), 
247 (2), 379 (3), 
126 (2)



date: 22 sun sep 2019
time_combi:
11am:
226, 256, 229, 259, 
149, 347, 467, 446, 
278, 089, 028, 138, 
116, 006, 036, 247, 
456, 267, 567

4pm:
589, 379, 039, 155, 
026, 056, 069, 115, 
445, 138, 113, 159, 
459, 245

9pm:
267, 358, 388, 568, 
279, 579, 169, 126, 
129, 135, 125, 567, 
148, 356, 566, 367, 
667, 066



common_combi:
567 (2), 125 (2), 
237 (2), 145 (2), 
467 (2), 138 (2), 
169 (2)



date: 23 mon sep 2019
time_combi:
11am:
027, 577, 057, 559, 
133, 029, 578, 157, 
115, 336, 366, 124, 
146, 799, 279, 158, 
037

4pm:
468, 378, 678, 278, 
028, 058, 589, 168, 
158, 115, 157, 788, 
389, 689

9pm:
259, 025, 235, 257, 
267, 567, 006, 009, 
367, 389, 238, 689, 
239, 223, 269, 226, 
588



common_combi:
158 (2), 157 (2), 
389 (2), 578 (3), 




date: 24 tue sep 2019
time_combi:
11am:
368, 359, 389, 058, 
567, 056, 003, 006, 
122, 239, 138, 446, 
226, 256, 139, 123, 
144, 699, 269, 999, 
005, 035, 126, 457, 
4pm:
467, 227, 022, 289, 
589, 159, 255, 258, 
027, 699, 134

9pm:
225, 468, 146, 489, 
236, 239, 356, 359, 
137, 036, 066, 336, 
016, 019, 046, 049, 


common_combi:
359 (2), 048 (2), 
699 (2), 589 (2), 
129 (3)



date: 25 wed sep 2019
time_combi:
11am:
128, 112, 158, 115, 
358, 012, 015, 059, 
034, 334, 155, 269, 
226, 229, 123, 778, 
177, 077, 007, 188, 
037

4pm:
369, 377, 037, 268, 
259, 559, 289, 589, 
168, 113, 116, 379, 
679, 069, 059, 359, 
258, 288, 188, 046, 
9pm:
028, 569, 348, 445, 
157, 457, 015, 045, 
489, 488, 148, 038, 
356, 359, 003, 033, 
036, 478, 778



common_combi:
059 (2), 158 (2), 
359 (3), 007 (2), 
025 (2), 037 (2), 
589 (2)



date: 26 thu sep 2019
time_combi:
11am:
036, 367, 478, 567, 
589, 258, 122, 226, 
256, 259, 003, 247, 
447, 477

4pm:
557, 268, 126, 467, 
558, 249, 027, 237, 
023, 279, 479, 049, 
135, 138, 148, 178, 
029, 356, 566, 036, 
9pm:
048, 778, 058, 358, 
135, 467, 025, 028, 
247, 446



common_combi:
447 (2), 567 (2), 
467 (2), 033 (2), 
247 (2), 479 (2), 




date: 27 fri sep 2019
time_combi:
11am:
047, 589, 258, 135, 
4pm:
234, 256, 259, 556, 
269, 226, 299, 229, 
046, 016, 379, 049, 
147, 446, 449, 268, 
568, 156, 077, 569, 
9pm:
339, 228, 015, 135, 
345, 017, 137, 078, 
459, 256, 259, 036, 


common_combi:
256 (2), 017 (2), 
467 (2), 135 (2), 
477 (2), 156 (2)



date: 28 sat sep 2019
time_combi:
11am:
678, 022, 025, 277, 
477, 147, 239, 038, 
338, 368, 249, 035, 
447, 013, 133, 226, 
229, 259, 014, 088, 
388, 138, 026

4pm:
556, 559, 158, 458, 
557, 149, 178, 478, 
048, 138, 168, 245, 
007, 037, 139, 169

9pm:
477, 047, 479, 366, 
234, 027, 237, 078, 
378, 137, 136, 166, 
457



common_combi:
138 (2), 378 (2), 




date: 29 sun sep 2019
time_combi:
11am:
114, 278, 578, 377, 
677, 067, 046, 138, 
168, 116, 089, 389, 
238, 134, 024, 077, 
149, 179

4pm:
678, 137, 167, 127, 
469, 038, 338, 368, 
046, 067, 049, 079, 
489, 789, 149, 179, 
017, 159, 125

9pm:
117, 144, 147, 056, 
278, 127, 578, 157, 
039, 339, 069, 369, 
007, 377, 037, 258, 
558, 158, 115, 188, 
155, 255



common_combi:
149 (2), 077 (2), 
179 (2), 007 (2), 
114 (2), 037 (2), 
278 (2), 588 (2), 
127 (2)



date: 30 mon sep 2019
time_combi:
11am:
037, 677, 067, 355, 
247, 368, 336, 249, 
459, 245

4pm:
567, 347, 467, 024, 
378, 018, 048, 366, 
369, 669, 059, 359, 
179, 019, 127, 012, 
114, 117, 144, 147, 
237, 057, 357, 689, 
9pm:
223, 025, 235, 014, 
267, 567, 379, 259, 
389, 444, 447, 269, 
489



common_combi:
267 (2)



date: 01 tue oct 2019
time_combi:
11am:
677, 037, 067, 299, 
479, 006, 112, 124, 
049, 012, 024, 013, 
157, 457, 145, 134, 
779, 277, 089, 389, 
238, 057, 079, 027, 
149, 188, 118, 488, 
899, 289

4pm:
459, 024, 027, 279, 
268, 568, 577, 057, 
048, 139, 169, 259, 
289, 228, 159, 189, 
046, 067, 049, 079, 
077, 377, 479, 779

9pm:
589, 258, 236, 049, 
349, 234, 245, 248, 
017, 477, 047, 079, 
039, 028, 125, 128



common_combi:
067 (3), 028 (2), 
027 (3), 019 (2), 
079 (4), 349 (2), 
289 (2), 459 (2), 
024 (3), 779 (3), 




date: 02 wed oct 2019
time_combi:
11am:
024, 057, 005, 357, 
012, 036, 066, 048, 
268, 135, 245, 455, 
337, 067, 367, 114, 
4pm:
277, 556, 559, 358, 
268, 126, 027, 002, 
388, 135, 138, 124, 
9pm:
256, 379, 679, 179, 
355, 556, 358, 568, 
036, 009, 039, 458, 
578, 157



common_combi:
024 (2), 256 (2), 
569 (2), 268 (2), 
358 (3), 568 (2), 




date: 03 thu oct 2019
time_combi:
11am:
129, 478, 148, 114, 
057, 111, 336, 366, 
266

4pm:
279, 369, 588, 158, 
124, 244, 168, 189, 
799

9pm:
478, 479, 247, 239, 
269, 226, 468, 015, 
379, 679, 778, 023, 
168, 116, 169, 469, 
467, 028, 179, 127



common_combi:
057 (2), 478 (2), 
577 (2), 249 (2), 
479 (2), 369 (2), 
236 (2)



date: 04 fri oct 2019
time_combi:
11am:
449, 467, 479, 377, 
277, 577, 159, 459, 
112, 158, 115, 012, 
149, 147, 447, 349, 
033

4pm:
013, 247, 457, 277, 
589, 258, 117, 045, 
345, 348, 278, 127, 
028, 026, 056, 018, 
9pm:
237, 357, 577, 778, 
078, 569, 148, 114, 
135, 138



common_combi:
115 (2), 277 (2), 
577 (3), 569 (2), 
112 (2), 138 (2), 




date: 05 sat oct 2019
time_combi:
11am:
259, 138, 113, 378, 
019, 137, 167, 044, 
568, 589, 004, 114, 
078, 039

4pm:
033, 157, 178, 256, 
378, 137, 039, 339, 
599, 057, 223, 557

9pm:
234, 122, 125, 113, 
116, 146, 346, 017, 
447, 477, 167, 016, 
378, 169, 199, 149, 
138, 389, 238



common_combi:
167 (2), 378 (4), 
349 (2), 678 (2), 
138 (2), 357 (2)



date: 06 sun oct 2019
time_combi:
11am:
459, 468, 489, 258, 
378, 678, 168, 458, 
148, 048, 348, 247, 
038, 448

4pm:
458, 456, 479, 247, 
277, 358, 168, 369, 
136, 346, 166, 466, 
034, 224, 245

9pm:
125, 135, 138, 156, 
488, 148, 246, 459, 
127, 039, 069, 356, 


common_combi:
069 (2), 125 (2), 
148 (2), 458 (2), 
459 (2), 247 (2)



date: 07 mon oct 2019
time_combi:
11am:
266, 159, 355, 358, 
036, 129, 258, 045, 
157

4pm:
277, 478, 448, 279, 
345, 128, 399, 789, 
9pm:
126, 124, 145, 127, 
356, 359, 004, 034, 
467, 002



common_combi:
579 (2)



date: 08 tue oct 2019
time_combi:
11am:
008, 038, 001, 013, 
113, 168, 116, 266, 
247, 034, 457, 011, 
134

4pm:
346, 466, 349, 469, 
468, 128, 024, 118, 
589, 258, 279, 227, 
247, 277, 027, 006, 
123, 135

9pm:
367, 249, 224, 137, 
045, 048, 577, 057, 
236, 114, 479, 049, 
269, 267, 567, 135, 
158, 115, 777, 145, 


common_combi:
047 (2), 456 (2), 
247 (4), 135 (2), 




date: 09 wed oct 2019
time_combi:
11am:
458, 488, 149, 578, 
339, 369, 233, 236, 
128, 089, 028, 389, 
069, 368, 569, 256, 
689, 268

4pm:
447, 456, 369, 499, 
667, 066, 239, 049, 
126, 568, 156, 024, 
9pm:
139, 689, 169, 225, 
047, 004, 124, 127, 
578, 045, 048, 114, 
117, 147, 057, 337, 
358, 388, 568, 688, 
588, 259, 059, 359, 
236, 266



common_combi:
147 (2), 124 (2), 
389 (2), 268 (2), 
568 (2), 236 (2), 




date: 10 thu oct 2019
time_combi:
11am:
338, 133, 368, 136, 
567, 179, 019, 127, 
668, 004, 149, 449, 
026, 247, 277, 457, 
379, 679, 249, 459, 
445, 148, 448

4pm:
033, 248, 458, 346, 
349, 469, 256, 556, 
559, 023, 049, 137, 
047, 344, 347, 247, 
9pm:
267, 179, 479, 238, 
558, 588, 278, 127, 
157, 046, 067, 345, 
288, 012, 079, 027



common_combi:
127 (3), 012 (2), 
145 (2), 023 (2), 
267 (2), 247 (2), 
457 (2)



date: 11 fri oct 2019
time_combi:
11am:
577, 129, 111, 114, 
679, 005, 012, 123, 
234, 258, 124, 057, 
4pm:
445, 468, 259, 225, 
228, 023, 026, 389, 
238, 577, 057, 146, 
037, 003, 233

9pm:
126, 259, 225, 248, 
034, 334, 458, 578, 
778, 059, 089, 359, 
119, 149, 079, 027, 
237



common_combi:
259 (2), 123 (2), 
225 (2), 023 (2), 
689 (2), 379 (2), 
248 (2), 278 (2)



date: 12 sat oct 2019
time_combi:
11am:
247, 478, 129, 449, 
049, 012, 024, 369, 
355, 358, 048, 348, 
257, 245, 455, 238, 
045, 236, 356, 266, 
138

4pm:
337, 033, 366, 369, 
446, 449, 049, 349, 
388, 447, 477, 012, 
258, 168, 468, 699, 
189, 489, 137, 167, 
016, 036, 344, 347, 
357, 023, 035

9pm:
246, 134, 278, 578, 
248, 125, 155, 446, 
459, 567, 579, 129, 


common_combi:
369 (3), 446 (2), 
012 (2), 159 (2), 
399 (2), 245 (2), 
449 (2), 129 (2)



