gap: 1
14 wed aug 2019     504            881            550            
16 fri aug 2019     022            905            415            
18 sun aug 2019     273            726            466            
20 tue aug 2019     475            423            370            
22 thu aug 2019     465            566            786            
24 sat aug 2019     221            081            710            
26 mon aug 2019     751            132            110            
28 wed aug 2019     014            160            292            
30 fri aug 2019     643            254            297            
01 sun sep 2019     559            949            636            
03 tue sep 2019     285            915 (19)       984            
05 thu sep 2019     824            292            878            
07 sat sep 2019     428            329            739            
09 mon sep 2019     002            586            578            
11 wed sep 2019     905            764            437            
13 fri sep 2019     758            930            797            
15 sun sep 2019     376            369            479            
17 tue sep 2019     180            592            175            
19 thu sep 2019     305            705            420            
21 sat sep 2019     376            685            066            
23 mon sep 2019     034            537            733            
25 wed sep 2019     478            547            412            
27 fri sep 2019     857            475            146            
29 sun sep 2019     119 (19)       377            773            
01 tue oct 2019     467            103            732            
03 thu oct 2019     548            484            664            
05 sat oct 2019     214            483            599            
07 mon oct 2019     588            483            225            
09 wed oct 2019     346            923            392            
11 fri oct 2019     154            799            586            
13 sun oct 2019     431            184            275            
15 tue oct 2019     613            612            595            
17 thu oct 2019     399            375            681            
19 sat oct 2019     247            721            667            
21 mon oct 2019     941 (19)       741            027            
23 wed oct 2019     037            160            396            
25 fri oct 2019     013            490            843            
27 sun oct 2019     906            229            011            
29 tue oct 2019     259            059            114            
31 thu oct 2019     704            465            440            
02 sat nov 2019     532            277            576            
04 mon nov 2019     219 (19)       704            317            
06 wed nov 2019     167            167            999            
08 fri nov 2019     513            689            991 (19)       
10 sun nov 2019     788            696            248            
12 tue nov 2019     797            124            931 (19)       
14 thu nov 2019     726            046            977            
16 sat nov 2019     310            456            244            
18 mon nov 2019     963            785            608            
20 wed nov 2019     146            510            438            


gap: 2
25 tue jun 2019     966            653            695            
28 fri jun 2019     893            691 (19)       518            
01 mon jul 2019     189 (19)       303            310            
04 thu jul 2019     424            781            931 (19)       
07 sun jul 2019     428            044            007            
10 wed jul 2019     179 (19)       223            951 (19)       
13 sat jul 2019     804            282            165            
16 tue jul 2019     097            001            607            
19 fri jul 2019     427            641            279            
22 mon jul 2019     241            759            148            
25 thu jul 2019     248            184            864            
28 sun jul 2019     748            993            783            
31 wed jul 2019     938            626            031            
03 sat aug 2019     682            720            175            
06 tue aug 2019     487            536            865            
09 fri aug 2019     232            769            468            
12 mon aug 2019     880            780            222            
15 thu aug 2019     280            371            047            
18 sun aug 2019     273            726            466            
21 wed aug 2019     807            369            164            
24 sat aug 2019     221            081            710            
27 tue aug 2019     441            396            645            
30 fri aug 2019     643            254            297            
02 mon sep 2019     650            261            591 (19)       
05 thu sep 2019     824            292            878            
08 sun sep 2019     705            794            181            
11 wed sep 2019     905            764            437            
14 sat sep 2019     587            894            531            
17 tue sep 2019     180            592            175            
20 fri sep 2019     387            717            840            
23 mon sep 2019     034            537            733            
26 thu sep 2019     103            333            681            
29 sun sep 2019     119 (19)       377            773            
02 wed oct 2019     539            545            024            
05 sat oct 2019     214            483            599            
08 tue oct 2019     475            344            559            
11 fri oct 2019     154            799            586            
14 mon oct 2019     476            135            111            
17 thu oct 2019     399            375            681            
20 sun oct 2019     564            144            254            
23 wed oct 2019     037            160            396            
26 sat oct 2019     255            219 (19)       942            
29 tue oct 2019     259            059            114            
01 fri nov 2019     244            485            374            
04 mon nov 2019     219 (19)       704            317            
07 thu nov 2019     578            358            141            
10 sun nov 2019     788            696            248            
13 wed nov 2019     946            557            973            
16 sat nov 2019     310            456            244            
19 tue nov 2019     452            762            879            


gap: 3
06 mon may 2019     307            975            796            
10 fri may 2019     185            916 (19)       335            
14 tue may 2019     427            377            553            
18 sat may 2019     004            584            918 (19)       
22 wed may 2019     843            775            184            
26 sun may 2019     030            721            913 (19)       
30 thu may 2019     471            922            155            
03 mon jun 2019     076            731            886            
07 fri jun 2019     292            084            980            
11 tue jun 2019     049            048            054            
15 sat jun 2019     754            502            071            
19 wed jun 2019     381            826            911 (19)       
23 sun jun 2019     364            518            734            
27 thu jun 2019     520            467            755            
01 mon jul 2019     189 (19)       303            310            
05 fri jul 2019     501            121            678            
09 tue jul 2019     131            079            660            
13 sat jul 2019     804            282            165            
17 wed jul 2019     564            644            625            
21 sun jul 2019     844            073            575            
25 thu jul 2019     248            184            864            
29 mon jul 2019     623            705            949            
02 fri aug 2019     841            787            261            
06 tue aug 2019     487            536            865            
10 sat aug 2019     701            982            554            
14 wed aug 2019     504            881            550            
18 sun aug 2019     273            726            466            
22 thu aug 2019     465            566            786            
26 mon aug 2019     751            132            110            
30 fri aug 2019     643            254            297            
03 tue sep 2019     285            915 (19)       984            
07 sat sep 2019     428            329            739            
11 wed sep 2019     905            764            437            
15 sun sep 2019     376            369            479            
19 thu sep 2019     305            705            420            
23 mon sep 2019     034            537            733            
27 fri sep 2019     857            475            146            
01 tue oct 2019     467            103            732            
05 sat oct 2019     214            483            599            
09 wed oct 2019     346            923            392            
13 sun oct 2019     431            184            275            
17 thu oct 2019     399            375            681            
21 mon oct 2019     941 (19)       741            027            
25 fri oct 2019     013            490            843            
29 tue oct 2019     259            059            114            
02 sat nov 2019     532            277            576            
06 wed nov 2019     167            167            999            
10 sun nov 2019     788            696            248            
14 thu nov 2019     726            046            977            
18 mon nov 2019     963            785            608            


gap: 4
13 wed mar 2019     683            554            928            
18 mon mar 2019     379            710            425            
23 sat mar 2019     234            106            733            
28 thu mar 2019     606            181            315            
02 tue apr 2019     107            507            744            
07 sun apr 2019     623            338            656            
12 fri apr 2019     741            310            847            
17 wed apr 2019     863            540            571            
26 fri apr 2019     162            356            959            
01 wed may 2019     853            110            065            
06 mon may 2019     307            975            796            
11 sat may 2019     062            446            493            
16 thu may 2019     607            524            483            
21 tue may 2019     540            548            017            
26 sun may 2019     030            721            913 (19)       
31 fri may 2019     552            986            426            
05 wed jun 2019     255            446            262            
10 mon jun 2019     574            661            028            
15 sat jun 2019     754            502            071            
20 thu jun 2019     188            489            104            
25 tue jun 2019     966            653            695            
30 sun jun 2019     756            854            835            
05 fri jul 2019     501            121            678            
10 wed jul 2019     179 (19)       223            951 (19)       
15 mon jul 2019     438            393            820            
20 sat jul 2019     760            075            646            
25 thu jul 2019     248            184            864            
30 tue jul 2019     219 (19)       475            718            
04 sun aug 2019     827            531            636            
09 fri aug 2019     232            769            468            
14 wed aug 2019     504            881            550            
19 mon aug 2019     321            188            216            
24 sat aug 2019     221            081            710            
29 thu aug 2019     134            834            846            
03 tue sep 2019     285            915 (19)       984            
08 sun sep 2019     705            794            181            
13 fri sep 2019     758            930            797            
18 wed sep 2019     159 (19)       548            338            
23 mon sep 2019     034            537            733            
28 sat sep 2019     951 (19)       671            232            
03 thu oct 2019     548            484            664            
08 tue oct 2019     475            344            559            
13 sun oct 2019     431            184            275            
18 fri oct 2019     268            678            662            
23 wed oct 2019     037            160            396            
28 mon oct 2019     299            879            754            
02 sat nov 2019     532            277            576            
07 thu nov 2019     578            358            141            
12 tue nov 2019     797            124            931 (19)       
17 sun nov 2019     846            773            777            


gap: 5
22 tue jan 2019     924            820            614            
28 mon jan 2019     156            424            000            
03 sun feb 2019     079            390            772            
09 sat feb 2019     163            341            405            
15 fri feb 2019     510            535            897            
21 thu feb 2019     203            083            795            
27 wed feb 2019     765            408            895            
05 tue mar 2019     140            332            569            
11 mon mar 2019     624            638            270            
17 sun mar 2019     921 (19)       528            215            
23 sat mar 2019     234            106            733            
29 fri mar 2019     768            121            846            
04 thu apr 2019     104            189 (19)       560            
10 wed apr 2019     524            087            019 (19)       
16 tue apr 2019     064            214            739            
26 fri apr 2019     162            356            959            
02 thu may 2019     967            604            657            
08 wed may 2019     574            407            428            
14 tue may 2019     427            377            553            
20 mon may 2019     389            675            115            
26 sun may 2019     030            721            913 (19)       
01 sat jun 2019     152            598            639            
07 fri jun 2019     292            084            980            
13 thu jun 2019     134            491 (19)       051            
19 wed jun 2019     381            826            911 (19)       
25 tue jun 2019     966            653            695            
01 mon jul 2019     189 (19)       303            310            
07 sun jul 2019     428            044            007            
13 sat jul 2019     804            282            165            
19 fri jul 2019     427            641            279            
25 thu jul 2019     248            184            864            
31 wed jul 2019     938            626            031            
06 tue aug 2019     487            536            865            
12 mon aug 2019     880            780            222            
18 sun aug 2019     273            726            466            
24 sat aug 2019     221            081            710            
30 fri aug 2019     643            254            297            
05 thu sep 2019     824            292            878            
11 wed sep 2019     905            764            437            
17 tue sep 2019     180            592            175            
23 mon sep 2019     034            537            733            
29 sun sep 2019     119 (19)       377            773            
05 sat oct 2019     214            483            599            
11 fri oct 2019     154            799            586            
17 thu oct 2019     399            375            681            
23 wed oct 2019     037            160            396            
29 tue oct 2019     259            059            114            
04 mon nov 2019     219 (19)       704            317            
10 sun nov 2019     788            696            248            
16 sat nov 2019     310            456            244            


gap: 6
01 sat dec 2018     490            742            083            
08 sat dec 2018     616            680            763            
15 sat dec 2018     972            468            117            
22 sat dec 2018     489            202            640            
30 sun dec 2018     868            703            733            
07 mon jan 2019     871            450            405            
14 mon jan 2019     864            518            287            
21 mon jan 2019     057            288            803            
28 mon jan 2019     156            424            000            
04 mon feb 2019     399            049            302            
11 mon feb 2019     616            995            405            
18 mon feb 2019     311            468            568            
25 mon feb 2019     538            753            181            
04 mon mar 2019     861            546            529            
11 mon mar 2019     624            638            270            
18 mon mar 2019     379            710            425            
25 mon mar 2019     968            927            617            
01 mon apr 2019     886            833            663            
08 mon apr 2019     627            013            020            
15 mon apr 2019     272            570            240            
26 fri apr 2019     162            356            959            
03 fri may 2019     878            716            214            
10 fri may 2019     185            916 (19)       335            
17 fri may 2019     764            914 (19)       661            
24 fri may 2019     877            267            233            
31 fri may 2019     552            986            426            
07 fri jun 2019     292            084            980            
14 fri jun 2019     615            512            482            
21 fri jun 2019     305            114            691 (19)       
28 fri jun 2019     893            691 (19)       518            
05 fri jul 2019     501            121            678            
12 fri jul 2019     875            818            716            
19 fri jul 2019     427            641            279            
26 fri jul 2019     156            929            935            
02 fri aug 2019     841            787            261            
09 fri aug 2019     232            769            468            
16 fri aug 2019     022            905            415            
23 fri aug 2019     795            241            883            
30 fri aug 2019     643            254            297            
06 fri sep 2019     401            426            411            
13 fri sep 2019     758            930            797            
20 fri sep 2019     387            717            840            
27 fri sep 2019     857            475            146            
04 fri oct 2019     624            642            144            
11 fri oct 2019     154            799            586            
18 fri oct 2019     268            678            662            
25 fri oct 2019     013            490            843            
01 fri nov 2019     244            485            374            
08 fri nov 2019     513            689            991 (19)       
15 fri nov 2019     892            484            434            


gap: 7
12 fri oct 2018     094            240            486            
20 sat oct 2018     975            250            316            
28 sun oct 2018     453            942            150            
05 mon nov 2018     079            156            725            
13 tue nov 2018     034            774            242            
21 wed nov 2018     299            112            327            
29 thu nov 2018     016            258            631            
07 fri dec 2018     184            949            063            
15 sat dec 2018     972            468            117            
23 sun dec 2018     264            159 (19)       704            
02 wed jan 2019     382            245            220            
10 thu jan 2019     898            294            650            
18 fri jan 2019     768            804            507            
26 sat jan 2019     069            673            225            
03 sun feb 2019     079            390            772            
11 mon feb 2019     616            995            405            
19 tue feb 2019     157            831            327            
27 wed feb 2019     765            408            895            
07 thu mar 2019     087            008            507            
15 fri mar 2019     041            557            389            
23 sat mar 2019     234            106            733            
31 sun mar 2019     487            955            071            
08 mon apr 2019     627            013            020            
16 tue apr 2019     064            214            739            
28 sun apr 2019     690            462            406            
06 mon may 2019     307            975            796            
14 tue may 2019     427            377            553            
22 wed may 2019     843            775            184            
30 thu may 2019     471            922            155            
07 fri jun 2019     292            084            980            
15 sat jun 2019     754            502            071            
23 sun jun 2019     364            518            734            
01 mon jul 2019     189 (19)       303            310            
09 tue jul 2019     131            079            660            
17 wed jul 2019     564            644            625            
25 thu jul 2019     248            184            864            
02 fri aug 2019     841            787            261            
10 sat aug 2019     701            982            554            
18 sun aug 2019     273            726            466            
26 mon aug 2019     751            132            110            
03 tue sep 2019     285            915 (19)       984            
11 wed sep 2019     905            764            437            
19 thu sep 2019     305            705            420            
27 fri sep 2019     857            475            146            
05 sat oct 2019     214            483            599            
13 sun oct 2019     431            184            275            
21 mon oct 2019     941 (19)       741            027            
29 tue oct 2019     259            059            114            
06 wed nov 2019     167            167            999            
14 thu nov 2019     726            046            977            


gap: 8
23 thu aug 2018     503            855            541            
01 sat sep 2018     280            830            656            
10 mon sep 2018     570            335            540            
19 wed sep 2018     773            711            260            
28 fri sep 2018     038            174            019 (19)       
07 sun oct 2018     679            088            068            
16 tue oct 2018     028            524            772            
25 thu oct 2018     528            087            563            
03 sat nov 2018     817            410            953            
12 mon nov 2018     933            049            259            
21 wed nov 2018     299            112            327            
30 fri nov 2018     484            731            682            
09 sun dec 2018     723            167            763            
18 tue dec 2018     897            304            844            
28 fri dec 2018     591 (19)       433            653            
07 mon jan 2019     871            450            405            
16 wed jan 2019     329            967            715            
25 fri jan 2019     888            953            902            
03 sun feb 2019     079            390            772            
12 tue feb 2019     328            041            480            
21 thu feb 2019     203            083            795            
02 sat mar 2019     911 (19)       368            369            
11 mon mar 2019     624            638            270            
20 wed mar 2019     257            481            538            
29 fri mar 2019     768            121            846            
07 sun apr 2019     623            338            656            
16 tue apr 2019     064            214            739            
29 mon apr 2019     261            036            083            
08 wed may 2019     574            407            428            
17 fri may 2019     764            914 (19)       661            
26 sun may 2019     030            721            913 (19)       
04 tue jun 2019     886            856            155            
13 thu jun 2019     134            491 (19)       051            
22 sat jun 2019     861            116            241            
01 mon jul 2019     189 (19)       303            310            
10 wed jul 2019     179 (19)       223            951 (19)       
19 fri jul 2019     427            641            279            
28 sun jul 2019     748            993            783            
06 tue aug 2019     487            536            865            
15 thu aug 2019     280            371            047            
24 sat aug 2019     221            081            710            
02 mon sep 2019     650            261            591 (19)       
11 wed sep 2019     905            764            437            
20 fri sep 2019     387            717            840            
29 sun sep 2019     119 (19)       377            773            
08 tue oct 2019     475            344            559            
17 thu oct 2019     399            375            681            
26 sat oct 2019     255            219 (19)       942            
04 mon nov 2019     219 (19)       704            317            
13 wed nov 2019     946            557            973            


gap: 9
04 wed jul 2018     739            085            077            
14 sat jul 2018     804            033            434            
24 tue jul 2018     636            110            944            
03 fri aug 2018     578            936            837            
13 mon aug 2018     283            682            915 (19)       
23 thu aug 2018     503            855            541            
02 sun sep 2018     579            396            154            
12 wed sep 2018     513            471            229            
22 sat sep 2018     705            667            009            
02 tue oct 2018     221            858            295            
12 fri oct 2018     094            240            486            
22 mon oct 2018     001            009            153            
01 thu nov 2018     544            992            335            
11 sun nov 2018     814            272            458            
21 wed nov 2018     299            112            327            
01 sat dec 2018     490            742            083            
11 tue dec 2018     764            563            286            
21 fri dec 2018     609            672            506            
02 wed jan 2019     382            245            220            
12 sat jan 2019     762            943            020            
22 tue jan 2019     924            820            614            
01 fri feb 2019     922            642            456            
11 mon feb 2019     616            995            405            
21 thu feb 2019     203            083            795            
03 sun mar 2019     735            401            941 (19)       
13 wed mar 2019     683            554            928            
23 sat mar 2019     234            106            733            
02 tue apr 2019     107            507            744            
12 fri apr 2019     741            310            847            
26 fri apr 2019     162            356            959            
06 mon may 2019     307            975            796            
16 thu may 2019     607            524            483            
26 sun may 2019     030            721            913 (19)       
05 wed jun 2019     255            446            262            
15 sat jun 2019     754            502            071            
25 tue jun 2019     966            653            695            
05 fri jul 2019     501            121            678            
15 mon jul 2019     438            393            820            
25 thu jul 2019     248            184            864            
04 sun aug 2019     827            531            636            
14 wed aug 2019     504            881            550            
24 sat aug 2019     221            081            710            
03 tue sep 2019     285            915 (19)       984            
13 fri sep 2019     758            930            797            
23 mon sep 2019     034            537            733            
03 thu oct 2019     548            484            664            
13 sun oct 2019     431            184            275            
23 wed oct 2019     037            160            396            
02 sat nov 2019     532            277            576            
12 tue nov 2019     797            124            931 (19)       


gap: 10
15 tue may 2018     519 (19)       945            475            
26 sat may 2018     668            007            112            
06 wed jun 2018     701            951 (19)       130            
17 sun jun 2018     798            224            476            
28 thu jun 2018     495            837            534            
09 mon jul 2018     369            848            749            
20 fri jul 2018     831            998            506            
31 tue jul 2018     677            243            152            
11 sat aug 2018     757            154            873            
22 wed aug 2018     098            219 (19)       120            
02 sun sep 2018     579            396            154            
13 thu sep 2018     994            807            684            
24 mon sep 2018     145            523            095            
05 fri oct 2018     920            621            656            
16 tue oct 2018     028            524            772            
27 sat oct 2018     749            758            487            
07 wed nov 2018     850            921 (19)       423            
18 sun nov 2018     322            187            248            
29 thu nov 2018     016            258            631            
10 mon dec 2018     400            130            254            
21 fri dec 2018     609            672            506            
03 thu jan 2019     398            249            969            
14 mon jan 2019     864            518            287            
25 fri jan 2019     888            953            902            
05 tue feb 2019     649            196 (19)       738            
16 sat feb 2019     299            971 (19)       751            
27 wed feb 2019     765            408            895            
10 sun mar 2019     724            421            562            
21 thu mar 2019     227            876            960            
01 mon apr 2019     886            833            663            
12 fri apr 2019     741            310            847            
27 sat apr 2019     495            288            580            
08 wed may 2019     574            407            428            
19 sun may 2019     130            913 (19)       288            
30 thu may 2019     471            922            155            
10 mon jun 2019     574            661            028            
21 fri jun 2019     305            114            691 (19)       
02 tue jul 2019     158            996            563            
13 sat jul 2019     804            282            165            
24 wed jul 2019     217            178            089            
04 sun aug 2019     827            531            636            
15 thu aug 2019     280            371            047            
26 mon aug 2019     751            132            110            
06 fri sep 2019     401            426            411            
17 tue sep 2019     180            592            175            
28 sat sep 2019     951 (19)       671            232            
09 wed oct 2019     346            923            392            
20 sun oct 2019     564            144            254            
31 thu oct 2019     704            465            440            
11 mon nov 2019     967            383            044            


