updated: 25 sat may 2019 1

473
328
926
841
730
959
564
047
886
752
027
085
620
737
529
170
869
996
807
818
386
619
468
926
402
453
134
790
640
790
052
632
820
525
403
126
150
139
601
513
368
059
253
887
907
460
692
535
001
811
835
648
387
827
204
113
945
368
504
678
133
054
042
567
977
246
737
413
184
827
794
301
339
263
323
232
811
871
753
506
760
628
250
819
548
976
516
411
430
541
594
559
170
888
740
776
918
097
987
681
720
138
006
659
417
183
033
363
880
765
410
573
527
396
048
127
626
237
864
678
402
831
967
389
611
661
032
892
551
066
139
415
246
422
934
323
288
204
124
624
306
478
869
237
254
231
589
713
993
339
254
520
886
905
453
462
011
408
754
495
470
534
896
696
001
565
468
101
760
947
337
640
201
152
732
353
833
162
800
606
266
627
380
992
458
023
491
028
317
287
198
872
835
460
648
602
015
162
421
421
444
623
638
731
965
740
825
824
408
947
156
752
169
666
952
294
397
170
739
336
163
505
023
114
810
876
385
440
943
036
976
783
816
616
546
660
611
682
939
783
680
682
937
017
318
849
526
102
725
497
700
220
396
749
653
923
825
787
657
163
043
331
663
374
421
583
970
184
073
499
902
410
425
425
446
156
887
351
439
280
536
184
224
176
426
088
631
012
083
721
223
287
379
356
597
661
264
998
507
971
371
748
987
839
709
518
352
809
364
637
088
279
278
286
895
241
022
287
839
419
211
474
025
814
167
845
651
751
315
595
124
228
359
639
416
013
133
714
773
788
153
426
833
350
749
868
346
277
995
542
782
216
045
582
670
260
534
217
426
535
975
955
933
462
817
064
933
976
156
077
148
433
980
058
964
440
812
176
665
272
552
886
601
760
997
414
988
056
223
803
211
838
386
004
940
773
522
960
554
878
268
228
213
046
860
033
926
910
896
957
346
832
591
786
884
455
050
333
777
987
613
679
688
191
186
546
833
708
302
830
143
037
090
142
158
025
825
998
230
668
817
568
991
739
526
032
871
675
612
741
591
414
794
269
877
715
389
225
193
249
660
754
436
272
714
771
148
361
654
660
825
957
819
755
303
357
839
689
762
913
354
546
985
824
948
132
713
549
959
719
296
975
257
198
651
195
221
704
596
651
754
637
367
163
173
217
784
470
531
573
557
723
461
790
013
805
839
443
036
850
157
858
696
972
041
307
170
129
466
001
419
372
560
548
362
341
199
155
230
357
813
423
697
119
238
652
214
661
405
943
898
532
097
637
344
681
777
287
129
615
047
616
058
076
302
063
376
435
691
778
278
094
992
955
044
020
847
479
762
121
063
332
271
158
644
014
738
829
684
876
159
886
688
011
259
115
740
525
838
132
856
778
201
169
409
915
481
415
299
619
989
361
915
285
187
227
784
884
950
603
585
688
035
221
301
272
108
253
245
666
975
724
704
766
834
019
628
364
935
154
426
367
411
877
793
211
941
594
827
296
818
270
385
779
989
436
280
628
213
320
382
397
671
500
300
804
048
834
431
572
384
345
900
793
719
040
143
773
582
422
341
747
617
350
618
787
388
735
751
833
465
689
481
244
310
009
347
906
138
028
026
369
976
569
669
503
384
941
604
615
514
338
045
769
685
152
107
598
262
219
155
480
620
208
867
402
440
080
257
797
516
088
454
108
541
561
525
765
034
611
283
376
723
302
177
510
069
623
204
458
940
693
358
973
945
486
707
330
035
878
066
147
302
518
568
463
657
208
137
109
394
669
569
722
044
282
976
694
178
302
292
898
131
913
059
471
468
318
837
544
246
786
657
944
901
129
032
315
090
212
119
972
608
807
047
826
307
955
035
301
790
474
124
021
271
688
317
303
566
331
908
561
963
078
726
002
757
933
916
700
554
636
187
258
378
944
498
291
519
478
414
150
474
131
361
150
146
716
750
982
063
093
471
318
923
513
918
359
655
057
652
299
402
975
229
573
630
016
381
167
549
072
917
771
726
159
643
877
031
115
170
553
536
492
674
243
928
466
763
920
982
188
564
244
474
373
376
272
186
268
040
679
767
999
750
910
594
420
472
439
606
278
164
057
320
810
449
414
676
544
591
175
730
654
420
047
691
480
971
465
789
916
675
300
989
957
106
969
373
223
331
026
488
756
324
461
095
121
703
468
746
598
397
667
098
071
802
794
372
163
960
588
877
169
026
570
057
619
068
080
702
552
820
387
551
252
237
744
443
275
682
571
069
151
661
491
000
706
898
235
201
260
367
696
798
481
853
127
392
722
805
264
324
915
139
170
335
313
480
497
580
711
860
972
631
986
944
478
447
825
871
664
518
171
679
995
159
214
923
511
338
008
884
933
469
637
001
838
459
133
733
235
175
160
495
748
563
713
519
859
947
130
359
384
849
111
639
062
369
191
124
908
583
646
183
825
956
862
734
213
397
042
372
446
910
971
859
584
823
986
657
798
636
305
845
939
886
936
426
307
684
543
194
001
480
215
743
445
132
618
394
626
507
074
318
711
051
601
879
860
155
106
980
046
847
217
379
038
867
096
160
874
257
079
936
609
272
676
654
255
099
528
199
580
283
124
463
047
853
856
750
989
173
889
654
296
721
969
717
197
582
418
138
204
187
657
757
761
745
845
708
875
035
977
737
879
160
221
204
449
282
137
211
731
802
871
276
709
389
775
699
273
824
440
676
389
021
343
706
200
366
264
407
925
949
434
182
709
426
043
862
103
697
386
126
427
031
224
986
638
108
776
249
314
448
615
519
389
826
852
113
425
520
996
157
786
414
944
176
538
711
982
837
690
657
864
098
061
041
969
925
247
941
492
050
744
475
806
525
737
563
332
658
076
948
317
658
248
458
060
603
672
529
584
487
255
063
749
993
354
048
616
282
885
057
968
481
191
905
756
437
025
245
822
009
915
684
699
587
032
064
975
292
399
047
051
251
229
389
943
542
405
510
185
861
415
097
952
447
078
433
325
184
608
552
873
744
463
912
835
757
345
357
288
066
860
235
662
066
514
705
245
816
658
012
875
178
429
049
845
324
547
847
953
099
523
678
724
103
497
193
560
562
785
886
283
334
545
932
226
106
800
443
481
314
987
650
312
767
974
193
226
082
564
810
964
847
898
452
607
346
866
256
147
039
418
755
306
714
407
011
297
452
684
429
558
378
818
419
798
676
189
346
616
591
678
203
034
248
023
142
131
192
281
428
720
326
220
744
113
209
812
568
328
200
704
763
847
368
130
271
837
618
598
611
267
325
665
091
303
807
420
607
023
411
021
006
597
471
218
528
286
595
889
959
586
055
865
322
464
780
943
104
780
863
206
356
998
856
291
106
322
477
358
932
699
850
794
130
153
459
918
062
603
925
134
538
608
451
157
607
923
489
989
715
182
320
460
230
557
441
052
209
944
791
418
062
969
989
453
791
269
615
605
284
586
104
103
486
014
153
077
818
107
774
169
081
720
513
389
613
363
624
277
860
994
330
481
380
826
752
030
649
433
638
261
213
471
858
778
644
081
835
119
947
055
893
769
218
161
921
651
982
432
858
138
723
808
205
207
884
973
325
143
398
672
698
232
256
924
039
270
971
623
264
615
480
108
666
768
245
703
368
677
482
386
225
221
312
352
433
743
623
606
943
444
675
187
830
662
654
588
558
249
966
115
776
496
183
508
309
791
475
511
396
099
708
590
498
980
941
528
936
233
734
025
