004 (4)
011 (2)
014 (5)
019 (10)
026 (8)
033 (6)
034 (7)
035 (8)
045 (9)
047 (11)
049 (13)
112 (4)
115 (7)
119 (11)
124 (7)
126 (9)
128 (11)
129 (12)
135 (9)
145 (10)
146 (11)
149 (14)
158 (14)
224 (8)
225 (9)
228 (12)
229 (13)
237 (12)
239 (14)
248 (14)
249 (15)
255 (12)
258 (15)
259 (16)
267 (15)
268 (16)
289 (19)
299 (20)
335 (11)
337 (13)
346 (13)
347 (14)
349 (16)
355 (13)
357 (15)
358 (16)
359 (17)
378 (18)
379 (19)
446 (14)
449 (17)
456 (15)
457 (16)
458 (17)
459 (18)
556 (16)
558 (18)
559 (19)
567 (18)
568 (19)
589 (22)
599 (23)
889 (25)
