001 (3)
003 (3)
004 (3)
007 (4)
008 (3)
012 (7)
013 (4)
014 (7)
015 (7)
016 (3)
017 (7)
018 (10)
019 (3)
022 (3)
023 (7)
025 (6)
026 (9)
027 (12)
028 (3)
029 (9)
035 (3)
036 (4)
037 (6)
038 (6)
039 (5)
046 (6)
047 (10)
048 (11)
049 (8)
056 (3)
057 (12)
058 (10)
059 (3)
068 (9)
069 (7)
077 (3)
078 (9)
079 (7)
089 (3)
114 (3)
118 (3)
124 (9)
126 (5)
127 (3)
129 (3)
134 (6)
135 (5)
136 (3)
137 (4)
138 (3)
139 (3)
145 (16)
146 (6)
148 (10)
149 (7)
156 (5)
157 (9)
158 (4)
159 (5)
167 (7)
168 (3)
169 (5)
178 (5)
179 (7)
188 (6)
189 (6)
227 (7)
229 (4)
237 (9)
239 (8)
245 (3)
246 (3)
247 (9)
248 (8)
249 (9)
256 (3)
257 (7)
258 (4)
259 (7)
267 (5)
268 (8)
278 (13)
299 (3)
335 (4)
345 (12)
346 (4)
347 (8)
349 (4)
357 (11)
358 (4)
367 (3)
368 (10)
377 (3)
378 (9)
379 (3)
388 (3)
389 (9)
446 (3)
456 (11)
457 (3)
458 (3)
467 (4)
468 (4)
469 (6)
477 (3)
478 (3)
479 (14)
489 (3)
557 (3)
567 (8)
568 (3)
569 (7)
577 (3)
578 (3)
588 (8)
589 (4)
669 (3)
677 (3)
678 (8)
679 (4)
689 (3)
778 (3)
779 (3)
789 (3)
799 (3)


Top combi for each number: 
058 (7)
057 (8)
479 (7)


Top 3 combi for all numbers:
278 (13)
479 (14)
145 (16)


Top pairs for each numbers:
08 (31)
07 (45)
27 (35)


Top 3 pairs for all numbers:
14 (82)
02 (84)
07 (87)
