gap: 1
15 thu aug 2019     280            371            047            
17 sat aug 2019     301            958            323            
19 mon aug 2019     321            188            216            
21 wed aug 2019     807            369            164            
23 fri aug 2019     795            241            883 (88)       
25 sun aug 2019     082            086            952            
27 tue aug 2019     441            396            645            
29 thu aug 2019     134            834            846            
31 sat aug 2019     403            296            522            
02 mon sep 2019     650            261            591            
04 wed sep 2019     436            883 (88)       512            
06 fri sep 2019     401            426            411            
08 sun sep 2019     705            794            181 (18)       
10 tue sep 2019     221            545            835            
12 thu sep 2019     811 (18)       119            607            
14 sat sep 2019     587            894            531            
16 mon sep 2019     139            821 (18)       486            
18 wed sep 2019     159            548            338            
20 fri sep 2019     387            717            840            
22 sun sep 2019     479            720            216            
24 tue sep 2019     091            321            729            
26 thu sep 2019     103            333            681 (18)       
28 sat sep 2019     951            671            232            
30 mon sep 2019     526            931            904            
02 wed oct 2019     539            545            024            
04 fri oct 2019     624            642            144            
06 sun oct 2019     931            388 (88)       562            
08 tue oct 2019     475            344            559            
10 thu oct 2019     386            041            917            
12 sat oct 2019     346            386            327            
14 mon oct 2019     476            135            111            
16 wed oct 2019     531            332            756            
18 fri oct 2019     268            678            662            
20 sun oct 2019     564            144            254            
22 tue oct 2019     921            585            208            
24 thu oct 2019     932            226            182 (18)       
26 sat oct 2019     255            219            942            
28 mon oct 2019     299            879            754            
30 wed oct 2019     471            964            464            
01 fri nov 2019     244            485            374            
03 sun nov 2019     504            821 (18)       337            
05 tue nov 2019     439            767            211            
07 thu nov 2019     578            358            141            
09 sat nov 2019     017            944            660            
11 mon nov 2019     967            383            044            
13 wed nov 2019     946            557            973            
15 fri nov 2019     892            484            434            
17 sun nov 2019     846            773            777            
19 tue nov 2019     452            762            879            
21 thu nov 2019     906            364            211            


gap: 2
26 wed jun 2019     807            670            170            
29 sat jun 2019     194            472            482            
02 tue jul 2019     158 (18)       996            563            
05 fri jul 2019     501            121            678            
08 mon jul 2019     259            845            109            
11 thu jul 2019     254            515            005            
14 sun jul 2019     157            064            390            
17 wed jul 2019     564            644            625            
20 sat jul 2019     760            075            646            
23 tue jul 2019     304            582            534            
26 fri jul 2019     156            929            935            
29 mon jul 2019     623            705            949            
01 thu aug 2019     234            640            170            
04 sun aug 2019     827            531            636            
07 wed aug 2019     711            958            876            
10 sat aug 2019     701            982            554            
13 tue aug 2019     970            523            735            
16 fri aug 2019     022            905            415            
19 mon aug 2019     321            188            216            
22 thu aug 2019     465            566            786            
25 sun aug 2019     082            086            952            
28 wed aug 2019     014            160            292            
31 sat aug 2019     403            296            522            
03 tue sep 2019     285            915            984            
06 fri sep 2019     401            426            411            
09 mon sep 2019     002            586            578            
12 thu sep 2019     811 (18)       119            607            
15 sun sep 2019     376            369            479            
18 wed sep 2019     159            548            338            
21 sat sep 2019     376            685            066            
24 tue sep 2019     091            321            729            
27 fri sep 2019     857            475            146            
30 mon sep 2019     526            931            904            
03 thu oct 2019     548            484            664            
06 sun oct 2019     931            388 (88)       562            
09 wed oct 2019     346            923            392            
12 sat oct 2019     346            386            327            
15 tue oct 2019     613            612            595            
18 fri oct 2019     268            678            662            
21 mon oct 2019     941            741            027            
24 thu oct 2019     932            226            182 (18)       
27 sun oct 2019     906            229            011            
30 wed oct 2019     471            964            464            
02 sat nov 2019     532            277            576            
05 tue nov 2019     439            767            211            
08 fri nov 2019     513            689            991            
11 mon nov 2019     967            383            044            
14 thu nov 2019     726            046            977            
17 sun nov 2019     846            773            777            
20 wed nov 2019     146            510            438            


gap: 3
07 tue may 2019     526            391            705            
11 sat may 2019     062            446            493            
15 wed may 2019     103            561            837            
19 sun may 2019     130            913            288 (88)       
23 thu may 2019     485            718 (18)       545            
27 mon may 2019     514            350            557            
31 fri may 2019     552            986            426            
04 tue jun 2019     886 (88)       856            155            
08 sat jun 2019     178 (18)       162            055            
12 wed jun 2019     349            927            061            
16 sun jun 2019     849            303            542            
20 thu jun 2019     188            489            104            
24 mon jun 2019     199            707            720            
28 fri jun 2019     893            691            518 (18)       
02 tue jul 2019     158 (18)       996            563            
06 sat jul 2019     780            422            217            
10 wed jul 2019     179            223            951            
14 sun jul 2019     157            064            390            
18 thu jul 2019     118 (18)       507            691            
22 mon jul 2019     241            759            148 (18)       
26 fri jul 2019     156            929            935            
30 tue jul 2019     219            475            718 (18)       
03 sat aug 2019     682            720            175            
07 wed aug 2019     711            958            876            
11 sun aug 2019     150            401            840            
15 thu aug 2019     280            371            047            
19 mon aug 2019     321            188            216            
23 fri aug 2019     795            241            883 (88)       
27 tue aug 2019     441            396            645            
31 sat aug 2019     403            296            522            
04 wed sep 2019     436            883 (88)       512            
08 sun sep 2019     705            794            181 (18)       
12 thu sep 2019     811 (18)       119            607            
16 mon sep 2019     139            821 (18)       486            
20 fri sep 2019     387            717            840            
24 tue sep 2019     091            321            729            
28 sat sep 2019     951            671            232            
02 wed oct 2019     539            545            024            
06 sun oct 2019     931            388 (88)       562            
10 thu oct 2019     386            041            917            
14 mon oct 2019     476            135            111            
18 fri oct 2019     268            678            662            
22 tue oct 2019     921            585            208            
26 sat oct 2019     255            219            942            
30 wed oct 2019     471            964            464            
03 sun nov 2019     504            821 (18)       337            
07 thu nov 2019     578            358            141            
11 mon nov 2019     967            383            044            
15 fri nov 2019     892            484            434            
19 tue nov 2019     452            762            879            


gap: 4
14 thu mar 2019     671            276            961            
19 tue mar 2019     742            479            583            
24 sun mar 2019     702            905            236            
29 fri mar 2019     768            121            846            
03 wed apr 2019     015            054            801 (18)       
08 mon apr 2019     627            013            020            
13 sat apr 2019     907            826            585            
22 mon apr 2019     179            897            487            
27 sat apr 2019     495            288 (88)       580            
02 thu may 2019     967            604            657            
07 tue may 2019     526            391            705            
12 sun may 2019     223            491            319            
17 fri may 2019     764            914            661            
22 wed may 2019     843            775            184 (18)       
27 mon may 2019     514            350            557            
01 sat jun 2019     152            598            639            
06 thu jun 2019     726            724            160            
11 tue jun 2019     049            048            054            
16 sun jun 2019     849            303            542            
21 fri jun 2019     305            114            691            
26 wed jun 2019     807            670            170            
01 mon jul 2019     189 (18)       303            310            
06 sat jul 2019     780            422            217            
11 thu jul 2019     254            515            005            
16 tue jul 2019     097            001            607            
21 sun jul 2019     844            073            575            
26 fri jul 2019     156            929            935            
31 wed jul 2019     938            626            031            
05 mon aug 2019     563            194            249            
10 sat aug 2019     701            982            554            
15 thu aug 2019     280            371            047            
20 tue aug 2019     475            423            370            
25 sun aug 2019     082            086            952            
30 fri aug 2019     643            254            297            
04 wed sep 2019     436            883 (88)       512            
09 mon sep 2019     002            586            578            
14 sat sep 2019     587            894            531            
19 thu sep 2019     305            705            420            
24 tue sep 2019     091            321            729            
29 sun sep 2019     119            377            773            
04 fri oct 2019     624            642            144            
09 wed oct 2019     346            923            392            
14 mon oct 2019     476            135            111            
19 sat oct 2019     247            721            667            
24 thu oct 2019     932            226            182 (18)       
29 tue oct 2019     259            059            114            
03 sun nov 2019     504            821 (18)       337            
08 fri nov 2019     513            689            991            
13 wed nov 2019     946            557            973            
18 mon nov 2019     963            785            608            


gap: 5
23 wed jan 2019     552            355            150            
29 tue jan 2019     798            954            587            
04 mon feb 2019     399            049            302            
10 sun feb 2019     417            229            770            
16 sat feb 2019     299            971            751            
22 fri feb 2019     528            057            705            
28 thu feb 2019     884 (88)       788 (88)       677            
06 wed mar 2019     163            154            005            
12 tue mar 2019     657            918 (18)       926            
18 mon mar 2019     379            710            425            
24 sun mar 2019     702            905            236            
30 sat mar 2019     159            299            436            
05 fri apr 2019     138 (18)       100            702            
11 thu apr 2019     890            046            704            
17 wed apr 2019     863            540            571            
27 sat apr 2019     495            288 (88)       580            
03 fri may 2019     878 (88)       716            214            
09 thu may 2019     469            932            885 (88)       
15 wed may 2019     103            561            837            
21 tue may 2019     540            548            017            
27 mon may 2019     514            350            557            
02 sun jun 2019     378            724            197            
08 sat jun 2019     178 (18)       162            055            
14 fri jun 2019     615            512            482            
20 thu jun 2019     188            489            104            
26 wed jun 2019     807            670            170            
02 tue jul 2019     158 (18)       996            563            
08 mon jul 2019     259            845            109            
14 sun jul 2019     157            064            390            
20 sat jul 2019     760            075            646            
26 fri jul 2019     156            929            935            
01 thu aug 2019     234            640            170            
07 wed aug 2019     711            958            876            
13 tue aug 2019     970            523            735            
19 mon aug 2019     321            188            216            
25 sun aug 2019     082            086            952            
31 sat aug 2019     403            296            522            
06 fri sep 2019     401            426            411            
12 thu sep 2019     811 (18)       119            607            
18 wed sep 2019     159            548            338            
24 tue sep 2019     091            321            729            
30 mon sep 2019     526            931            904            
06 sun oct 2019     931            388 (88)       562            
12 sat oct 2019     346            386            327            
18 fri oct 2019     268            678            662            
24 thu oct 2019     932            226            182 (18)       
30 wed oct 2019     471            964            464            
05 tue nov 2019     439            767            211            
11 mon nov 2019     967            383            044            
17 sun nov 2019     846            773            777            


gap: 6
02 sun dec 2018     502            712            516            
09 sun dec 2018     723            167            763            
16 sun dec 2018     486            300            613            
23 sun dec 2018     264            159            704            
31 mon dec 2018     517            976            928            
08 tue jan 2019     874            139            167            
15 tue jan 2019     188            667            960            
22 tue jan 2019     924            820            614            
29 tue jan 2019     798            954            587            
05 tue feb 2019     649            196            738            
12 tue feb 2019     328            041            480            
19 tue feb 2019     157            831 (18)       327            
26 tue feb 2019     152            956            087            
05 tue mar 2019     140            332            569            
12 tue mar 2019     657            918 (18)       926            
19 tue mar 2019     742            479            583            
26 tue mar 2019     357            393            629            
02 tue apr 2019     107            507            744            
09 tue apr 2019     837            173            943            
16 tue apr 2019     064            214            739            
27 sat apr 2019     495            288 (88)       580            
04 sat may 2019     725            490            574            
11 sat may 2019     062            446            493            
18 sat may 2019     004            584            918 (18)       
25 sat may 2019     734            025            935            
01 sat jun 2019     152            598            639            
08 sat jun 2019     178 (18)       162            055            
15 sat jun 2019     754            502            071            
22 sat jun 2019     861 (18)       116            241            
29 sat jun 2019     194            472            482            
06 sat jul 2019     780            422            217            
13 sat jul 2019     804            282            165            
20 sat jul 2019     760            075            646            
27 sat jul 2019     444            082            907            
03 sat aug 2019     682            720            175            
10 sat aug 2019     701            982            554            
17 sat aug 2019     301            958            323            
24 sat aug 2019     221            081 (18)       710            
31 sat aug 2019     403            296            522            
07 sat sep 2019     428            329            739            
14 sat sep 2019     587            894            531            
21 sat sep 2019     376            685            066            
28 sat sep 2019     951            671            232            
05 sat oct 2019     214            483            599            
12 sat oct 2019     346            386            327            
19 sat oct 2019     247            721            667            
26 sat oct 2019     255            219            942            
02 sat nov 2019     532            277            576            
09 sat nov 2019     017            944            660            
16 sat nov 2019     310            456            244            


gap: 7
13 sat oct 2018     044            491            161            
21 sun oct 2018     226            656            264            
29 mon oct 2018     695            262            695            
06 tue nov 2018     371            859            261            
14 wed nov 2018     761            280            926            
22 thu nov 2018     839            495            364            
30 fri nov 2018     484            731            682            
08 sat dec 2018     616            680            763            
16 sun dec 2018     486            300            613            
24 mon dec 2018     026            801 (18)       428            
03 thu jan 2019     398            249            969            
11 fri jan 2019     393            674            703            
19 sat jan 2019     375            874            144            
27 sun jan 2019     882 (88)       451            287            
04 mon feb 2019     399            049            302            
12 tue feb 2019     328            041            480            
20 wed feb 2019     806            332            685            
28 thu feb 2019     884 (88)       788 (88)       677            
08 fri mar 2019     384            726            780            
16 sat mar 2019     259            556            600            
24 sun mar 2019     702            905            236            
01 mon apr 2019     886 (88)       833            663            
09 tue apr 2019     837            173            943            
17 wed apr 2019     863            540            571            
29 mon apr 2019     261            036            083            
07 tue may 2019     526            391            705            
15 wed may 2019     103            561            837            
23 thu may 2019     485            718 (18)       545            
31 fri may 2019     552            986            426            
08 sat jun 2019     178 (18)       162            055            
16 sun jun 2019     849            303            542            
24 mon jun 2019     199            707            720            
02 tue jul 2019     158 (18)       996            563            
10 wed jul 2019     179            223            951            
18 thu jul 2019     118 (18)       507            691            
26 fri jul 2019     156            929            935            
03 sat aug 2019     682            720            175            
11 sun aug 2019     150            401            840            
19 mon aug 2019     321            188            216            
27 tue aug 2019     441            396            645            
04 wed sep 2019     436            883 (88)       512            
12 thu sep 2019     811 (18)       119            607            
20 fri sep 2019     387            717            840            
28 sat sep 2019     951            671            232            
06 sun oct 2019     931            388 (88)       562            
14 mon oct 2019     476            135            111            
22 tue oct 2019     921            585            208            
30 wed oct 2019     471            964            464            
07 thu nov 2019     578            358            141            
15 fri nov 2019     892            484            434            


gap: 8
24 fri aug 2018     459            123            945            
02 sun sep 2018     579            396            154            
11 tue sep 2018     812 (18)       404            254            
20 thu sep 2018     747            502            228            
29 sat sep 2018     553            844            192            
08 mon oct 2018     077            569            603            
17 wed oct 2018     102            487            338            
26 fri oct 2018     706            240            889 (88)       
04 sun nov 2018     310            063            613            
13 tue nov 2018     034            774            242            
22 thu nov 2018     839            495            364            
01 sat dec 2018     490            742            083            
10 mon dec 2018     400            130            254            
19 wed dec 2018     098            691            543            
29 sat dec 2018     157            303            626            
08 tue jan 2019     874            139            167            
17 thu jan 2019     377            835            480            
26 sat jan 2019     069            673            225            
04 mon feb 2019     399            049            302            
13 wed feb 2019     683            076            145            
22 fri feb 2019     528            057            705            
03 sun mar 2019     735            401            941            
12 tue mar 2019     657            918 (18)       926            
21 thu mar 2019     227            876            960            
30 sat mar 2019     159            299            436            
08 mon apr 2019     627            013            020            
17 wed apr 2019     863            540            571            
30 tue apr 2019     243            294            597            
09 thu may 2019     469            932            885 (88)       
18 sat may 2019     004            584            918 (18)       
27 mon may 2019     514            350            557            
05 wed jun 2019     255            446            262            
14 fri jun 2019     615            512            482            
23 sun jun 2019     364            518 (18)       734            
02 tue jul 2019     158 (18)       996            563            
11 thu jul 2019     254            515            005            
20 sat jul 2019     760            075            646            
29 mon jul 2019     623            705            949            
07 wed aug 2019     711            958            876            
16 fri aug 2019     022            905            415            
25 sun aug 2019     082            086            952            
03 tue sep 2019     285            915            984            
12 thu sep 2019     811 (18)       119            607            
21 sat sep 2019     376            685            066            
30 mon sep 2019     526            931            904            
09 wed oct 2019     346            923            392            
18 fri oct 2019     268            678            662            
27 sun oct 2019     906            229            011            
05 tue nov 2019     439            767            211            
14 thu nov 2019     726            046            977            


gap: 9
05 thu jul 2018     275            780            163            
15 sun jul 2018     756            385            051            
25 wed jul 2018     487            679            960            
04 sat aug 2018     834            248            396            
14 tue aug 2018     705            572            715            
24 fri aug 2018     459            123            945            
03 mon sep 2018     286            576            906            
13 thu sep 2018     994            807            684            
23 sun sep 2018     991            258            027            
03 wed oct 2018     302            930            960            
13 sat oct 2018     044            491            161            
23 tue oct 2018     364            466            664            
02 fri nov 2018     501            455            050            
12 mon nov 2018     933            049            259            
22 thu nov 2018     839            495            364            
02 sun dec 2018     502            712            516            
12 wed dec 2018     321            917            733            
22 sat dec 2018     489            202            640            
03 thu jan 2019     398            249            969            
13 sun jan 2019     923            682            385            
23 wed jan 2019     552            355            150            
02 sat feb 2019     576            698            037            
12 tue feb 2019     328            041            480            
22 fri feb 2019     528            057            705            
04 mon mar 2019     861 (18)       546            529            
14 thu mar 2019     671            276            961            
24 sun mar 2019     702            905            236            
03 wed apr 2019     015            054            801 (18)       
13 sat apr 2019     907            826            585            
27 sat apr 2019     495            288 (88)       580            
07 tue may 2019     526            391            705            
17 fri may 2019     764            914            661            
27 mon may 2019     514            350            557            
06 thu jun 2019     726            724            160            
16 sun jun 2019     849            303            542            
26 wed jun 2019     807            670            170            
06 sat jul 2019     780            422            217            
16 tue jul 2019     097            001            607            
26 fri jul 2019     156            929            935            
05 mon aug 2019     563            194            249            
15 thu aug 2019     280            371            047            
25 sun aug 2019     082            086            952            
04 wed sep 2019     436            883 (88)       512            
14 sat sep 2019     587            894            531            
24 tue sep 2019     091            321            729            
04 fri oct 2019     624            642            144            
14 mon oct 2019     476            135            111            
24 thu oct 2019     932            226            182 (18)       
03 sun nov 2019     504            821 (18)       337            
13 wed nov 2019     946            557            973            


gap: 10
16 wed may 2018     546            830            378            
27 sun may 2018     385            178 (18)       411            
07 thu jun 2018     925            569            250            
18 mon jun 2018     852            322            704            
29 fri jun 2018     311            714            613            
10 tue jul 2018     711            286            233            
21 sat jul 2018     502            778            553            
01 wed aug 2018     345            801 (18)       386            
12 sun aug 2018     701            228            774            
23 thu aug 2018     503            855            541            
03 mon sep 2018     286            576            906            
14 fri sep 2018     019            421            801 (18)       
25 tue sep 2018     656            731            571            
06 sat oct 2018     467            365            564            
17 wed oct 2018     102            487            338            
28 sun oct 2018     453            942            150            
08 thu nov 2018     765            826            063            
19 mon nov 2018     605            249            536            
30 fri nov 2018     484            731            682            
11 tue dec 2018     764            563            286            
22 sat dec 2018     489            202            640            
04 fri jan 2019     952            371            019            
15 tue jan 2019     188            667            960            
26 sat jan 2019     069            673            225            
06 wed feb 2019     578            808 (88)       695            
17 sun feb 2019     444            934            555            
28 thu feb 2019     884 (88)       788 (88)       677            
11 mon mar 2019     624            638            270            
22 fri mar 2019     581 (18)       154            764            
02 tue apr 2019     107            507            744            
13 sat apr 2019     907            826            585            
28 sun apr 2019     690            462            406            
09 thu may 2019     469            932            885 (88)       
20 mon may 2019     389            675            115            
31 fri may 2019     552            986            426            
11 tue jun 2019     049            048            054            
22 sat jun 2019     861 (18)       116            241            
03 wed jul 2019     349            352            174            
14 sun jul 2019     157            064            390            
25 thu jul 2019     248            184 (18)       864            
05 mon aug 2019     563            194            249            
16 fri aug 2019     022            905            415            
27 tue aug 2019     441            396            645            
07 sat sep 2019     428            329            739            
18 wed sep 2019     159            548            338            
29 sun sep 2019     119            377            773            
10 thu oct 2019     386            041            917            
21 mon oct 2019     941            741            027            
01 fri nov 2019     244            485            374            
12 tue nov 2019     797            124            931            


