gap: 1
04 mon nov 2019     219 (12)       704 (11)       317 (11)       
06 wed nov 2019     167 (14)       167 (14)       999 (27)       
08 fri nov 2019     513 (9)        689 (23)       991 (19)       


gap: 2
01 fri nov 2019     244 (10)       485 (17)       374 (14)       
04 mon nov 2019     219 (12)       704 (11)       317 (11)       
07 thu nov 2019     578 (20)       358 (16)       141 (6)        


gap: 3
29 tue oct 2019     259 (16)       059 (14)       114 (6)        
02 sat nov 2019     532 (10)       277 (16)       576 (18)       
06 wed nov 2019     167 (14)       167 (14)       999 (27)       


gap: 4
26 sat oct 2019     255 (12)       219 (12)       942 (15)       
31 thu oct 2019     704 (11)       465 (15)       440 (8)        
05 tue nov 2019     439 (16)       767 (20)       211 (4)        


gap: 5
23 wed oct 2019     037 (10)       160 (7)        396 (18)       
29 tue oct 2019     259 (16)       059 (14)       114 (6)        
04 mon nov 2019     219 (12)       704 (11)       317 (11)       


gap: 6
20 sun oct 2019     564 (15)       144 (9)        254 (11)       
27 sun oct 2019     906 (15)       229 (13)       011 (2)        
03 sun nov 2019     504 (9)        821 (11)       337 (13)       


gap: 7
17 thu oct 2019     399 (21)       375 (15)       681 (15)       
25 fri oct 2019     013 (4)        490 (13)       843 (15)       
02 sat nov 2019     532 (10)       277 (16)       576 (18)       


gap: 8
14 mon oct 2019     476 (17)       135 (9)        111 (3)        
23 wed oct 2019     037 (10)       160 (7)        396 (18)       
01 fri nov 2019     244 (10)       485 (17)       374 (14)       


gap: 9
11 fri oct 2019     154 (10)       799 (25)       586 (19)       
21 mon oct 2019     941 (14)       741 (12)       027 (9)        
31 thu oct 2019     704 (11)       465 (15)       440 (8)        


gap: 10
08 tue oct 2019     475 (16)       344 (11)       559 (19)       
19 sat oct 2019     247 (13)       721 (10)       667 (19)       
30 wed oct 2019     471 (12)       964 (19)       464 (14)       


