PROBABLES:

date: 10 tue sep 2019
time_combi:
11am:
377, 037, 277, 
027, 179, 348, 
134, 468, 146, 
357, 345, 348, 
004, 017, 047, 
379, 679


4pm:
148, 178, 169, 
469, 559, 255, 
589, 258, 357, 
035, 126, 129, 
378, 126, 046, 
049, 779, 079, 
466, 469, 337, 
033, 039, 023, 
367, 379


9pm:
337, 367, 033, 
036, 266, 349, 
469, 039, 069, 
179, 127, 036, 
336



common_combi:
367 (2), 337 (2), 348 (2), 
379 (2), 357 (2), 039 (2), 
033 (2), 036 (2), 126 (2), 
179 (2), 469 (3)



date: 11 wed sep 2019
time_combi:
11am:
079, 379, 077, 
377, 007, 037, 
188, 118, 228, 
134, 137, 478, 
147, 148, 448, 
038, 267, 589, 
889, 159, 189, 
035, 038, 056, 
068


4pm:
012, 015, 018, 
011, 369, 156, 
469, 259, 289, 
559, 589, 668, 
689, 349, 489, 
017, 017, 047


9pm:
458, 168, 116, 
046, 049, 346, 
349, 167, 034, 
369, 128, 158, 
248, 458, 799, 
279, 279, 227, 
034, 777, 077, 
077, 007, 378, 
355, 358, 199



common_combi:
038 (2), 458 (2), 349 (2), 
589 (2), 369 (2), 034 (2), 
279 (2), 077 (3), 017 (2), 
007 (2)



date: 12 thu sep 2019
time_combi:
11am:
277, 027, 577, 
057, 067, 006, 
156, 168, 029, 
022, 679, 799, 
267, 279, 368, 
668, 136, 166, 
026, 189, 489, 
128, 248, 459, 
245, 489, 248, 
358


4pm:
447, 026, 038, 
147, 177, 269, 
156, 159, 478, 
478, 339, 156, 
469, 499, 178, 
478, 117, 147


9pm:
178, 337, 367, 
026, 177, 257, 
025, 457, 005, 
008, 035, 038, 
003, 049



common_combi:
038 (2), 489 (2), 248 (2), 
177 (2), 026 (3), 478 (3), 
156 (3), 178 (2), 147 (2)



date: 13 fri sep 2019
time_combi:
11am:
379, 007, 679, 
267, 069, 026, 
159, 026, 056, 
679, 799, 267, 
279, 268, 368, 
349, 379, 234, 
237, 458, 145, 
488, 148, 055, 
058


4pm:
018, 138, 048, 
348, 157, 013, 
016, 117, 147, 
057, 049, 079, 
349, 379, 358, 
568, 079, 027, 
379, 237, 379, 
237, 477, 047, 
799, 689, 268, 
899, 289, 348, 
134, 038, 578


9pm:
088, 018, 388, 
138, 006, 036, 
066, 366, 069, 
369, 015, 018, 
349, 234, 048, 
014, 078, 017, 
356, 189, 119



common_combi:
026 (2), 018 (3), 679 (2), 
069 (2), 268 (2), 237 (3), 
348 (2), 138 (2), 048 (2), 
799 (2), 267 (2), 379 (5), 
349 (3), 079 (2), 234 (2)



date: 14 sat sep 2019
time_combi:
11am:
078, 137, 079, 
118, 111, 139, 
578, 058, 157, 
347, 013, 348, 
378, 134, 137, 
026, 056


4pm:
137, 347, 013, 
034, 145, 157, 
004, 248, 278, 
013, 779, 277, 
079, 027, 023


9pm:
345, 249, 279, 
247, 457, 024, 
045, 159, 189, 
125, 128, 668, 
166, 235, 238, 
168, 146, 149, 
446, 449, 025, 
028, 027, 237, 
337, 367, 247, 
277, 024, 027



common_combi:
277 (2), 137 (3), 347 (2), 
013 (3), 027 (3), 247 (2), 
024 (2), 157 (2), 079 (2)



date: 15 sun sep 2019
time_combi:
11am:
267, 458, 488, 
026, 056, 029, 
059, 189, 489


4pm:
016, 019, 136, 
139, 255, 139, 
169, 149, 449, 
139, 169, 123, 
126, 999, 299, 
127, 288, 588, 
128, 158, 026, 
056, 779, 028, 
677, 488


9pm:
339, 369, 178, 
117, 156, 159, 
679, 267, 558, 
134, 112, 115



common_combi:
026 (2), 056 (2), 488 (2), 
139 (3), 169 (2), 267 (2)



date: 16 mon sep 2019
time_combi:
11am:
339, 028, 177, 
017, 599, 259, 
899, 289, 048, 
158, 458, 369, 
399, 236, 239


4pm:
226, 229, 368, 
048, 115, 589, 
889, 258, 288, 
269, 299, 569, 
599, 299, 468, 
489


9pm:
037, 003, 445, 
448, 233, 335, 
258, 558, 035, 
077, 168, 116, 
468, 146, 358, 
135, 167, 358



common_combi:
358 (2), 599 (2), 299 (2), 
048 (2), 258 (2), 468 (2)



date: 17 tue sep 2019
time_combi:
11am:
667, 159, 189, 
048, 348, 046, 
335, 338, 469, 
246, 778, 177, 
489, 166, 169, 
036, 336


4pm:
126, 129, 057, 
357, 005, 035, 
239, 149, 179, 
269, 159, 155, 
159, 479, 789, 
179, 068


9pm:
258, 558, 125, 
155, 168, 489, 
248, 568, 688, 
358, 135, 236, 
356, 266, 566, 
266, 269, 268, 
126, 289, 129, 
123, 135, 559, 
589, 034, 334, 
005, 468, 345, 
357



common_combi:
135 (2), 269 (2), 005 (2), 
155 (2), 489 (2), 357 (2), 
159 (3), 129 (2), 266 (2), 
126 (2), 179 (2)



date: 18 wed sep 2019
time_combi:
11am:
078, 017, 236, 
239, 266, 269, 
255, 258, 119, 
479, 002


4pm:
249, 299, 229, 
344, 347, 349, 
378, 299, 229, 
349, 379, 679, 
146, 167, 366, 
369, 155, 158


9pm:
138, 168, 348, 
468, 247, 134, 
148, 448, 016, 
136, 266, 135, 
138, 125, 128, 
245, 248, 035, 
469



common_combi:
229 (2), 349 (2), 299 (2), 
138 (2), 266 (2)



date: 19 thu sep 2019
time_combi:
11am:
238, 369, 399, 
339, 369, 369, 
669, 369, 236, 
669, 266, 458, 
237, 023, 267, 
026, 045, 289, 
589, 337, 367, 
369, 399


4pm:
267, 279, 567, 
579, 147, 014, 
347, 034, 579, 
257, 016, 388, 
688, 778, 177, 
269, 056, 356, 
068, 368, 047


9pm:
337, 367, 134, 
347, 024, 027, 
189, 119, 123, 
234, 688, 168, 
116, 468, 146, 
178, 478, 236, 
356, 266, 566



common_combi:
236 (2), 337 (2), 347 (2), 
688 (2), 669 (2), 399 (2), 
267 (2), 266 (2), 369 (5), 
579 (2), 356 (2), 367 (2)



date: 20 fri sep 2019
time_combi:
11am:
277, 077, 007, 
377, 037, 245, 
455, 248, 458, 
059, 359, 089, 
389, 789, 278, 
335, 338, 356, 
368, 008, 038, 
148, 114, 269


4pm:
258, 125, 137, 
347, 257, 025, 
239, 037, 067, 
025, 258, 558, 
477, 047, 266, 
167


9pm:
233, 335, 048, 
348, 348, 468, 
268, 126, 048, 
348, 558, 155, 
356, 077, 377, 
359, 015, 018, 
113, 247, 457



common_combi:
377 (2), 558 (2), 359 (2), 
348 (3), 048 (2), 025 (2), 
335 (2), 258 (2), 077 (2), 
356 (2), 037 (2)



date: 21 sat sep 2019
time_combi:
11am:
056, 166, 169, 
288, 588, 458, 
024, 027, 045, 
057, 369, 236, 
669, 266, 049, 
349


4pm:
026, 059, 359, 
139, 169, 123, 
126, 178, 478, 
237, 023, 148, 
178, 114, 117, 
245, 057, 005, 
357, 035, 116, 
457, 045


9pm:
156, 456, 159, 
459, 359, 599, 
259, 148, 448, 
007, 037, 178, 
256, 259, 158, 
568, 223, 235



common_combi:
359 (2), 169 (2), 259 (2), 
045 (2), 057 (2), 178 (3), 
148 (2)



date: 22 sun sep 2019
time_combi:
11am:
556, 177, 477, 
348, 134, 468, 
146, 278, 147, 
447, 158, 188, 
079, 255, 258, 
137, 013, 468, 
489, 245, 248


4pm:
034, 037, 345, 
377, 037, 337, 
128, 569, 256, 
599, 259, 027, 
248, 278, 399, 
239, 146, 259, 
489, 026, 056, 
236, 356, 279, 
257, 278


9pm:
479, 049, 247, 
024, 358, 135, 
335, 356, 669, 
266, 223, 235, 
068, 368, 248, 
458, 025, 028, 
226, 256, 229, 
259, 556, 068, 
016, 368, 136



common_combi:
278 (3), 368 (2), 489 (2), 
259 (3), 037 (2), 256 (2), 
146 (2), 068 (2), 248 (3), 
356 (2), 556 (2), 468 (2)



date: 23 mon sep 2019
time_combi:
11am:
467, 046, 677, 
067, 039, 339, 
699, 269, 588, 
158, 028, 127, 
157, 044, 047, 
478, 147, 388


4pm:
247, 024, 117, 
011, 147, 014, 
159, 149, 179, 
146, 158, 128, 
248, 258, 689


9pm:
256, 024, 027, 
345, 348, 347, 
377, 034, 037, 
188, 118, 118, 
111, 347, 066, 
069, 257, 025, 
367, 667, 007, 
339, 233



common_combi:
158 (2), 339 (2), 347 (2), 
118 (2), 024 (2), 147 (2)



date: 24 tue sep 2019
time_combi:
11am:
046, 048, 589, 
889, 258, 288, 
179, 479, 799, 
279, 247, 457, 
599, 259, 899, 
289, 255, 555, 
258, 558, 335, 
338, 356, 368, 
478, 048, 189, 
458, 145, 578, 
157, 138, 113, 
446


4pm:
459, 489, 247, 
024, 027, 018, 
048, 138, 348, 
277, 577, 369, 
399, 039, 023, 
149, 449, 359, 
569, 477, 058


9pm:
236, 266, 239, 
269, 256, 259, 
556, 559, 268, 
126, 034, 334, 
015, 257, 268, 
126, 259, 289, 
568, 688, 156, 
168



common_combi:
048 (3), 259 (3), 289 (2), 
268 (2), 138 (2), 247 (2), 
258 (2), 126 (2)



date: 25 wed sep 2019
time_combi:
11am:
468, 146, 066, 
366, 047, 077, 
004, 007, 388, 
459, 044, 047, 
034, 334, 078, 
378, 039, 339, 
138, 168


4pm:
139, 039, 236, 
356, 256, 259, 
037, 337, 003, 
033, 149, 449, 
148, 569, 256, 
026, 468, 447, 
044, 477, 047, 
467, 479, 179, 
127


9pm:
145, 445, 148, 
448, 009, 039, 
347, 377, 467, 
677, 068, 368, 
016, 136, 569, 
134, 069, 369, 
779



common_combi:
148 (2), 039 (3), 047 (3), 
569 (2), 256 (2), 467 (2), 
044 (2), 468 (2)



date: 26 thu sep 2019
time_combi:
11am:
228, 258, 359, 
389, 569, 689, 
357, 078, 378, 
267, 026, 137, 
167, 457, 045, 
289, 228, 048, 
348


4pm:
478, 048, 348, 
268, 126, 018, 
138, 334, 346, 
002, 149, 169, 
469, 479, 247, 
779, 277, 125, 
245, 136, 166, 
157, 015, 457, 
045


9pm:
227, 022, 568, 
556, 559, 238, 
268, 025, 055, 
049, 024, 079, 
027, 779, 335, 
356, 338, 368, 
135, 138, 027, 
237



common_combi:
348 (2), 268 (2), 138 (2), 
228 (2), 048 (2), 779 (2), 
045 (2), 457 (2), 027 (2)



date: 27 fri sep 2019
time_combi:
11am:
167, 169, 257, 
226, 256, 019, 
139, 359, 389, 
147, 258, 125, 
558, 155, 388, 
077, 377, 156, 
159, 456, 459, 
589, 889, 159, 
189


4pm:
147, 057, 005, 
357, 035, 367, 
127, 012, 057, 
357, 005, 035, 
377, 168, 125, 
179, 479, 237, 
357, 249, 279, 
035, 056, 335, 
356, 037, 067, 
089, 028, 359, 
147, 177, 014, 
017, 688, 168, 
368, 136


9pm:
457, 478, 045, 
048, 268, 568, 
005, 338, 368, 
005, 246, 249, 
067, 258, 558, 
125, 155, 347, 
034, 008, 001, 
058, 168, 116, 
468, 146, 269, 
368, 668, 136, 
166, 123, 234



common_combi:
155 (2), 377 (2), 558 (2), 
159 (2), 125 (3), 035 (3), 
359 (2), 067 (2), 249 (2), 
168 (3), 147 (3), 258 (2), 
057 (2), 357 (3), 005 (4), 
136 (2), 368 (3)



date: 28 sat sep 2019
time_combi:
11am:
247, 348, 134, 
034, 146, 146, 
029, 239, 279, 
688, 168, 179, 
248, 458, 699, 
269, 255, 555, 
258, 558, 247, 
139, 268, 027, 
127, 012, 157, 
015, 046


4pm:
149, 449, 235, 
256, 058, 115, 
448, 478


9pm:
247, 019, 113, 
134, 134, 344, 
246, 456, 034, 
037, 149, 449, 
179, 479, 155, 
455, 034



common_combi:
134 (3), 247 (3), 149 (2), 
449 (2), 146 (2), 034 (3), 
179 (2)



date: 29 sun sep 2019
time_combi:
11am:
238, 268, 699, 
269, 068, 368, 
469, 499, 227, 
257, 136, 346, 
588, 158


4pm:
389, 246, 026, 
159, 058, 358, 
146, 035, 056, 
458, 488, 178


9pm:
477, 047, 489, 
458, 257, 025, 
557, 055, 148, 
038, 269, 199, 
129, 129, 122, 
169, 469, 023, 
233



common_combi:
269 (2), 458 (2), 129 (2), 
257 (2), 469 (2)



date: 30 mon sep 2019
time_combi:
11am:
249, 015, 045, 
556, 078, 378, 
017, 137, 148, 
178, 178, 149, 
179, 056, 356


4pm:
236, 266, 337, 
126, 129, 058, 
088, 066, 366, 
002, 005, 026, 
029, 014, 377, 
677, 157, 178, 
015, 018


9pm:
246, 249, 368, 
668, 007, 037, 
357, 157, 017, 
047, 258, 338, 
368, 689, 268, 
135, 138, 007, 
037, 009, 039



common_combi:
368 (2), 015 (2), 249 (2), 
178 (3), 017 (2), 007 (2), 
157 (2), 037 (2)



date: 01 tue oct 2019
time_combi:
11am:
055, 355, 058, 
358, 366, 034, 
334, 037, 337, 
369, 669, 368, 
389, 237, 357, 
468, 489


4pm:
057, 357, 269, 
237, 128, 129, 
255, 258, 258, 
125, 118, 148, 
177, 017, 559, 
255, 589, 258, 
569, 256, 599, 
259, 016, 349, 
379, 367, 379, 
667, 679, 069, 
026


9pm:
477, 047, 248, 
458, 278, 578, 
024, 027, 557, 
055, 199, 339, 
369, 066, 366, 
069, 369, 011, 
669, 266, 699, 
269, 359, 578, 
157



common_combi:
269 (2), 237 (2), 069 (2), 
055 (2), 578 (2), 379 (2), 
369 (3), 357 (2), 258 (3), 
255 (2), 669 (2), 366 (2)



date: 02 wed oct 2019
time_combi:
11am:
344, 446, 347, 
467, 228, 258, 
049, 349, 359, 
569, 378, 137, 
268, 279, 799, 
279, 137, 347, 
167, 467, 078, 
136, 346, 166, 
466, 119, 568, 
269, 226, 117, 
147, 011, 014, 
488, 788


4pm:
138, 348, 168, 
468, 267, 026, 
369, 669, 236, 
266, 039, 339, 
335, 356, 269, 
379, 679, 018, 
011, 048, 014, 
269, 029, 239, 
089, 559, 255, 
456, 459, 468, 
489, 007, 037


9pm:
019, 156, 168, 
347, 034, 034, 
037, 249, 147, 
447, 268, 126, 
177, 258, 288, 
125, 128, 047



common_combi:
168 (2), 011 (2), 268 (2), 
147 (2), 269 (3), 279 (2), 
014 (2), 034 (2), 467 (2), 
258 (2), 037 (2), 347 (3), 
137 (2), 468 (2)



date: 03 thu oct 2019
time_combi:
11am:
236, 356, 266, 
566, 139, 169, 
077, 377, 048, 
348, 499, 799, 
249, 279, 456, 
567, 379, 268, 
126, 289, 129, 
145, 148, 249, 
279, 078, 255, 
258, 036, 039


4pm:
048, 348, 599, 
116, 119, 146, 
149, 017, 137, 
001, 013, 119, 
149, 247, 024, 
148, 178, 378, 
049, 349, 079, 
379, 457, 045, 
116


9pm:
468, 489, 146, 
149, 178, 117, 
148, 014, 044, 
017, 047, 457, 
577, 158, 458, 
068, 368, 458, 
368, 136



common_combi:
368 (2), 148 (3), 458 (2), 
348 (2), 457 (2), 379 (2), 
116 (2), 119 (2), 279 (2), 
048 (2), 249 (2), 146 (2), 
149 (3), 017 (2), 178 (2)



date: 04 fri oct 2019
time_combi:
11am:
348, 134, 344, 
446, 347, 467, 
035, 335, 038, 
338, 069, 066, 
366, 128, 569, 
599, 177, 477, 
017, 047, 078, 
378, 237, 357, 
267, 567, 345, 
456, 357, 567, 
155, 019


4pm:
247, 056, 356, 
059, 359, 255, 
258, 268, 126, 
227, 022, 335, 
338, 356, 368, 
158, 115, 458, 
145, 038, 068, 
015, 045, 379, 
237, 679, 267, 
259, 468, 489


9pm:
237, 267, 255, 
258, 128, 158, 
255, 258, 358, 
047, 077, 347, 
377, 357, 035, 
147, 447, 017, 
047, 149, 077, 
016, 246, 458, 
226, 256, 229, 
259



common_combi:
038 (2), 567 (2), 255 (3), 
338 (2), 458 (2), 158 (2), 
357 (3), 017 (2), 237 (3), 
035 (2), 335 (2), 077 (2), 
356 (2), 128 (2), 047 (3), 
347 (2), 258 (3), 259 (2), 
267 (3)



date: 05 sat oct 2019
time_combi:
11am:
356, 158, 258, 
128, 248, 159, 
029, 239, 168, 
189, 468, 489, 
145, 148, 456, 
567, 335, 338, 
356, 368


4pm:
167, 047, 347, 
028, 238, 058, 
358, 246, 027, 
128, 127, 012, 
149, 004, 369, 
669, 236, 266, 
158, 458, 116, 
147, 257, 557, 
278, 578, 589, 
258, 889, 288, 
257, 025, 158, 
115


9pm:
146, 446, 146, 
149, 478, 088, 
018, 018, 011, 
046, 067, 346, 
367, 168, 116, 
358, 047, 004, 
027, 058, 358, 
247, 457, 266, 
269, 348, 268, 
126, 568, 156



common_combi:
168 (2), 058 (2), 257 (2), 
149 (2), 358 (3), 047 (2), 
128 (2), 116 (2), 018 (2), 
004 (2), 258 (2), 146 (2), 
158 (3), 266 (2), 027 (2), 
356 (2)



date: 06 sun oct 2019
time_combi:
11am:
245, 257, 455, 
557, 445, 448, 
078, 017, 267, 
279, 179, 157, 
015, 356


4pm:
377, 037, 038, 
338, 389, 348, 
126, 129, 068, 
066, 366, 069, 
369, 046, 346


9pm:
146, 137, 347, 
167, 467, 255, 
246, 249, 138, 
348, 466, 469, 
159, 056, 068, 
357, 248, 158, 
115, 266, 455, 
147, 014



common_combi:
348 (2), 068 (2), 455 (2)



date: 07 mon oct 2019
time_combi:
11am:
236, 356, 266, 
566, 155, 158, 
455, 458, 247, 
277, 345, 348, 
039, 339, 459, 
489, 179, 479, 
279, 579, 235, 
238, 355, 358


4pm:
256, 259, 155, 
158, 228, 258, 
118, 148, 259, 
159, 125, 155, 
158, 158, 115, 
147, 014


9pm:
145, 157, 457, 
337, 058, 007, 
000, 037, 003, 
349, 234, 067, 
367, 006, 036, 
358, 169, 469, 
368, 668



common_combi:
158 (4), 358 (2), 259 (2), 
155 (3)



date: 08 tue oct 2019
time_combi:
11am:
466, 049, 349, 
448, 144, 446, 
277, 027, 169, 
237, 267, 357, 
567, 569, 256, 
678


4pm:
147, 338, 368, 
147, 447, 129, 
249, 358, 467, 
479, 226, 229, 
038, 157, 457, 
178, 478, 377, 
037, 003, 033, 
138, 113


9pm:
045, 235, 256, 
238, 268, 118, 
148, 147, 014, 
124, 145, 244, 
445, 337, 367, 
077, 377, 349, 
379, 266, 566, 
135, 138, 058



common_combi:
349 (2), 377 (2), 138 (2), 
256 (2), 147 (3)



date: 09 wed oct 2019
time_combi:
11am:
446, 467, 026, 
056, 139, 169, 
239, 168, 189, 
278, 127, 056, 
059, 458, 145, 
255, 555, 258, 
558, 066, 366


4pm:
136, 166, 139, 
169, 136, 166, 
146, 149, 257, 
025, 148, 048, 
014, 049, 349, 
026, 117, 147, 
046, 049, 008


9pm:
237, 267, 259, 
258, 149, 449, 
179, 479, 057, 
158



common_combi:
026 (2), 149 (2), 056 (2), 
139 (2), 166 (2), 169 (2), 
258 (2), 136 (2), 049 (2)



date: 10 thu oct 2019
time_combi:
11am:
455, 045, 446, 
059, 078, 378, 
558, 155, 077, 
377, 677, 067, 
079, 379, 067, 
367, 079, 379, 
046, 346, 049, 
349, 257, 289, 
228


4pm:
248, 158, 458, 
347, 147, 156, 
456, 159, 459, 
159, 459, 334, 
337, 468, 016, 
136, 019, 139, 
378, 137, 012, 
025, 119, 149, 
128, 158, 357, 
035, 056


9pm:
158, 458, 469, 
226, 256, 229, 
259, 568, 137, 
013, 158, 458, 
246, 267, 127, 
133, 136, 068, 
368, 448, 224, 
245, 015, 018, 
227, 257, 077, 
377



common_combi:
158 (4), 377 (2), 159 (2), 
379 (2), 067 (2), 458 (3), 
136 (2), 459 (2), 077 (2), 
257 (2), 378 (2), 079 (2), 
137 (2)



date: 11 fri oct 2019
time_combi:
11am:
446, 467, 155, 
455, 158, 458, 
369, 669, 236, 
266, 489, 789, 
149, 179, 258, 
589, 889, 258, 
288, 346, 466, 
026, 056, 278, 
127, 578, 157, 
379, 359, 389, 
458, 145, 269, 
556


4pm:
137, 167, 048, 
348, 156, 168, 
127, 157, 237, 
267, 023, 026, 
013, 258, 125, 
116, 267, 279, 
567, 579, 037, 
337, 689, 268, 
069, 369, 099, 
399, 057, 005, 
357, 035, 116, 
119, 118, 148, 
349, 469


9pm:
268, 568, 136, 
166, 346, 466, 
467, 046, 016, 
156, 168, 345, 
456, 348, 468, 
267, 026, 238, 
358, 059, 025, 
089, 028, 668, 
166, 689, 169, 
258



common_combi:
168 (2), 458 (2), 258 (4), 
466 (2), 346 (2), 348 (2), 
268 (2), 156 (2), 116 (2), 
369 (2), 127 (2), 166 (2), 
467 (2), 026 (3), 157 (2), 
689 (2), 267 (3)



date: 12 sat oct 2019
time_combi:
11am:
045, 048, 057, 
078, 248, 124, 
278, 056, 139, 
379, 178, 366, 
369, 069, 369, 
789, 278, 336, 
366, 159, 055, 
337, 367


4pm:
257, 244, 247, 
038, 068, 338, 
368, 259, 378, 
678, 255, 019, 
012, 049, 024, 
355, 158, 339, 
279, 003, 033, 
136, 139, 135, 
156


9pm:
245, 455, 155, 
336, 339, 257, 
155, 455, 158, 
458, 469, 138, 
168, 348, 468, 
136, 346, 359, 
235, 257



common_combi:
155 (2), 158 (2), 339 (2), 
139 (2), 369 (2), 366 (2), 
136 (2), 455 (2), 336 (2), 
278 (2), 257 (3)



date: 13 sun oct 2019
time_combi:
11am:
226, 356, 566, 
228, 258, 256, 
368, 668, 136, 
166, 077, 377, 
007, 037, 246, 
456, 399, 699, 
048, 348, 014, 
134, 567, 056, 
239, 359, 269, 
569, 789, 278


4pm:
156, 168, 257, 
157, 178, 478, 
012, 015, 029, 
059, 144, 147, 
015, 159, 125, 
127, 337, 033, 
146, 167, 149, 
179, 059, 359, 
089, 389, 145, 
157, 126, 129


9pm:
346, 027, 057, 
468, 146, 489, 
258, 558, 009, 
002, 047, 077, 
347, 377, 669, 
035, 228, 258, 
357, 066, 366, 
069, 369



common_combi:
059 (2), 015 (2), 377 (2), 
359 (2), 258 (3), 228 (2), 
146 (2), 077 (2), 157 (2)



date: 14 mon oct 2019
time_combi:
11am:
055, 058, 015, 
135, 236, 356, 
266, 566, 556, 
237, 357, 559, 
255, 239, 269, 
078, 017, 256, 
008, 259, 559


4pm:
145, 157, 246, 
336, 366, 339, 
369, 239, 269, 
368, 289, 129, 
228, 122, 035, 
056, 038, 068, 
256, 359, 127, 
488, 299, 229, 
267, 567, 279, 
579, 166, 012, 
113, 116, 458, 
145


9pm:
146, 446, 236, 
266, 468, 238, 
577, 057, 237, 
335, 023, 026, 
346, 349, 223, 
357, 249, 279, 
256, 556



common_combi:
269 (2), 236 (2), 237 (2), 
239 (2), 357 (2), 279 (2), 
559 (2), 256 (3), 266 (2), 
556 (2), 145 (2)



date: 15 tue oct 2019
time_combi:
11am:
247, 239, 168, 
189, 227, 257, 
268, 126, 236, 
266, 047, 004, 
359, 235, 389, 
238, 127, 012, 
057, 169, 469, 
177, 017, 366


4pm:
047, 004, 155, 
158, 137, 167, 
058, 358, 237, 
357, 147, 138, 
113, 158, 458, 
248, 267, 015, 
139, 169, 026


9pm:
235, 355, 028, 
058, 449, 479, 
156, 456, 159, 
459, 047, 004, 
338, 447, 044, 
477, 047, 569, 
256, 689, 268, 
566, 569, 245, 
455, 068, 368, 
016, 136



common_combi:
058 (2), 158 (2), 268 (2), 
569 (2), 169 (2), 235 (2), 
004 (3), 047 (4)



date: 16 wed oct 2019
time_combi:
11am:
559, 589, 047, 
077, 455, 557, 
228, 258, 349, 
034, 046, 156, 
569, 689, 267, 
366, 369, 178, 
048, 348


4pm:
255, 258, 469, 
246, 257, 248, 
279, 119, 149, 
269, 226, 012, 
015, 245, 248, 
157, 015, 457, 
045


9pm:
146, 237, 267, 
148, 355, 358, 
046, 049, 469, 
069, 369, 246, 
249



common_combi:
015 (2), 046 (2), 369 (2), 
248 (2), 258 (2), 267 (2), 
246 (2), 469 (2)



