updated: 19 sun may 2019

70, 75
58, 83
09, 28, 82
94, 28, 17, 70, 62, 80
93, 47
61, 42, 04
72, 87
42, 04, 25, 81, 32
76
48, 26, 54, 38, 32
96, 83, 40, 38
38, 48, 19, 26
56, 05, 83, 71
05
03, 68, 36, 65, 63, 74
30, 39, 39, 63, 26
81
38, 85, 30, 82, 91, 40, 47
35, 36, 23
19, 23
45, 59
38, 60, 43
42, 38, 43, 69, 42
18, 42
50, 83, 19, 42
52, 92, 18, 04
52
47
36, 98, 63, 25
35, 35, 98, 17
45, 38, 58
35, 60, 03, 45
89, 45, 35, 38, 71, 52
18
07, 36, 29, 65, 98
12, 05, 54, 71, 65
60, 50, 37, 20
98, 74, 58, 85
05, 89, 73, 52
86, 20, 58
07, 53
85, 76, 74, 05, 03, 53, 56
54, 83
