updated: 31 thu jan 2019 1

15 wed nov 2017       660       924       727
16 thu nov 2017       645       800       330
17 fri nov 2017       165       625       881
18 sat nov 2017       663       600       087
19 sun nov 2017       268       928       432
20 mon nov 2017       969       863       866
21 tue nov 2017       579       222       059
22 wed nov 2017       491       357       939
23 thu nov 2017       176       808       174
24 fri nov 2017       179       380       720
25 sat nov 2017       709       470       555
26 sun nov 2017       261       272       014
27 mon nov 2017       913       913       060
28 tue nov 2017       836       798       992
29 wed nov 2017       524       502       999
30 thu nov 2017       810       614       643
01 fri dec 2017       756       324       432
02 sat dec 2017       663       514       001
03 sun dec 2017       685       397       485
04 mon dec 2017       703       625       857
05 tue dec 2017       568       859       442
06 wed dec 2017       541       603       956
07 thu dec 2017       647       289       264
08 fri dec 2017       816       502       657
09 sat dec 2017       530       566       500
10 sun dec 2017       949       865       867
11 mon dec 2017       688       324       945
12 tue dec 2017       112       340       964
13 wed dec 2017       100       991       649
14 thu dec 2017       787       545       838
15 fri dec 2017       877       287       039
16 sat dec 2017       621       360       053
17 sun dec 2017       184       766       794
18 mon dec 2017       507       091       316
19 tue dec 2017       469       228       709
20 wed dec 2017       984       240       147
21 thu dec 2017       576       538       407
22 fri dec 2017       296       209       851
23 sat dec 2017       696       609       470
24 sun dec 2017       259       654       454
26 tue dec 2017       813       624       901
27 wed dec 2017       944       892       698
28 thu dec 2017       360       258       297
29 fri dec 2017       397       279       129
30 sat dec 2017       132       962       525
31 sun dec 2017       063       317       878
02 tue jan 2018       951       293       832
03 wed jan 2018       392       269       949
04 thu jan 2018       791       677       332
05 fri jan 2018       373       630       124
06 sat jan 2018       929       169       000
07 sun jan 2018       924       977       623
08 mon jan 2018       331       160       459
09 tue jan 2018       638       457       889
10 wed jan 2018       644       050       257
11 thu jan 2018       771       745       163
12 fri jan 2018       002       642       491
13 sat jan 2018       808       783       372
14 sun jan 2018       081       955       048
15 mon jan 2018       859       684       610
16 tue jan 2018       473       936       175
17 wed jan 2018       892       114       524
18 thu jan 2018       855       408       285
19 fri jan 2018       598       256       664
20 sat jan 2018       346       696       927
21 sun jan 2018       322       823       683
22 mon jan 2018       254       915       353
23 tue jan 2018       291       097       852
24 wed jan 2018       721       262       185
25 thu jan 2018       161       928       070
26 fri jan 2018       912       717       256
27 sat jan 2018       487       727       464
28 sun jan 2018       369       656       882
29 mon jan 2018       914       649       215
30 tue jan 2018       082       543       257
31 wed jan 2018       439       241       606
01 thu feb 2018       871       160       673
02 fri feb 2018       351       489       654
03 sat feb 2018       106       448       631
04 sun feb 2018       208       039       770
05 mon feb 2018       344       576       925
06 tue feb 2018       284       888       384
07 wed feb 2018       529       947       038
08 thu feb 2018       943       231       925
09 fri feb 2018       336       603       436
10 sat feb 2018       247       101       634
11 sun feb 2018       068       366       035
12 mon feb 2018       165       080       869
13 tue feb 2018       926       465       392
14 wed feb 2018       206       829       397
15 thu feb 2018       128       966       186
16 fri feb 2018       767       456       595
17 sat feb 2018       286       799       878
18 sun feb 2018       470       235       011
19 mon feb 2018       630       339       937
20 tue feb 2018       515       787       902
21 wed feb 2018       155       648       669
22 thu feb 2018       276       581       179
23 fri feb 2018       684       026       460
24 sat feb 2018       478       858       489
25 sun feb 2018       859       051       106
26 mon feb 2018       468       877       958
27 tue feb 2018       857       494       303
28 wed feb 2018       066       827       416
01 thu mar 2018       101       327       558
02 fri mar 2018       399       757       863
03 sat mar 2018       358       550       023
04 sun mar 2018       299       112       240
05 mon mar 2018       254       437       188
06 tue mar 2018       226       864       041
07 wed mar 2018       860       817       880
08 thu mar 2018       933       213       588
09 fri mar 2018       004       921       362
10 sat mar 2018       701       132       407
11 sun mar 2018       613       512       965
12 mon mar 2018       515       703       766
13 tue mar 2018       713       535       831
14 wed mar 2018       445       730       555
15 thu mar 2018       387       542       353
16 fri mar 2018       860       872       836
17 sat mar 2018       239       014       058
18 sun mar 2018       420       197       438
19 mon mar 2018       174       148       041
20 tue mar 2018       406       239       130
21 wed mar 2018       899       124       052
22 thu mar 2018       400       462       149
23 fri mar 2018       096       428       659
24 sat mar 2018       946       375       103
25 sun mar 2018       632       085       564
26 mon mar 2018       078       793       651
27 tue mar 2018       842       715       148
28 wed mar 2018       144       431       784
02 mon apr 2018       188       212       440
03 tue apr 2018       396       054       224
04 wed apr 2018       162       309       186
05 thu apr 2018       482       690       934
06 fri apr 2018       987       312       989
07 sat apr 2018       726       399       477
08 sun apr 2018       232       898       518
09 mon apr 2018       618       378       275
10 tue apr 2018       618       968       755
11 wed apr 2018       742       832       708
12 thu apr 2018       378       365       564
13 fri apr 2018       718       211       481
14 sat apr 2018       564       311       939
15 sun apr 2018       182       386       142
16 mon apr 2018       976       541       732
17 tue apr 2018       776       820       118
18 wed apr 2018       945       278       460
19 thu apr 2018       912       329       248
20 fri apr 2018       316       194       404
21 sat apr 2018       876       033       832
22 sun apr 2018       816       578       456
23 mon apr 2018       388       172       980
24 tue apr 2018       361       056       183
25 wed apr 2018       474       344       185
26 thu apr 2018       128       181       965
27 fri apr 2018       704       727       668
28 sat apr 2018       091       015       361
29 sun apr 2018       674       936       561
30 mon apr 2018       443       234       529
01 tue may 2018       942       752       337
02 wed may 2018       863       919       131
03 thu may 2018       756       611       081
04 fri may 2018       577       267       302
05 sat may 2018       294       054       599
06 sun may 2018       122       552       328
07 mon may 2018       650       908       901
08 tue may 2018       130       620       557
09 wed may 2018       134       759       529
10 thu may 2018       975       842       427
11 fri may 2018       205       643       607
12 sat may 2018       610       983       943
13 sun may 2018       990       959       784
14 mon may 2018       122       006       244
15 tue may 2018       339       792       165
16 wed may 2018       303       688       767
17 thu may 2018       255       271       583
18 fri may 2018       692       950       273
19 sat may 2018       229       305       096
20 sun may 2018       451       783       075
21 mon may 2018       745       710       185
22 tue may 2018       993       783       497
23 wed may 2018       966       684       175
24 thu may 2018       064       994       176
25 fri may 2018       425       377       289
26 sat may 2018       883       056       707
27 sun may 2018       901       726       826
28 mon may 2018       828       314       303
29 tue may 2018       421       952       648
30 wed may 2018       185       281       027
31 thu may 2018       686       186       637
01 fri jun 2018       972       642       135
02 sat jun 2018       958       113       825
03 sun jun 2018       237       041       789
04 mon jun 2018       936       977       392
05 tue jun 2018       036       966       324
06 wed jun 2018       072       990       283
07 thu jun 2018       525       299       640
08 fri jun 2018       879       988       021
09 sat jun 2018       491       706       835
10 sun jun 2018       111       514       687
11 mon jun 2018       963       431       582
12 tue jun 2018       614       562       199
13 wed jun 2018       450       366       481
14 thu jun 2018       044       310       356
15 fri jun 2018       119       035       750
16 sat jun 2018       654       926       318
17 sun jun 2018       588       072       728
18 mon jun 2018       772       169       586
19 tue jun 2018       206       850       649
20 wed jun 2018       113       869       309
21 thu jun 2018       032       030       369
22 fri jun 2018       548       028       814
23 sat jun 2018       633       700       057
24 sun jun 2018       734       094       763
25 mon jun 2018       762       163       478
26 tue jun 2018       241       880       115
27 wed jun 2018       323       622       503
28 thu jun 2018       286       611       885
29 fri jun 2018       846       923       604
30 sat jun 2018       377       809       871
01 sun jul 2018       055       549       793
02 mon jul 2018       035       944       369
03 tue jul 2018       600       016       360
04 wed jul 2018       343       010       085
05 thu jul 2018       190       402       898
06 fri jul 2018       007       769       705
07 sat jul 2018       512       945       475
08 sun jul 2018       293       094       037
09 mon jul 2018       044       641       546
10 tue jul 2018       445       831       315
11 wed jul 2018       532       780       291
12 thu jul 2018       376       364       859
13 fri jul 2018       602       872       555
14 sat jul 2018       387       090       926
15 sun jul 2018       433       210       334
16 mon jul 2018       376       934       408
17 tue jul 2018       607       576       210
18 wed jul 2018       370       995       340
19 thu jul 2018       247       610       477
20 fri jul 2018       704       684       503
21 sat jul 2018       209       103       113
22 sun jul 2018       046       964       967
23 mon jul 2018       837       249       303
24 tue jul 2018       588       483       272
25 wed jul 2018       726       055       015
26 thu jul 2018       271       461       251
27 fri jul 2018       185       039       740
28 sat jul 2018       814       876       487
29 sun jul 2018       091       798       579
30 mon jul 2018       557       583       465
31 tue jul 2018       393       548       397
01 wed aug 2018       978       631       371
02 thu aug 2018       040       358       384
03 fri aug 2018       273       149       747
04 sat aug 2018       785       662       317
05 sun aug 2018       124       794       658
06 mon aug 2018       193       490       708
07 tue aug 2018       196       251       092
08 wed aug 2018       220       350       538
09 thu aug 2018       038       413       889
10 fri aug 2018       938       394       630
11 sat aug 2018       854       020       311
12 sun aug 2018       376       328       186
13 mon aug 2018       142       356       527
14 tue aug 2018       521       251       738
15 wed aug 2018       873       616       492
16 thu aug 2018       661       586       236
17 fri aug 2018       520       017       066
18 sat aug 2018       639       707       831
19 sun aug 2018       639       070       519
20 mon aug 2018       557       189       100
21 tue aug 2018       952       594       484
22 wed aug 2018       793       475       109
23 thu aug 2018       457       650       385
24 fri aug 2018       801       275       603
25 sat aug 2018       935       275       632
26 sun aug 2018       618       339       603
27 mon aug 2018       193       469       158
28 tue aug 2018       000       007       509
29 wed aug 2018       049       867       733
30 thu aug 2018       954       097       609
31 fri aug 2018       663       114       688
01 sat sep 2018       429       529       068
02 sun sep 2018       809       625       232
03 mon sep 2018       598       399       712
04 tue sep 2018       428       525       254
05 wed sep 2018       808       128       485
06 thu sep 2018       852       719       822
07 fri sep 2018       609       154       991
08 sat sep 2018       896       803       908
09 sun sep 2018       427       903       890
10 mon sep 2018       599       229       874
11 tue sep 2018       874       936       322
12 wed sep 2018       867       331       250
13 thu sep 2018       219       770       630
14 fri sep 2018       862       754       706
15 sat sep 2018       949       380       503
16 sun sep 2018       820       964       781
17 mon sep 2018       508       458       171
18 tue sep 2018       337       612       606
19 wed sep 2018       752       608       306
20 thu sep 2018       835       314       403
21 fri sep 2018       551       806       638
22 sat sep 2018       580       327       828
23 sun sep 2018       868       277       088
24 mon sep 2018       568       624       743
25 tue sep 2018       335       318       657
26 wed sep 2018       431       261       117
27 thu sep 2018       207       744       353
28 fri sep 2018       850       557       529
29 sat sep 2018       732       479       606
30 sun sep 2018       188       422       072
01 mon oct 2018       199       813       865
02 tue oct 2018       386       837       489
03 wed oct 2018       764       240       333
04 thu oct 2018       665       162       990
05 fri oct 2018       700       265       866
06 sat oct 2018       797       050       654
07 sun oct 2018       383       628       069
08 mon oct 2018       129       300       605
09 tue oct 2018       086       735       722
10 wed oct 2018       619       280       313
11 thu oct 2018       378       770       989
12 fri oct 2018       403       263       499
13 sat oct 2018       151       974       656
14 sun oct 2018       963       004       896
15 mon oct 2018       785       344       877
16 tue oct 2018       039       913       540
17 wed oct 2018       767       092       503
18 thu oct 2018       422       961       742
19 fri oct 2018       960       273       981
20 sat oct 2018       743       418       900
21 sun oct 2018       047       431       280
22 mon oct 2018       673       548       042
23 tue oct 2018       089       822       222
24 wed oct 2018       758       647       407
25 thu oct 2018       808       187       326
26 fri oct 2018       284       896       691
27 sat oct 2018       316       207       710
28 sun oct 2018       780       951       120
29 mon oct 2018       051       244       355
30 tue oct 2018       521       561       167
31 wed oct 2018       352       509       835
01 thu nov 2018       055       960       062
02 fri nov 2018       321       038       100
03 sat nov 2018       140       424       366
04 sun nov 2018       798       527       936
05 mon nov 2018       146       141       883
06 tue nov 2018       687       941       606
07 wed nov 2018       681       865       477
08 thu nov 2018       277       162       671
09 fri nov 2018       749       034       572
10 sat nov 2018       746       122       603
11 sun nov 2018       032       558       593
12 mon nov 2018       345       976       428
13 tue nov 2018       272       872       477
14 wed nov 2018       871       116       177
15 thu nov 2018       999       172       887
16 fri nov 2018       807       432       695
17 sat nov 2018       332       602       183
18 sun nov 2018       942       596       604
19 mon nov 2018       323       972       109
20 tue nov 2018       628       417       539
21 wed nov 2018       581       047       124
22 thu nov 2018       251       009       099
23 fri nov 2018       032       760       391
24 sat nov 2018       540       124       500
25 sun nov 2018       247       831       064
26 mon nov 2018       747       580       812
27 tue nov 2018       511       753       935
28 wed nov 2018       613       429       565
29 thu nov 2018       690       774       203
30 fri nov 2018       241       456       123
01 sat dec 2018       590       514       930
02 sun dec 2018       862       299       298
03 mon dec 2018       259       181       785
04 tue dec 2018       891       806       073
05 wed dec 2018       237       239       588
06 thu dec 2018       495       705       977
07 fri dec 2018       491       512       328
08 sat dec 2018       871       432       733
09 sun dec 2018       076       051       552
10 mon dec 2018       509       733       622
11 tue dec 2018       602       325       398
12 wed dec 2018       929       785       777
13 thu dec 2018       969       141       983
14 fri dec 2018       889       074       751
15 sat dec 2018       156       081       856
16 sun dec 2018       945       051       549
17 mon dec 2018       721       425       734
18 tue dec 2018       860       169       710
19 wed dec 2018       297       495       490
20 thu dec 2018       301       271       863
21 fri dec 2018       235       707       316
22 sat dec 2018       067       270       636
23 sun dec 2018       037       088       772
24 mon dec 2018       630       574       063
26 wed dec 2018       518       414       520
27 thu dec 2018       935       409       029
28 fri dec 2018       892       214       504
29 sat dec 2018       025       466       130
30 sun dec 2018       640       127       585
31 mon dec 2018       400       051       609
02 wed jan 2019       954       025       140
03 thu jan 2019       827       691       227
04 fri jan 2019       257       306       880
05 sat jan 2019       436       528       972
06 sun jan 2019       242       222       676
07 mon jan 2019       372       221       538
08 tue jan 2019       768       065       975
09 wed jan 2019       112       538       722
10 thu jan 2019       354       023       471
11 fri jan 2019       150       548       589
12 sat jan 2019       100       194       873
13 sun jan 2019       452       192       974
14 mon jan 2019       269       380       034
15 tue jan 2019       394       502       527
16 wed jan 2019       982       464       576
17 thu jan 2019       507       431       285
18 fri jan 2019       807       798       761
19 sat jan 2019       626       638       782
20 sun jan 2019       125       991       040
21 mon jan 2019       293       363       885
22 tue jan 2019       857       377       981
23 wed jan 2019       324       003       291
24 thu jan 2019       318       745       655
25 fri jan 2019       721       697       348
26 sat jan 2019       919       597       176
27 sun jan 2019       233       021       413
28 mon jan 2019       032       039       287
29 tue jan 2019       982       553       085
30 wed jan 2019       655       426       728
31 thu jan 2019       613       968