updated: 26 sun jan 2020 0

660
924
727
645
800
330
165
625
881
663
600
087
268
928
432
969
863
866
579
222
059
491
357
939
176
808
174
179
380
720
709
470
555
261
272
014
913
913
060
836
798
992
524
502
999
810
614
643
756
324
432
663
514
001
685
397
485
703
625
857
568
859
442
541
603
956
647
289
264
816
502
657
530
566
500
949
865
867
688
324
945
112
340
964
100
991
649
787
545
838
877
287
039
621
360
053
184
766
794
507
091
316
469
228
709
984
240
147
576
538
407
296
209
851
696
609
470
259
654
454
813
624
901
944
892
698
360
258
297
397
279
129
132
962
525
063
317
878
951
293
832
392
269
949
791
677
332
373
630
124
929
169
000
924
623
331
160
459
638
457
889
644
050
257
771
745
163
002
642
491
808
783
372
081
955
048
859
684
610
473
936
175
892
114
524
855
408
285
598
256
664
346
696
927
322
823
683
254
915
353
291
097
852
721
262
185
161
928
070
912
717
256
487
727
464
369
656
882
914
649
215
082
543
257
439
241
606
871
160
673
351
489
654
106
448
631
208
039
770
344
576
925
284
888
384
529
947
038
943
231
925
336
603
436
247
101
634
068
366
035
165
080
869
926
465
392
206
829
397
128
966
186
767
456
595
286
799
878
470
235
011
630
339
937
515
787
902
155
648
669
276
581
179
684
026
460
478
858
489
859
051
106
468
877
958
857
494
303
066
827
416
101
327
558
399
757
863
358
550
023
299
112
240
254
437
188
226
864
041
860
817
880
933
213
588
004
921
362
701
132
407
613
512
965
515
703
766
713
535
831
445
730
555
387
542
353
860
872
836
239
014
058
420
197
438
174
148
041
406
239
130
899
124
052
400
462
149
096
428
659
946
375
103
632
085
564
078
793
651
842
715
148
144
431
784
188
212
440
396
054
224
162
309
186
482
690
934
987
312
989
726
399
477
232
898
518
618
378
275
618
968
755
742
832
708
378
365
564
718
211
481
564
311
939
182
386
142
976
541
732
776
820
118
945
278
460
912
329
248
316
194
404
876
033
832
816
578
456
388
172
980
361
056
183
474
344
185
128
181
965
704
727
668
091
015
361
674
936
561
443
234
529
942
752
337
863
919
131
756
611
081
577
267
302
294
054
599
122
552
328
650
908
901
130
620
557
134
759
529
975
842
427
205
643
607
610
983
943
990
959
784
122
006
244
339
792
165
303
688
767
255
271
583
692
950
273
229
305
096
451
783
075
745
710
185
993
783
497
966
684
175
064
994
176
425
377
289
883
056
707
901
726
826
828
314
303
421
952
648
185
281
027
686
186
637
972
642
135
958
113
825
237
041
789
936
977
392
036
966
324
072
990
283
525
299
640
879
988
021
491
706
835
111
514
687
963
431
582
614
562
199
450
366
481
044
310
356
119
035
750
654
926
318
588
072
728
772
169
586
206
850
649
113
869
309
032
030
369
548
028
814
633
700
057
734
094
763
762
163
478
241
880
115
323
622
503
286
611
885
846
923
604
377
809
871
055
549
793
035
944
369
600
016
360
343
010
085
190
402
898
007
769
705
512
945
475
293
094
037
044
641
546
445
831
315
532
780
291
376
364
859
602
872
555
387
090
926
433
210
334
376
934
408
607
576
210
370
995
340
247
610
477
704
684
503
209
103
113
046
964
967
837
249
303
588
483
272
726
055
015
271
461
251
185
039
740
814
876
487
091
798
579
557
583
465
393
548
397
978
631
371
040
358
384
273
149
747
785
662
317
124
794
658
193
490
708
196
251
092
220
350
538
038
413
889
938
394
630
854
020
311
376
328
186
142
356
527
521
251
738
873
616
492
661
586
236
520
017
066
639
707
831
639
070
519
557
189
100
952
594
484
793
475
109
457
650
385
801
275
603
935
275
632
618
339
603
193
469
158
000
007
509
049
867
733
954
097
609
663
114
688
429
529
068
809
625
232
598
399
712
428
525
254
808
128
485
852
719
822
609
154
991
896
803
908
427
903
890
599
229
874
874
936
322
867
331
250
219
770
630
862
754
706
949
380
503
820
964
781
508
458
171
337
612
606
752
608
306
835
314
403
551
806
638
580
327
828
868
277
088
568
624
743
335
318
657
431
261
117
207
744
353
850
557
529
732
479
606
188
422
072
199
813
865
386
837
489
764
240
333
665
162
990
700
265
866
797
050
654
383
628
069
129
300
605
086
735
722
619
280
313
378
770
989
403
263
499
151
974
656
963
004
896
785
344
877
039
913
540
767
092
503
422
961
742
960
273
981
743
418
900
047
431
280
673
548
042
089
822
222
758
647
407
808
187
326
284
896
691
316
207
710
780
951
120
051
244
355
521
561
167
352
509
835
055
960
062
321
038
100
140
424
366
798
527
936
146
141
883
687
941
606
681
865
477
277
162
671
749
034
572
746
122
603
032
558
593
345
976
428
272
872
477
871
116
177
999
172
887
807
432
695
332
602
183
942
596
604
323
972
109
628
417
539
581
047
124
251
009
099
032
760
391
540
124
500
247
831
064
747
580
812
511
753
935
613
429
565
690
774
203
241
456
123
590
514
930
862
299
298
259
181
785
891
806
073
237
239
588
495
705
977
491
512
328
871
432
733
076
051
552
509
733
622
602
325
398
929
785
777
969
141
983
889
074
751
156
081
856
945
051
549
721
425
734
860
169
710
297
495
490
301
271
863
235
707
316
067
270
636
037
088
772
630
574
063
518
414
520
935
409
029
892
214
504
025
466
130
640
127
585
400
051
609
954
025
140
827
691
227
257
306
880
436
528
972
242
222
676
372
221
538
768
065
975
112
538
722
354
023
471
150
548
589
100
194
873
452
192
974
269
380
034
394
502
527
982
464
576
507
431
285
807
798
761
626
638
782
125
991
040
293
363
885
857
377
981
324
003
291
318
745
655
721
697
348
919
597
176
233
021
413
032
039
287
982
553
085
655
426
728
613
968
931
713
627
908
697
563
039
468
419
815
631
056
976
683
190
803
714
661
914
403
005
776
510
311
885
230
162
060
908
661
410
600
699
567
277
517
091
295
088
086
628
604
511
438
464
763
101
364
725
657
313
631
922
561
848
992
041
874
760
917
919
437
949
247
758
054
884
853
713
487
516
342
660
535
079
564
831
828
185
377
195
825
007
581
388
121
168
874
354
485
694
349
837
530
943
433
202
927
778
002
492
273
221
771
976
457
005
702
038
016
815
695
367
729
920
066
709
299
132
832
502
540
881
527
854
877
875
024
236
235
782
053
387
248
199
283
794
170
870
900
502
475
358
504
711
616
124
676
258
337
862
094
817
039
742
843
407
139
226
632
361
265
938
481
139
584
541
799
341
606
905
871
796
838
420
483
100
105
786
564
838
396
635
286
038
391
474
252
515
263
658
238
693
039
770
740
727
413
636
360
918
355
385
892
423
315
818
243
338
595
994
355
219
679
542
863
252
761
597
043
405
118
427
442
477
081
899
928
589
560
453
665
375
673
256
112
644
731
455
938
502
202
356
548
893
566
187
386
308
998
058
574
645
126
037
741
760
713
920
372
898
852
507
116
299
603
848
335
974
984
586
209
155
686
867
687
535
593
819
506
513
017
568
401
277
348
585
037
536
574
625
317
756
616
753
104
311
329
851
035
838
545
933
221
969
805
978
164
272
660
838
464
609
785
971
083
357
881
312
183
240
593
408
195
233
251
264
920
442
076
964
775
948
792
441
700
033
072
648
049
429
875
484
041
775
372
747
496
682
583
055
564
276
038
979
605
780
287
287
549
497
910
853
619
733
271
939
848
174
764
537
710
467
194
301
455
133
518
962
652
251
273
666
585
680
555
022
132
984
704
070
418
671
701
707
515
201
770
220
245
953
619
111
375
927
374
406
198
909
591
470
296
604
175
383
573
748
278
036
667
199
021
309
563
732
338
638
079
933
789
704
507
644
771
672
500
082
870
826
927
002
014
073
647
053
734
887
351
883
937
976
079
978
234
946
163
667
528
948
226
491
816
331
986
271
056
192
773
910
072
548
171
559
015
206
178
477
630
984
259
567
977
515
284
352
090
067
219
533
630
910
051
480
516
750
944
463
524
716
405
395
653
564
931
100
709
182
953
619
529
724
644
346
679
472
041
061
474
200
233
179
651
945
449
972
716
729
114
834
837
861
184
806
773
916
827
933
475
791
851
981
497
345
434
229
281
053
613
823
208
686
181
634
042
748
248
762
217
049
666
250
332
905
363
385
419
573
865
596
529
661
644
604
725
615
949
000
440
364
106
630
310
487
372
192
921
817
138
684
429
972
382
572
615
947
455
699
265
942
578
099
996
852
847
464
842
084
604
843
752
536
715
425
747
164
724
653
717
743
151
358
054
372
814
539
665
765
036
700
543
083
607
516
534
125
116
102
506
949
553
403
440
919
507
357
868
645
559
666
685
146
722
472
976
075
316
003
533
114
366
410
873
189
846
994
930
670
420
384
984
625
739
574
294
642
433
093
443
249
064
373
331
180
207
775
947
729
123
959
379
672
271
650
339
081
303
052
346
154
819
498
717
344
072
947
617
972
468
378
699
043
772
932
078
370
416
923
181
759
636
670
917
653
339
879
629
300
025
782
661
752
347
314
081
358
085
895
988
474
791
690
441
339
788
520
725
369
907
649
974
504
919
981
730
050
985
480
744
799
993
763
819
875
630
783
439
713
981
806
543
005
385
284
105
991
529
470
833
237
729
828
231
341
301
804
230
029
806
369
015
087
722
310
085
814
010
780
017
408
012
334
271
635
503
600
946
267
815
887
094
909
233
129
965
222
485
035
471
126
738
569
210
890
349
278
569
699
490
586
674
096
560
861
825
128
338
666
441
953
160
536
013
020
644
372
763
441
492
129
238
609
756
543
583
929
405
786
005
204
156
900
933
322
524
306
920
665
720
872
613
518
919
225
918
269
457
644
093
538
147
091
594
680
302
605
545
526
013
605
205
664
939
061
754
185
526
075
298
649
480
329
488
996
673
603
030
557
340
055
249
926
816
189
638
101
929
918
036
663
433
430
805
847
618
142
530
945
497
053
549
413
150
107
311
518
326
604
908
971
753
425
948
848
331
479
676
818
977
322
259
754
631
743
