updated: 01 sat jun 2019 2


47
04
17
39, 40
42
26, 31
26

39, 26
13, 62
41, 38
41
48, 93
84
31
83, 79

81


43

76, 05
65, 83, 78, 48

83
38, 86
39
96


23, 38

63, 26
63
68, 63
38, 65
93, 28

03, 63
63, 74
30
89, 36
63
81
31


25

97
42

47, 45
59

81

42
65
35


56
50, 59
56
45
73
73



56, 54

38, 56
36
08, 38, 36, 35
98
38, 17

70
71, 74, 65, 54, 98
73, 03, 05
65


07

29, 07

84
16
60
68
68
86, 29, 98
68

31, 73, 17

93



85




57
83, 78, 69, 83
18, 85
97
40
95, 08
53
51
83
08
42, 23

24, 21, 19


07, 92

72, 70

48
07
48, 49, 64
75, 04, 29, 02
49, 49

49
41, 48
