007 (7)
014 (5)
015 (6)
019 (10)
025 (7)
029 (11)
036 (9)
039 (12)
045 (9)
046 (10)
049 (13)
066 (12)
067 (13)
069 (15)
077 (14)
078 (15)
079 (16)
125 (8)
127 (10)
129 (12)
137 (11)
139 (13)
146 (11)
157 (13)
159 (15)
169 (16)
178 (16)
179 (17)
234 (9)
235 (10)
238 (13)
246 (12)
247 (13)
258 (15)
267 (15)
268 (16)
277 (16)
289 (19)
336 (12)
349 (16)
366 (15)
367 (16)
378 (18)
379 (19)
446 (14)
449 (17)
456 (15)
467 (17)
469 (19)
479 (20)
488 (20)
567 (18)
569 (20)
579 (21)
589 (22)
599 (23)
689 (23)
779 (23)
