904
117	7	[1 1]
587	7	[5 8]
108
484
173	7	[1 3]
033
632
793	7	[3 9]
606
982
348
018
211
549
559
177	7	[1 7]
495
648
521
502
182
762	7	[2 6]
415
728	7	[2 8]
617	7	[1 6]
152
600
734	7	[3 4]
245
514
597	7	[5 9]
576	7	[5 6]
217	7	[1 2]
700	7	[0 0]
981
097	7	[0 9]
560
089
307	7	[0 3]
138
006
841
113
337	7	[3 3]
592
309
436
289
851
121
184
538
170	7	[0 1]
514
348
443
129
459
321
818
957	7	[5 9]
788	7	[8 8]
481
012
433
879	7	[8 9]
626
677	7	[6 7]
069
004
949
490
378	7	[3 8]
712	7	[1 2]
495
424
464
373	7	[3 3]
988
119
776	7	[6 7]
359
037	7	[0 3]
584
300
337	7	[3 3]
140
565
453
671	7	[1 6]
910
820
834
152
600
199
592
185
120
745	7	[4 5]
464
601
349
784	7	[4 8]
921
827	7	[2 8]
042
072	7	[0 2]
453
602
694
517	7	[1 5]
797	7	[7 9]
698
405
221
194
283
877	7	[7 8]
263
139
486
076	7	[0 6]
354
234
835
383
984
450
361
231
815
653
032
228
973	7	[3 9]
417	7	[1 4]
298
456
130
597	7	[5 9]
537	7	[3 5]
407	7	[0 4]
824
520
850
956
470	7	[0 4]
927	7	[2 9]
359
693
797	7	[7 9]
532
177	7	[1 7]
353
588
209
868
854
568
567	7	[5 6]
597	7	[5 9]
101
858
003
381
377	7	[3 7]
051
866
726	7	[2 6]
096
238
728	7	[2 8]
619
381
597	7	[5 9]
150
059
979	7	[9 9]
507	7	[0 5]
337	7	[3 3]
959
554
039
403
745	7	[4 5]
097	7	[0 9]
881
786	7	[6 8]
351
841
771	7	[1 7]
168
592
604
838
888
344
749	7	[4 9]
501
884
315
265
882
266
522
105
894
627	7	[2 6]
255
275	7	[2 5]
323
569
306
870	7	[0 8]
458
042
953
212
265
898
770	7	[0 7]
681
260
441
589
602
249
353
288
580
578	7	[5 8]
640
762	7	[2 6]
936
580
502
350
988
108
392
743	7	[3 4]
438
487	7	[4 8]
321
106
358
380
514
932
181
933
574	7	[4 5]
245
403
053
649
450
606
455
677	7	[6 7]
005
445
117	7	[1 1]
229
500
235
096
291
618
808
851
057	7	[0 5]
225
804
947	7	[4 9]
861
977	7	[7 9]
535
589
506
580
848
415
647	7	[4 6]
287	7	[2 8]
246
994
648
981
375	7	[3 5]
181
777	7	[7 7]
875	7	[5 8]
862
022
358
832
771	7	[1 7]
836
703	7	[0 3]
778	7	[7 8]
049
122
535
329
625
547	7	[4 5]
653
343
059
327	7	[2 3]
817	7	[1 8]
786	7	[6 8]
205
378	7	[3 8]
143
702	7	[0 2]
909
167	7	[1 6]
158
696
553
342
921
867	7	[6 8]
990
131
981
622
654
736	7	[3 6]
849
392
191
408
401
616
628
611
362
452
634
248
651
574	7	[4 5]
996
949
956
940
220
753	7	[3 5]
989
900
987	7	[8 9]
617	7	[1 6]
794	7	[4 9]
079	7	[0 9]
448
696
479	7	[4 9]
726	7	[2 6]
845
101
521
940
263
411
464
190
826
598
018
010
416
075	7	[0 5]
341
790	7	[0 9]
308
489
909
607	7	[0 6]
418
576	7	[5 6]
271	7	[1 2]
235
499
621
588
228
418
945
152
216
163
695
202
407	7	[0 4]
798	7	[8 9]
613
325
962
617	7	[1 6]
510
197	7	[1 9]
505
587	7	[5 8]
367	7	[3 6]
269
315
924
121
241
226
506
628
350
159
812
926
937	7	[3 9]
550
210
168
613
430
945
219
522
877	7	[7 8]
637	7	[3 6]
545
086
323
520
053
601
251
423
744	7	[4 4]
609
772	7	[2 7]
332
891
701	7	[0 1]
947	7	[4 9]
466
235
308
636
654
329
547	7	[4 5]
608
857	7	[5 8]
797	7	[7 9]
819
010
767	7	[6 7]
910
802
761	7	[1 6]
705	7	[0 5]
832
670	7	[0 6]
917	7	[1 9]
702	7	[0 2]
941
816
543
985
887	7	[8 8]
297	7	[2 9]
162
486
117	7	[1 1]
603
758	7	[5 8]
457	7	[4 5]
871	7	[1 8]
107	7	[0 1]
215
678	7	[6 8]
928
914
990
831
574	7	[4 5]
724	7	[2 4]
238
420
141
076	7	[0 6]
967	7	[6 9]
126
707	7	[0 7]
831
270	7	[0 2]
935
537	7	[3 5]
881
973	7	[3 9]
817	7	[1 8]
077	7	[0 7]
411
117	7	[1 1]
281
198
595
185
579	7	[5 9]
554
445
294
810
636
838
609
899
729	7	[2 9]
815
834
861
587	7	[5 8]
296
740	7	[0 4]
682
555
868
046
479	7	[4 9]
457	7	[4 5]
493
851
539
804
707	7	[0 7]
593
066
724	7	[2 4]
372	7	[2 3]
342
641
643
297	7	[2 9]
712	7	[1 2]
967	7	[6 9]
389
622
658
348
261
184
072	7	[0 2]
154
662
286
046
365
344
511
146
695
852
936
807	7	[0 8]
495
630
239
418
830
984
700	7	[0 0]
917	7	[1 9]
854
499
103
756	7	[5 6]
658
823
380
776	7	[6 7]
967	7	[6 9]
202
519
510
597	7	[5 9]
280
896
167	7	[1 6]
314
853
989
914
494
628
200
897	7	[8 9]
177	7	[1 7]
443
718	7	[1 8]
279	7	[2 9]
118
104
427	7	[2 4]
173	7	[1 3]
287	7	[2 8]
448
169
831
419
603
311
015
803
022
971	7	[1 9]
762	7	[2 6]
590
964
984
974	7	[4 9]
646
186
462
084
255
525
980
095
380
128
201
534
330
512
129
867	7	[6 8]
509
342
587	7	[5 8]
383
811
630
006
906
503
559
855
959
902
860
334
402
856
099
494
921
328
172	7	[1 2]
961
898
092
883
523
464
881
110
566
846
177	7	[1 7]
044
660
773	7	[3 7]
672	7	[2 6]
769	7	[6 9]
953
604
950
359
178	7	[1 8]
950
756	7	[5 6]
129
097	7	[0 9]
261
467	7	[4 6]
798	7	[8 9]
943
902
322
359
814
827	7	[2 8]
021
300
036
966
185
103
382
098
036
084
440
481
402
962
667	7	[6 6]
754	7	[4 5]
814
178	7	[1 8]
017	7	[0 1]
460
804
305
301
160
653
005
194
515
862
252
382
050
621
542
574	7	[4 5]
350
193
389
083
065
618
575	7	[5 5]
974	7	[4 9]
305
871	7	[1 8]
510
578	7	[5 8]
938
041
313
276	7	[2 6]
090
156
833
787	7	[7 8]
719	7	[1 9]
233
772	7	[2 7]
844
949
906
306
987	7	[8 9]
025
921
954
335
225
185
744	7	[4 4]
279	7	[2 9]
479	7	[4 9]
221
388
006
817	7	[1 8]
215
075	7	[0 5]
028
189
259
853
297	7	[2 9]
874	7	[4 8]
872	7	[2 8]
534
979	7	[9 9]
811
946
955
871	7	[1 8]
271	7	[1 2]
299
382
458
797	7	[7 9]
603
202
201
777	7	[7 7]
643
672	7	[2 6]
261
196
220
507	7	[0 5]
521
417	7	[1 4]
154
130
618
617	7	[1 6]
785	7	[5 8]
340
711	7	[1 1]
545
248
950
837	7	[3 8]
171	7	[1 1]
468
594
166
949
461
909
585
964
386
526
058
939
559
744	7	[4 4]
627	7	[2 6]
537	7	[3 5]
432
909
848
369
441
990
148
792	7	[2 9]
531
912
135
339
031
983
991
429
778	7	[7 8]
663
288
465
976	7	[6 9]
970	7	[0 9]
087	7	[0 8]
890
676	7	[6 6]
122
204
943
715	7	[1 5]
767	7	[6 7]
797	7	[7 9]
355
698
769	7	[6 9]
072	7	[0 2]
495
342
104
291
118
783	7	[3 8]
384
053
794	7	[4 9]
530
554
043
993
878	7	[8 8]
962
075	7	[0 5]
931
043
074	7	[0 4]
321
909
490
627	7	[2 6]
942
997	7	[9 9]
031
758	7	[5 8]
948
385
976	7	[6 9]
870	7	[0 8]
876	7	[6 8]
346
947	7	[4 9]
008
524
628
412
482
414
397	7	[3 9]
792	7	[2 9]
689
385
260
122
017	7	[0 1]
668
174	7	[1 4]
312
032
873	7	[3 8]
119
852
837	7	[3 8]
056
944
998
891
415
327	7	[2 3]
173	7	[1 3]
479	7	[4 9]
300
641
501
439
087	7	[0 8]
146
379	7	[3 9]
128
689
574	7	[4 5]
537	7	[3 5]
622
692
556
460
012
153
954
849
217	7	[1 2]
337	7	[3 3]
208
892
220
230
410
824
481
243
829
414
360
817	7	[1 8]
736	7	[3 6]
054
837	7	[3 8]
561
318
281
969
693
418
268
912
872	7	[2 8]
766	7	[6 6]
556
275	7	[2 5]
526
976	7	[6 9]
199
114
713	7	[1 3]
396
818
386
368
817	7	[1 8]
295
642
053
034
226
225
607	7	[0 6]
700	7	[0 0]
789	7	[8 9]
181
539
149
035
607	7	[0 6]
314
954
878	7	[8 8]
028
949
821
625
525
533
944
589
028
492
113
049
307	7	[0 3]
947	7	[4 9]
895
137	7	[1 3]
189
678	7	[6 8]
152
062
397	7	[3 9]
403
419
030
889
532
571	7	[1 5]
192
072	7	[0 2]
061
377	7	[3 7]
519
798	7	[8 9]
543
691
797	7	[7 9]
762	7	[2 6]
015
862
119
950
157	7	[1 5]
919
410
143
886
575	7	[5 5]
730	7	[0 3]
471	7	[1 4]
618
479	7	[4 9]
268
401
162
930
495
209
773	7	[3 7]
339
256
375	7	[3 5]
504
058
542
097	7	[0 9]
167	7	[1 6]
025
456
518
337	7	[3 3]
070	7	[0 0]
210
612
110
821
373	7	[3 3]
124
766	7	[6 6]
934
852
112
635
132
446
941
493
422
539
232
525
688
203
236
669
710	7	[0 1]
366
696
262
283
883
416
358
742	7	[2 4]
392
342
098
525
041
444
617	7	[1 6]
181
432
553
724	7	[2 4]
877	7	[7 8]
506
096
928
927	7	[2 9]
806
956
896
569
224
431
348
037	7	[0 3]
301
798	7	[8 9]
933
281
221
194
173	7	[1 3]
491
503
435
710	7	[0 1]
937	7	[3 9]
675	7	[5 6]
313
421
011
641
805
530
914
625
164
566
982
878	7	[8 8]
268
256
951
815
845
608
617	7	[1 6]
448
744	7	[4 4]
160
008
346
489
155
885
089
661
594
848
179	7	[1 9]
517	7	[1 5]
550
811
002
263
907	7	[0 9]
364
673	7	[3 6]
676	7	[6 6]
747	7	[4 7]
729	7	[2 9]
763	7	[3 6]
807	7	[0 8]
621
576	7	[5 6]
960
351
750	7	[0 5]
149
058
493
387	7	[3 8]
822
110
409
084
690
569
441
991
317	7	[1 3]
041
792	7	[2 9]
582
966
314
555
089
175	7	[1 5]
438
960
913
501
878	7	[8 8]
366
880
776	7	[6 7]
975	7	[5 9]
823
167	7	[1 6]
782	7	[2 8]
352
444
765	7	[5 6]
671	7	[1 6]
351
517	7	[1 5]
215
206
232
711	7	[1 1]
901
718	7	[1 8]
560
487	7	[4 8]
218
245
531
170	7	[0 1]
046
065
653
471	7	[1 4]
103
894
134
322
501
683
082
990
375	7	[3 5]
236
104
010
765	7	[5 6]
047	7	[0 4]
828
966
148
191
134
594
091
559
721	7	[1 2]
880
077	7	[0 7]
011
405
126
149
631
253
476	7	[4 6]
005
526
908
464
492
284
286
264
744	7	[4 4]
922
136
782	7	[2 8]
870	7	[0 8]
998
889
480
969
733	7	[3 3]
493
505
108
511
044
070	7	[0 0]
052
334
088
256
063
582
326
696
162
806
137	7	[1 3]
819
091
348
161
931
382
665
331
826
034
927	7	[2 9]
918
481
821
314
178	7	[1 8]
522
252
856
881
321
699
562
982
022
032
122
817	7	[1 8]
631
151
457	7	[4 5]
657	7	[5 6]
191
368
100
068
727	7	[2 7]
064
124
208
389
529
278	7	[2 8]
948
422
624
920
289
559
766	7	[6 6]
776	7	[6 7]
661
602
290
336
297	7	[2 9]
209
602
466
077	7	[0 7]
504
834
040
995
462
759	7	[5 9]
828
973	7	[3 9]
677	7	[6 7]
845
309
167	7	[1 6]
141
060
818
497	7	[4 9]
248
982
101
533
054
010
774	7	[4 7]
391
910
093
779	7	[7 9]
197	7	[1 9]
248
719	7	[1 9]
556
897	7	[8 9]
798	7	[8 9]
886
650
625
213
240
204
158
842
327	7	[2 3]
505
690
341
668
045
470	7	[0 4]
597	7	[5 9]
141
555
222
979	7	[9 9]
036
313
967	7	[6 9]
898
608
467	7	[4 6]
942
904
720	7	[0 2]
691
754	7	[4 5]
473	7	[3 4]
484
769	7	[6 9]
114
313
314
709	7	[0 9]
140
826
727	7	[2 7]
759	7	[5 9]
266
778	7	[7 8]
405
827	7	[2 8]
472	7	[2 4]
188
273	7	[2 3]
180
340
392
217	7	[1 2]
713	7	[1 3]
708	7	[0 8]
311
457	7	[4 5]
265
395
921
555
858
574	7	[4 5]
219
809
077	7	[0 7]
661
515
645
812
747	7	[4 7]
578	7	[5 8]
202
450
354
811
745	7	[4 5]
764	7	[4 6]
706	7	[0 6]
429
501
128
365
513
667	7	[6 6]
538
019
785	7	[5 8]
009
510
040
435
317	7	[1 3]
882
108
398
414
461
994
568
373	7	[3 3]
706	7	[0 6]
005
650
891
061
316
477	7	[4 7]
156
171	7	[1 1]
769	7	[6 9]
900
066
959
588
888
301
568
392
070	7	[0 0]
335
458
793	7	[3 9]
886
116
592
335
701	7	[0 1]
151
570	7	[0 5]
770	7	[0 7]
954
995
112
083
067	7	[0 6]
425
161
513
592
137	7	[1 3]
960
451
037	7	[0 3]
200
418
764	7	[4 6]
648
245
267	7	[2 6]
748	7	[4 8]
257	7	[2 5]
532
096
691
408
151
748	7	[4 8]
234
597	7	[5 9]
278	7	[2 8]
547	7	[4 5]
704	7	[0 4]
363
890
224
948
930
757	7	[5 7]
152
694
090
041
995
489
824
679	7	[6 9]
027	7	[0 2]
259
280
501
231
794	7	[4 9]
181
930
793	7	[3 9]
685
185
120
199
909
840
889
598
945
084
598
618
192
596
903
484
334
792	7	[2 9]
707	7	[0 7]
349
936
075	7	[0 5]
966
772	7	[2 7]
939
057	7	[0 5]
522
433
104
994
875	7	[5 8]
230
640
518
798	7	[8 9]
720	7	[0 2]
487	7	[4 8]
099
158
643
043
973	7	[3 9]
308
752	7	[2 5]
889
039
093
675	7	[5 6]
681
801
680
494
887	7	[8 8]
139
716	7	[1 6]
250
010
027	7	[0 2]
659
501
948
253
788	7	[8 8]
863
234
470	7	[0 4]
557	7	[5 5]
703	7	[0 3]
340
856
792	7	[2 9]
332
169
673	7	[3 6]
235
172	7	[1 2]
498
494
204
695
661
200
712	7	[1 2]
112
815
783	7	[3 8]
417	7	[1 4]
611
092
482
147	7	[1 4]
848
873	7	[3 8]
598
660
275	7	[2 5]
045
054
644
295
965
570	7	[0 5]
977	7	[7 9]
546
946
646
514
274	7	[2 4]
252
841
549
168
933
136
401
171	7	[1 1]
089
083
943
596
551
299
752	7	[2 5]
690
944
835
408
996
005
786	7	[6 8]
474	7	[4 4]
834
640
187	7	[1 8]
137	7	[1 3]
693
558
368
597	7	[5 9]
896
467	7	[4 6]
638
487	7	[4 8]
799	7	[9 9]
300
758	7	[5 8]
254
948
583
745	7	[4 5]
526
010
414
788	7	[8 8]
407	7	[0 4]
441
109
933
334
212
031
342
464
527	7	[2 5]
882
015
572	7	[2 5]
229
111
456
345
148
473	7	[3 4]
974	7	[4 9]
418
659
119
725	7	[2 5]
064
218
771	7	[1 7]
918
394
282
081
028
880
338
272	7	[2 2]
012
485
189
330
436
138
863
684
284
816
023
650
223
801
963
056
104
269
838
287	7	[2 8]
751	7	[1 5]
327	7	[2 3]
591
257	7	[2 5]
162
718	7	[1 8]
254
088
854
745	7	[4 5]
410
015
468
031
892
839
283
836
912
357	7	[3 5]
424
501
028
199
359
502
604
092
631
031
168
960
709	7	[0 9]
318
313
649
768	7	[6 8]
097	7	[0 9]
721	7	[1 2]
178	7	[1 8]
555
502
604
469
125
690
155
412
741	7	[1 4]
457	7	[4 5]
802
883
252
857	7	[5 8]
606
773	7	[3 7]
131
959
834
831
185
933
279	7	[2 9]
753	7	[3 5]
459
242
895
543
887	7	[8 8]
107	7	[0 1]
888
971	7	[1 9]
871	7	[1 8]
211
555
049
923
579	7	[5 9]
035
991
718	7	[1 8]
159
399
097	7	[0 9]
781	7	[1 8]
056
070	7	[0 0]
150
597	7	[5 9]
089
414
635
331
633
918
413
203
679	7	[6 9]
757	7	[5 7]
085
307	7	[0 3]
986
866
727	7	[2 7]
500
102
382
190
109
638
052
334
472	7	[2 4]
536
315
383
716	7	[1 6]
095
957	7	[5 9]
098
494
066
089
378	7	[3 8]
675	7	[5 6]
007	7	[0 0]
665
922
697	7	[6 9]
035
547	7	[4 5]
964
687	7	[6 8]
686
345
602
379	7	[3 9]
938
259
060
063
045
341
626
396
220
178	7	[1 8]
834
795	7	[5 9]
046
729	7	[2 9]
754	7	[4 5]
384
668
506
565
168
444
176	7	[1 6]
729	7	[2 9]
788	7	[8 8]
527	7	[2 5]
917	7	[1 9]
201
068
938
165
252
988
054
858
324
211
066
038
584
977	7	[7 9]
790	7	[0 9]
178	7	[1 8]
113
710	7	[0 1]
101
344
091
620
293
561
935
677	7	[6 7]
218
515
499
908
100
412
840
670	7	[0 6]
831
484
610
989
147	7	[1 4]
821
940
006
941
029
313
614
788	7	[8 8]
079	7	[0 9]
116
970	7	[0 9]
212
055
504
621
488
679	7	[6 9]
613
752	7	[2 5]
913
345
269
759	7	[5 9]
165
029
447	7	[4 4]
892
427	7	[2 4]
626
912
713	7	[1 3]
761	7	[1 6]
013
799	7	[9 9]
755	7	[5 5]
785	7	[5 8]
821
203
156
145
204
134
945
857	7	[5 8]
852
682
685
838
452
789	7	[8 9]
362
901
408
998
104
905
169
470	7	[0 4]
454
611
645
302
336
623
783	7	[3 8]
530
308
988
339
879	7	[8 9]
127	7	[1 2]
194
731	7	[1 3]
158
198
180
389
453
057	7	[0 5]
265
371	7	[1 3]
000
922
200
463
363
731	7	[1 3]
857	7	[5 8]
572	7	[2 5]
337	7	[3 3]
383
439
954
156
049
374	7	[3 4]
930
550
594
230
920
621
738	7	[3 8]
741	7	[1 4]
534
684
811
537	7	[3 5]
717	7	[1 7]
781	7	[1 8]
728	7	[2 8]
002
044
790	7	[0 9]
637	7	[3 6]
260
549
677	7	[6 7]
107	7	[0 1]
737	7	[3 7]
999
144
328
288
166
727	7	[2 7]
257	7	[2 5]
610
311
124
789	7	[8 9]
850
309
499
934
187	7	[1 8]
252
914
945
538
373	7	[3 3]
357	7	[3 5]
552
793	7	[3 9]
408
396
329
625
220
363
503
859
481
826
520
326
880
508
851
370	7	[0 3]
913
014
172	7	[1 2]
560
625
333
679	7	[6 9]
263
004
742	7	[2 4]
075	7	[0 5]
412
398
277	7	[2 7]
930
981
417	7	[1 4]
440
018
839
162
395
944
981
937	7	[3 9]
273	7	[2 3]
355
916
088
243
450
661
136
554
397	7	[3 9]
489
417	7	[1 4]
727	7	[2 7]
317	7	[1 3]
400
657	7	[5 6]
793	7	[3 9]
369
732	7	[2 3]
321
107	7	[0 1]
684
604
511
639
351
775	7	[5 7]
846
431
255
499
714	7	[1 4]
227	7	[2 2]
204
950
830
758	7	[5 8]
917	7	[1 9]
247	7	[2 4]
196
255
930
570	7	[0 5]
645
383
941
264
562
478	7	[4 8]
281
972	7	[2 9]
010
800
007	7	[0 0]
800
244
834
765	7	[5 6]
908
848
061
630
399
124
819
594
769	7	[6 9]
647	7	[4 6]
131
764	7	[4 6]
942
121
759	7	[5 9]
103
970	7	[0 9]
376	7	[3 6]
954
706	7	[0 6]
906
056
093
958
523
962
739	7	[3 9]
678	7	[6 8]
853
564
808
136
348
166
835
939
717	7	[1 7]
759	7	[5 9]
713	7	[1 3]
543
919
240
284
431
912
623
810
108
642
686
421
324
313
141
378	7	[3 8]
315
901
306
724	7	[2 4]
658
985
280
600
880
381
784	7	[4 8]
929
444
469
429
785	7	[5 8]
644
377	7	[3 7]
280
687	7	[6 8]
114
404
710	7	[0 1]
740	7	[0 4]
465
006
507	7	[0 5]
675	7	[5 6]
263
328
091
384
208
718	7	[1 8]
781	7	[1 8]
448
973	7	[3 9]
722	7	[2 2]
751	7	[1 5]
568
540
955
404
688
524
554
790	7	[0 9]
915
197	7	[1 9]
565
823
640
390
423
718	7	[1 8]
889
187	7	[1 8]
434
782	7	[2 8]
840
096
109
388
002
181
868
524
104
642
489
825
733	7	[3 3]
080
511
976	7	[6 9]
387	7	[3 8]
309
392
875	7	[5 8]
053
471	7	[1 4]
282
892
000
293
445
689
090
520
611
051
018
148
882
388
766	7	[6 6]
510
597	7	[5 9]
916
953
381
068
744	7	[4 4]
331
162
212
053
401
810
995
657	7	[5 6]
225
307	7	[0 3]
092
526
578	7	[5 8]
549
033
757	7	[5 7]
731	7	[1 3]
546
387	7	[3 8]
948
686
876	7	[6 8]
074	7	[0 4]
163
651
427	7	[2 4]
848
712	7	[1 2]
705	7	[0 5]
439
208
638
405
506
087	7	[0 8]
267	7	[2 6]
720	7	[0 2]
442
285
610
162
879	7	[8 9]
923
897	7	[8 9]
073	7	[0 3]
064
098
157	7	[1 5]
533
686
449
755	7	[5 5]
477	7	[4 7]
381
601
772	7	[2 7]
389
927	7	[2 9]
967	7	[6 9]
562
876	7	[6 8]
245
693
881
961
077	7	[0 7]
121
493
262
929
028
627	7	[2 6]
000
807	7	[0 8]
799	7	[9 9]
349
850
673	7	[3 6]
655
099
509
394
459
595
452
255
306
857	7	[5 8]
107	7	[0 1]
137	7	[1 3]
394
942
460
850
696
484
289
396
691
563
582
931
845
831
055
887	7	[8 8]
494
048
301
442
265
128
523
926
923
525
250
920
375	7	[3 5]
478	7	[4 8]
537	7	[3 5]
516
384
726	7	[2 6]
762	7	[2 6]
272	7	[2 2]
757	7	[5 7]
420
049
279	7	[2 9]
922
323
064
961
851
289
394
954
038
981
443
583
246
635
561
570	7	[0 5]
653
777	7	[7 7]
369
110
419
578	7	[5 8]
550
718	7	[1 8]
736	7	[3 6]
080
836
796	7	[6 9]
042
588
038
462
811
412
188
247	7	[2 4]
016
717	7	[1 7]
684
958
410
165
747	7	[4 7]
597	7	[5 9]
098
526
910
265
574	7	[4 5]
041
157	7	[1 5]
070	7	[0 0]
193
317	7	[1 3]
786	7	[6 8]
798	7	[8 9]
868
542
288
444
781	7	[1 8]
942
084
602
011
924
128
752	7	[2 5]
369
304
035
080
037	7	[0 3]
863
562
129
631
812
604
793	7	[3 9]
872	7	[2 8]
124
116
359
347	7	[3 4]
203
014
268
532
136
394
735	7	[3 5]
252
729	7	[2 9]
007	7	[0 0]
816
921
475	7	[4 5]
349
711	7	[1 1]
018
438
438
375	7	[3 5]
943
253
519
305
594
294
701	7	[0 1]
823
367	7	[3 6]
037	7	[0 3]
403
553
449
714	7	[1 4]
600
811
456
323
279	7	[2 9]
199
665
747	7	[4 7]
743	7	[3 4]
752	7	[2 5]
913
628
835
401
679	7	[6 9]
109
400
869
927	7	[2 9]
800
763	7	[3 6]
757	7	[5 7]
901
453
658
045
174	7	[1 4]
714	7	[1 4]
938
730	7	[0 3]
662
972	7	[2 9]
610
599
331
565
518
380
415
166
232
639
184
767	7	[6 7]
595
554
782	7	[2 8]
957	7	[5 9]
089
672	7	[2 6]
110
633
728	7	[2 8]
222
201
654
341
394
562
565
377	7	[3 7]
720	7	[0 2]
219
196
906
857	7	[5 8]
357	7	[3 5]
020
717	7	[1 7]
423
205
224
699
042
496
236
591
918
633
337	7	[3 3]
208
924
523
098
904
332
906
611
837	7	[3 8]
028
538
944
695
535
262
786	7	[6 8]
146
363
397	7	[3 9]
738	7	[3 8]
098
150
348
607	7	[0 6]
336
357	7	[3 5]
243
533
449
328
881
919
664
781	7	[1 8]
613
847	7	[4 8]
480
339
217	7	[1 2]
884
103
889
683
023
510
249
947	7	[4 9]
277	7	[2 7]
054
570	7	[0 5]
131
751	7	[1 5]
081
359
891
278	7	[2 8]
563
911
597	7	[5 9]
368
115
546
929
865
583
148
304
400
812
717	7	[1 7]
190
903
710	7	[0 1]
539
433
243
431
232
922
133
657	7	[5 6]
560
436
880
938
610
093
450
188
421
708	7	[0 8]
084
726	7	[2 6]
129
111
728	7	[2 8]
582
303
806
158
065
836
239
423
593
447	7	[4 4]
003
082
561
227	7	[2 2]
051
059
013
757	7	[5 7]
242
989
784	7	[4 8]
175	7	[1 5]
731	7	[1 3]
649
926
878	7	[8 8]
352
264
411
838
246
597	7	[5 9]
705	7	[0 5]
640
049
932
244
860
924
758	7	[5 8]
138
980
009
999
703	7	[0 3]
439
866
328
186
287	7	[2 8]
112
933
252
807	7	[0 8]
030
941
036
051
757	7	[5 7]
032
473	7	[3 4]
992
312
331
149
724	7	[2 4]
897	7	[8 9]
559
912
544
807	7	[0 8]
335
393
213
731	7	[1 3]
671	7	[1 6]
215
453
329
832
669
781	7	[1 8]
927	7	[2 9]
294
671	7	[1 6]
442
956
012
266
850
452
798	7	[8 9]
586
680
060
763	7	[3 6]
085
833
178	7	[1 8]
107	7	[0 1]
138
188
600
713	7	[1 3]
675	7	[5 6]
457	7	[4 5]
382
495
631
858
747	7	[4 7]
409
105
168
562
317	7	[1 3]
459
586
453
498
569
393
428
859
000
305
729	7	[2 9]
617	7	[1 6]
054
617	7	[1 6]
995
881
238
531
680
615
982
205
163
564
969
825
901
865
944
884
758	7	[5 8]
956
538
199
064
188
313
703	7	[0 3]
180
553
185
466
288
392
353
814
450
270	7	[0 2]
260
624
517	7	[1 5]
536
943
827	7	[2 8]
199
722	7	[2 2]
435
546
233
397	7	[3 9]
227	7	[2 2]
012
849
219
702	7	[0 2]
195
420
205
759	7	[5 9]
212
692
661
640
203
071	7	[0 1]
406
821
173	7	[1 3]
412
479	7	[4 9]
043
084
939
933
005
763	7	[3 6]
662
883
098
637	7	[3 6]
713	7	[1 3]
567	7	[5 6]
422
143
671	7	[1 6]
370	7	[0 3]
788	7	[8 8]
047	7	[0 4]
315
573	7	[3 5]
714	7	[1 4]
403
201
275	7	[2 5]
043
486
451
570	7	[0 5]
031
818
161
100
610
611
972	7	[2 9]
990
682
301
298
245
238
766	7	[6 6]
101
579	7	[5 9]
885
989
842
097	7	[0 9]
911
875	7	[5 8]
208
946
985
594
860
978	7	[8 9]
861
390
400
376	7	[3 6]
085
481
607	7	[0 6]
050
747	7	[4 7]
596
166
713	7	[1 3]
372	7	[2 3]
575	7	[5 5]
044
502
290
388
741	7	[1 4]
656
987	7	[8 9]
006
314
393
557	7	[5 5]
576	7	[5 6]
367	7	[3 6]
605
116
261
168
950
961
391
832
778	7	[7 8]
068
417	7	[1 4]
237	7	[2 3]
072	7	[0 2]
193
229
612
831
982
161
120
028
517	7	[1 5]
582
409
302
082
320
073	7	[0 3]
084
226
995
938
116
049
786	7	[6 8]
260
091
922
256
701	7	[0 1]
099
933
856
681
853
975	7	[5 9]
297	7	[2 9]
066
701	7	[0 1]
267	7	[2 6]
588
218
321
192
853
701	7	[0 1]
116
657	7	[5 6]
035
718	7	[1 8]
605
935
577	7	[5 7]
328
059
713	7	[1 3]
237	7	[2 3]
883
018
010
252
341
933
203
780	7	[0 8]
209
560
941
764	7	[4 6]
241
695
707	7	[0 7]
584
505
269
495
810
127	7	[1 2]
698
054
185
224
481
911
859
492
907	7	[0 9]
517	7	[1 5]
324
246
873	7	[3 8]
271	7	[1 2]
645
128
325
861
336
723	7	[2 3]
174	7	[1 4]
266
755	7	[5 5]
521
882
948
800
622
912
300
100
982
232
638
888
683
135
224
486
500
181
326
965
982
131
322
496
932
737	7	[3 7]
777	7	[7 7]
186
292
591
964
467	7	[4 6]
531
254
446
194
307	7	[0 3]
584
719	7	[1 9]
383
109
397	7	[3 9]
974	7	[4 9]
040
892
153
011
022
904
052
848
991
846
936
595
914
078	7	[0 8]
348
806
145
619
840
925
680
110
730	7	[0 3]
213
119
515
690
921
442
917	7	[1 9]
263
650
328
662
055
479	7	[4 9]
807	7	[0 8]
241
097	7	[0 9]
809
129
524
038
903
121
012
292
354
222
654
544
503
047	7	[0 4]
976	7	[6 9]
646
906
566
145
465
634
040
601
068
989
260
654
314
041
248
441
055
870	7	[0 8]
684
403
484
076	7	[0 6]
333
084
862
887	7	[8 8]
420
054
944
977	7	[7 9]
010
576	7	[5 6]
517	7	[1 5]
971	7	[1 9]
845
588
579	7	[5 9]
052
714	7	[1 4]
783	7	[3 8]
082
716	7	[1 6]
845
703	7	[0 3]
914
818
783	7	[3 8]
328
967	7	[6 9]
147	7	[1 4]
053
284
261
488
757	7	[5 7]
300
882
727	7	[2 7]
049
180
034
569
438
866
492
583
645
801
613
473	7	[3 4]
610
391
169
622
021
318
014
096
336
154
774	7	[4 7]
821
649
849
320
624
428
910
406
300
581
513
428
243
287	7	[2 8]
489
623
580
828
813
330
626
985
773	7	[3 7]
188
054
829
835
272	7	[2 2]
825
830
486
760	7	[0 6]
891
616
422
339
165
946
249
184
793	7	[3 9]
459
403
657	7	[5 6]
360
238
322
462
438
498
210
832
328
749	7	[4 9]
534
436
586
529
041
678	7	[6 8]
085
863
811
797	7	[7 9]
108
485
759	7	[5 9]
710	7	[0 1]
832
848
743	7	[3 4]
390
306
750	7	[0 5]
993
347	7	[3 4]
251
688
269
112
442
630
721	7	[1 2]
395
999
689
124
448
933
552
480
320
203
509
203
686
153
344
349
340
021
345
565
913
780	7	[0 8]
842
322
427	7	[2 4]
083
760	7	[0 6]
562
664
294
644
590
551
730	7	[0 3]
895
047	7	[0 4]
239
209
253
087	7	[0 8]
841
999
361
011
955
335
888
173	7	[1 3]
725	7	[2 5]
144
585
014
486
504
203
823
462
649
094
030
007	7	[0 0]
483
992
111
505
476	7	[4 6]
783	7	[3 8]
197	7	[1 9]
519
098
141
603
671	7	[1 6]
131
603
391
004
639
638
162
525
095
530
573	7	[3 5]
436
757	7	[5 7]
744	7	[4 4]
518
232
471	7	[1 4]
490
773	7	[3 7]
318
194
298
936
387	7	[3 8]
584
811
419
732	7	[2 3]
686
274	7	[2 4]
976	7	[6 9]
973	7	[3 9]
416
153
688
753	7	[3 5]
722	7	[2 2]
459
146
639
579	7	[5 9]
966
237	7	[2 3]
030
316
139
225
045
351
402
235
294
478	7	[4 8]
098
681
485
302
191
552
261
984
475	7	[4 5]
735	7	[3 5]
941
169
162
267	7	[2 6]
753	7	[3 5]
676	7	[6 6]
020
884
473	7	[3 4]
179	7	[1 9]
291
500
915
306
835
811
804
456
111
303
543
299
819
501
791	7	[1 9]
239
947	7	[4 9]
860
147	7	[1 4]
149
154
265
991
950
022
377	7	[3 7]
618
917	7	[1 9]
005
419
539
292
973	7	[3 9]
097	7	[0 9]
048
007	7	[0 0]
777	7	[7 7]
092
329
706	7	[0 6]
487	7	[4 8]
243
027	7	[0 2]
829
451
468
886
201
340
049
860
946
866
875	7	[5 8]
471	7	[1 4]
329
244
288
734	7	[3 4]
768	7	[6 8]
921
652
478	7	[4 8]
540
014
119
277	7	[2 7]
712	7	[1 2]
803
680
050
139
624
763	7	[3 6]
510
076	7	[0 6]
461
740	7	[0 4]
407	7	[0 4]
199
478	7	[4 8]
415
148
814
644
448
934
256
265
007	7	[0 0]
918
958
239
908
064
746	7	[4 6]
556
225
445
071	7	[0 1]
505
422
768	7	[6 8]
857	7	[5 8]
149
783	7	[3 8]
262
547	7	[4 5]
256
925
985
662
177	7	[1 7]
743	7	[3 4]
736	7	[3 6]
103
698
401
762	7	[2 6]
500
441
649
811
880
697	7	[6 9]
030
914
392
152
517	7	[1 5]
917	7	[1 9]
935
888
966
020
485
963
873	7	[3 8]
920
395
377	7	[3 7]
538
858
865
851
122
353
013
558
699
039
173	7	[1 3]
130
112
295
922
872	7	[2 8]
040
668
732	7	[2 3]
683
031
023
500
335
724	7	[2 4]
806
991
616
657	7	[5 6]
688
010
113
794	7	[4 9]
625
221
646
184
808
652
244
877	7	[7 8]
621
164
133
620
825
284
317	7	[1 3]
560
381
739	7	[3 9]
528
358
170	7	[0 1]
021
014
199
440
042
183
458
618
687	7	[6 8]
127	7	[1 2]
449
908
374	7	[3 4]
616
812
191
717	7	[1 7]
370	7	[0 3]
476	7	[4 6]
720	7	[0 2]
386
948
378	7	[3 8]
363
197	7	[1 9]
665
709	7	[0 9]
019
722	7	[2 2]
398
147	7	[1 4]
559
914
338
124
541
971	7	[1 9]
432
964
477	7	[4 7]
079	7	[0 9]
868
841
867	7	[6 8]
447	7	[4 4]
488
225
986
710	7	[0 1]
233
185
940
316
808
907	7	[0 9]
809
898
043
026
277	7	[2 7]
569
977	7	[7 9]
298
242
438
089
812
084
340
877	7	[7 8]
549
958
193
747	7	[4 7]
429
133
568
089
208
596
949
372	7	[2 3]
808
772	7	[2 7]
927	7	[2 9]
376	7	[3 6]
541
386
675	7	[5 6]
192
703	7	[0 3]
139
238
496
878	7	[8 8]
612
444
127	7	[1 2]
288
425
481
009
653
687	7	[6 8]
610
157	7	[1 5]
869
417	7	[1 4]
350
939
413
394
121
960
518
273	7	[2 3]
709	7	[0 9]
232
991
470	7	[0 4]
324
309
551
698
144
242
406
662
420
536
231
661
568
958
061
475	7	[4 5]
764	7	[4 6]
667	7	[6 6]
966
368
584
232
855
808
887	7	[8 8]
113
153
179	7	[1 9]
956
874	7	[4 8]
474	7	[4 4]
351
717	7	[1 7]
103
460
174	7	[1 4]
142
760	7	[0 6]
842
175	7	[1 5]
057	7	[0 5]
455
110
776	7	[6 7]
340
376	7	[3 6]
022
179	7	[1 9]
399
515
996
773	7	[3 7]
821
217	7	[1 2]
705	7	[0 5]
617	7	[1 6]
664
276	7	[2 6]
437	7	[3 4]
620
919
230
992
396
291
927	7	[2 9]
716	7	[1 6]
530
014
883
646
004
671	7	[1 6]
822
094
764	7	[4 6]
749	7	[4 9]
495
380
792	7	[2 9]
380
987	7	[8 9]
055
349
139
267	7	[2 6]
797	7	[7 9]
393
766	7	[6 6]
149
486
078	7	[0 8]
863
718	7	[1 8]
222
740	7	[0 4]
445
173	7	[1 3]
808
369
167	7	[1 6]
409
287	7	[2 8]
691
895
211
923
485
988
523
062
557	7	[5 5]
662
269
428
737	7	[3 7]
507	7	[0 5]
979	7	[9 9]
782	7	[2 8]
310
829
962
440
783	7	[3 8]
019
057	7	[0 5]
076	7	[0 6]
894
474	7	[4 4]
615
768	7	[6 8]
806
865
799	7	[9 9]
847	7	[4 8]
979	7	[9 9]
613
044
018
917	7	[1 9]
421
834
780	7	[0 8]
904
132
822
063
142
909
342
408
678	7	[6 8]
094
186
023
016
193
668
839
391
931
731	7	[1 3]
110
842
539
623
090
256
457	7	[4 5]
929
787	7	[7 8]
439
905
066
523
012
588
260
126
615
967	7	[6 9]
799	7	[9 9]
161
534
297	7	[2 9]
915
920
451
974	7	[4 9]
226
151
268
246
268
166
286
108
382
457	7	[4 5]
372	7	[2 3]
438
383
131
170	7	[0 1]
634
516
447	7	[4 4]
421
115
765	7	[5 6]
523
158
649
381
539
222
097	7	[0 9]
702	7	[0 2]
170	7	[0 1]
055
671	7	[1 6]
285
881
174	7	[1 4]
195
214
600
776	7	[6 7]
106
138
046
606
860
511
137	7	[1 3]
254
312
302
112
801
322
124
816
544
340
579	7	[5 9]
127	7	[1 2]
211
717	7	[1 7]
387	7	[3 8]
228
158
780	7	[0 8]
273	7	[2 3]
567	7	[5 6]
002
342
166
632
794	7	[4 9]
470	7	[0 4]
859
675	7	[5 6]
688
345
162
091
158
718	7	[1 8]
119
050
700	7	[0 0]
286
596
637	7	[3 6]
806
285
719	7	[1 9]
419
384
202
194
253
427	7	[2 4]
009
686
208
827	7	[2 8]
341
111
289
572	7	[2 5]
400
141
344
572	7	[2 5]
197	7	[1 9]
046
717	7	[1 7]
588
823
057	7	[0 5]
365
933
738	7	[3 8]
395
841
519
984
645
779	7	[7 9]
962
414
051
975	7	[5 9]
202
705	7	[0 5]
036
629
958
872	7	[2 8]
756	7	[5 6]
676	7	[6 6]
662
239
015
662
767	7	[6 7]
952
444
326
723	7	[2 3]
471	7	[1 4]
804
636
671	7	[1 6]
514
462
324
452
884
449
980
969
211
636
906
176	7	[1 6]
032
343
740	7	[0 4]
388
928
703	7	[0 3]
338
605
828
947	7	[4 9]
580
739	7	[3 9]
332
951
214
525
046
724	7	[2 4]
162
801
820
938
957	7	[5 9]
705	7	[0 5]
927	7	[2 9]
193
849
840
941
884
205
070	7	[0 0]
022
674	7	[4 6]
857	7	[5 8]
993
815
932
237	7	[2 3]
148
087	7	[0 8]
720	7	[0 2]
362
926
684
283
994
600
285
021
759	7	[5 9]
604
045
863
593
017	7	[0 1]
314
097	7	[0 9]
271	7	[1 2]
223
361
323
976	7	[6 9]
469
617	7	[1 6]
687	7	[6 8]
006
460
917	7	[1 9]
480
025
582
439
850
471	7	[1 4]
171	7	[1 1]
481
575	7	[5 5]
627	7	[2 6]
158
906
888
396
676	7	[6 6]
642
872	7	[2 8]
279	7	[2 9]
784	7	[4 8]
788	7	[8 8]
354
244
425
788	7	[8 8]
503
444
275	7	[2 5]
170	7	[0 1]
475	7	[4 5]
238
193
077	7	[0 7]
871	7	[1 8]
924
937	7	[3 9]
835
449
052
340
820
397	7	[3 9]
189
668
947	7	[4 9]
449
278	7	[2 8]
054
235
215
970	7	[0 9]
027	7	[0 2]
168
855
582
972	7	[2 9]
163
518
872	7	[2 8]
146
612
534
311
291
422
689
638
752	7	[2 5]
288
427	7	[2 4]
972	7	[2 9]
546
534
094
512
981
793	7	[3 9]
586
646
014
778	7	[7 8]
457	7	[4 5]
124
956
205
382
427	7	[2 4]
595
068
943
453
794	7	[4 9]
699
837	7	[3 8]
033
341
652
497	7	[4 9]
503
518
940
101
714	7	[1 4]
869
873	7	[3 8]
286
384
490
886
641
376	7	[3 6]
886
436
582
619
159
106
774	7	[4 7]
218
611
746	7	[4 6]
227	7	[2 2]
307	7	[0 3]
824
318
376	7	[3 6]
026
217	7	[1 2]
826
125
825
007	7	[0 0]
573	7	[3 5]
554
016
148
960
437	7	[3 4]
340
341
171	7	[1 1]
601
127	7	[1 2]
976	7	[6 9]
517	7	[1 5]
661
615
955
962
892
811
164
149
648
918
715	7	[1 5]
234
617	7	[1 6]
956
299
866
217	7	[1 2]
568
430
955
292
374	7	[3 4]
359
694
924
131
920
484
109
302
530
658
873	7	[3 8]
801
620
069
022
100
266
256
686
971	7	[1 9]
898
132
711	7	[1 1]
634
174	7	[1 4]
013
227	7	[2 2]
247	7	[2 4]
408
991
463
899
412
763	7	[3 6]
452
219
916
950
065
932
455
787	7	[7 8]
264
659
135
037	7	[0 3]
610
377	7	[3 7]
549
058
717	7	[1 7]
273	7	[2 3]
052
703	7	[0 3]
075	7	[0 5]
232
186
628
344
938
708	7	[0 8]
449
860
931
178	7	[1 8]
071	7	[0 1]
296
697	7	[6 9]
383
768	7	[6 8]
989
243
164
033
756	7	[5 6]
872	7	[2 8]
402
739	7	[3 9]
372	7	[2 3]
150
397	7	[3 9]
617	7	[1 6]
177	7	[1 7]
474	7	[4 4]
338
131
386
493
176	7	[1 6]
208
682
304
588
604
996
469
510
076	7	[0 6]
387	7	[3 8]
755	7	[5 5]
895
914
325
545
278	7	[2 8]
119
903
408
231
593
627	7	[2 6]
890
010
533
446
734	7	[3 4]
067	7	[0 6]
126
874	7	[4 8]
594
055
989
618
789	7	[8 9]
246
761	7	[1 6]
928
310
574	7	[4 5]
924
100
859
726	7	[2 6]
848
988
837	7	[3 8]
840
118
048
129
193
664
194
697	7	[6 9]
695
669
954
161
125
908
784	7	[4 8]
728	7	[2 8]
933
895
477	7	[4 7]
199
764	7	[4 6]
760	7	[0 6]
497	7	[4 9]
764	7	[4 6]
382
352
227	7	[2 2]
216
958
425
879	7	[8 9]
134
441
473	7	[3 4]
556
164
534
957	7	[5 9]
863
743	7	[3 4]
397	7	[3 9]
888
735	7	[3 5]
499
089
355
618
001
193
913
228
091
483
951
671	7	[1 6]
482
035
190
545
348
537	7	[3 5]
189
520
199
311
704	7	[0 4]
338
498
059
060
391
435
792	7	[2 9]
975	7	[5 9]
190
620
260
470	7	[0 4]
858
865
660
554
736	7	[3 6]
721	7	[1 2]
901
467	7	[4 6]
023
452
008
982
521
007	7	[0 0]
986
010
384
971	7	[1 9]
137	7	[1 3]
706	7	[0 6]
350
343
758	7	[5 8]
129
645
695
160
104
827	7	[2 8]
696
444
429
427	7	[2 4]
288
990
289
820
321
457	7	[4 5]
670	7	[0 6]
635
453
674	7	[4 6]
913
422
561
111
507	7	[0 5]
399
171	7	[1 1]
537	7	[3 5]
336
796	7	[6 9]
627	7	[2 6]
902
283
087	7	[0 8]
187	7	[1 8]
245
816
624
430
160
852
021
836
661
190
730	7	[0 3]
840
831
924
803
270	7	[0 2]
542
660
393
667	7	[6 6]
565
202
226
329
568
841
056
308
661
542
133
425
475	7	[4 5]
090
439
603
040
408
369
401
251
270	7	[0 2]
983
397	7	[3 9]
833
650
466
276	7	[2 6]
047	7	[0 4]
163
542
825
724	7	[2 4]
075	7	[0 5]
038
157	7	[1 5]
676	7	[6 6]
941
141
999
985
798	7	[8 9]
181
358
728	7	[2 8]
926
529
170	7	[0 1]
917	7	[1 9]
854
317	7	[1 3]
498
292
276	7	[2 6]
698
659
841
487	7	[4 8]
131
003
277	7	[2 7]
656
899
165
733	7	[3 3]
608
889
872	7	[2 8]
669
650
456
547	7	[4 5]
699
218
789	7	[8 9]
732	7	[2 3]
456
787	7	[7 8]
722	7	[2 2]
437	7	[3 4]
592
316
745	7	[4 5]
345
547	7	[4 5]
297	7	[2 9]
905
327	7	[2 3]
680
990
818
496
629
701	7	[0 1]
539
978	7	[8 9]
662
635
938
396
542
563
517	7	[1 5]
297	7	[2 9]
281
517	7	[1 5]
085
210
073	7	[0 3]
957	7	[5 9]
360
523
719	7	[1 9]
476	7	[4 6]
448
734	7	[3 4]
728	7	[2 8]
919
089
474	7	[4 4]
525
444
560
745	7	[4 5]
537	7	[3 5]
756	7	[5 6]
352
292
646
399
057	7	[0 5]
170	7	[0 1]
393
335
543
276	7	[2 6]
037	7	[0 3]
124
042
879	7	[8 9]
167	7	[1 6]
747	7	[4 7]
558
412
441
655
006
983
918
925
006
590
195
068
243
987	7	[8 9]
042
116
599
481
322
108
009
523
937	7	[3 9]
156
598
483
321
242
319
649
174	7	[1 4]
258
621
532
441
587	7	[5 8]
083
179	7	[1 9]
549
353
583
410
771	7	[1 7]
567	7	[5 6]
036
125
391
971	7	[1 9]
014
859
596
471	7	[1 4]
391
496
954
707	7	[0 7]
406
605
681
830
707	7	[0 7]
174	7	[1 4]
855
682
400
894
896
091
292
590
895
617	7	[1 6]
317	7	[1 3]
236
984
826
613
734	7	[3 4]
103
273	7	[2 3]
713	7	[1 3]
238
678	7	[6 8]
218
451
141
157	7	[1 5]
017	7	[0 1]
283
684
676	7	[6 6]
857	7	[5 8]
732	7	[2 3]
059
099
928
578	7	[5 8]
736	7	[3 6]
455
387	7	[3 8]
380
519
262
923
427	7	[2 4]
255
442
458
096
376	7	[3 6]
017	7	[0 1]
246
045
481
384
205
658
199
708	7	[0 8]
459
979	7	[9 9]
019
931
942
995
237	7	[2 3]
481
018
474	7	[4 4]
204
347	7	[3 4]
700	7	[0 0]
119
836
508
225
775	7	[5 7]
740	7	[0 4]
374	7	[3 4]
148
979	7	[9 9]
008
276	7	[2 6]
887	7	[8 8]
507	7	[0 5]
745	7	[4 5]
501
622
776	7	[6 7]
474	7	[4 4]
898
016
048
116
277	7	[2 7]
987	7	[8 9]
661
444
205
524
902
777	7	[7 7]
346
721	7	[1 2]
003
438
632
680
477	7	[4 7]
665
450
428
554
485
069
038
397	7	[3 9]
697	7	[6 9]
367	7	[3 6]
707	7	[0 7]
326
207	7	[0 2]
648
272	7	[2 2]
141
780	7	[0 8]
399
526
375	7	[3 5]
636
166
589
740	7	[0 4]
106
733	7	[3 3]
189
313
845
274	7	[2 4]
760	7	[0 6]
691
409
091
590
075	7	[0 5]
886
734	7	[3 4]
320
641
523
744	7	[4 4]
609
068
399
584
912
216
888
145
536
017	7	[0 1]
848
927	7	[2 9]
362
305
085
420
279	7	[2 9]
334
177	7	[1 7]
625
235
762	7	[2 6]
372	7	[2 3]
290
305
455
215
641
276	7	[2 6]
285
243
024
348
565
423
860
693
346
532
353
307	7	[0 3]
176	7	[1 6]
723	7	[2 3]
299
876	7	[6 8]
991
978	7	[8 9]
157	7	[1 5]
878	7	[8 8]
558
554
424
615
481
423
425
948
533
474	7	[4 4]
339
177	7	[1 7]
056
578	7	[5 8]
380
441
404
789	7	[8 9]
216
582
503
797	7	[7 9]
327	7	[2 3]
340
647	7	[4 6]
230
600
174	7	[1 4]
727	7	[2 7]
169
206
071	7	[0 1]
904
529
062
604
770	7	[0 7]
497	7	[4 9]
626
653
867	7	[6 8]
750	7	[0 5]
803
804
539
550
705	7	[0 5]
325
229
444
481
023
990
308
771	7	[1 7]
869
990
117	7	[1 1]
479	7	[4 9]
025
911
771	7	[1 7]
595
135
852
680
935
076	7	[0 6]
038
396
842
617	7	[1 6]
798	7	[8 9]
075	7	[0 5]
093
584
481
292
431
707	7	[0 7]
290
251
626
985
780	7	[0 8]
825
510
110
121
035
716	7	[1 6]
230
479	7	[4 9]
592
289
609
980
199
502
773	7	[3 7]
560
540
303
933
983
297	7	[2 9]
132
208
409
004
478	7	[4 8]
130
058
995
521
310
648
468
920
609
749	7	[4 9]
773	7	[3 7]
125
754	7	[4 5]
538
459
334
894
396
340
092
360
393
514
176	7	[1 6]
236
077	7	[0 7]
366
686
883
156
132
259
220
171	7	[1 1]
018
499
506
100
239
284
161
674	7	[4 6]
813
260
176	7	[1 6]
314
499
529
008
203
032
266
522
482
176	7	[1 6]
921
479	7	[4 9]
632
083
043
959
498
537	7	[3 5]
746	7	[4 6]
885
389
058
663
956
791	7	[1 9]
037	7	[0 3]
234
598
181
349
844
640
231
176	7	[1 6]
783	7	[3 8]
852
204
871	7	[1 8]
054
959
323
619
378	7	[3 8]
483
783	7	[3 8]
917	7	[1 9]
535
115
182
376	7	[3 6]
501
280
482
630
448
247	7	[2 4]
023
009
053
125
470	7	[0 4]
717	7	[1 7]
254
986
706	7	[0 6]
961
686
160
451
235
272	7	[2 2]
820
885
111
916
893
246
913
030
133
145
915
923
957	7	[5 9]
065
150
680
148
248
140
862
435
078	7	[0 8]
568
019
848
059
256
166
244
852
687	7	[6 8]
173	7	[1 3]
274	7	[2 4]
944
747	7	[4 7]
058
583
404
578	7	[5 8]
133
005
282
087	7	[0 8]
651
731	7	[1 3]
845
473	7	[3 4]
190
522
468
949
452
533
741	7	[1 4]
369
850
412
264
337	7	[3 3]
161
897	7	[8 9]
915
531
328
241
987	7	[8 9]
434
132
091
332
675	7	[5 6]
742	7	[2 4]
182
759	7	[5 9]
945
228
432
676	7	[6 6]
869
483
412
135
380
518
536
783	7	[3 8]
710	7	[0 1]
959
632
837	7	[3 8]
372	7	[2 3]
214
689
011
937	7	[3 9]
581
033
778	7	[7 8]
900
352
437	7	[3 4]
833
886
311
723	7	[2 3]
831
158
625
422
412
102
607	7	[0 6]
068
975	7	[5 9]
664
492
970	7	[0 9]
587	7	[5 8]
554
369
488
072	7	[0 2]
191
601
162
614
354
310
736	7	[3 6]
119
880
663
061
500
537	7	[3 5]
020
434
284
929
642
954
879	7	[8 9]
800
658
776	7	[6 7]
480
772	7	[2 7]
374	7	[3 4]
525
332
241
129
929
817	7	[1 8]
646
747	7	[4 7]
646
186
375	7	[3 5]
697	7	[6 9]
077	7	[0 7]
911
473	7	[3 4]
352
155
135
588
580
486
869
504
450
355
473	7	[3 4]
233
466
049
162
762	7	[2 6]
585
537	7	[3 5]
253
805
886
792	7	[2 9]
336
305
081
596
918
768	7	[6 8]
930
627	7	[2 6]
129
149
705	7	[0 5]
765	7	[5 6]
048
008
984
777	7	[7 7]
320
513
533
917	7	[1 9]
490
363
002
961
417	7	[1 4]
178	7	[1 8]
454
910
703	7	[0 3]
358
264
084
597	7	[5 9]
975	7	[5 9]
386
800
586
433
334
169
927	7	[2 9]
782	7	[2 8]
413
559
934
651
356
535
372	7	[2 3]
083
208
862
098
989
231
445
503
976	7	[6 9]
523
645
048
771	7	[1 7]
623
396
706	7	[0 6]
355
811
982
964
975	7	[5 9]
683
867	7	[6 8]
914
716	7	[1 6]
928
745	7	[4 5]
882
053
860
825
136
983
308
250
091
921
388
493
056
383
640
896
019
912
050
214
189
447	7	[4 4]
512
318
615
882
889
684
667	7	[6 6]
448
323
486
900
657	7	[5 6]
849
890
170	7	[0 1]
135
111
160
113
055
463
659
388
860
410
798	7	[8 9]
973	7	[3 9]
529
523
925
644
709	7	[0 9]
396
507	7	[0 5]
669
703	7	[0 3]
394
956
027	7	[0 2]
997	7	[9 9]
465
786	7	[6 8]
027	7	[0 2]
040
372	7	[2 3]
963
256
799	7	[9 9]
231
990
734	7	[3 4]
113
254
387	7	[3 8]
346
626
844
108
035
461
610
757	7	[5 7]
573	7	[3 5]
009
696
896
571	7	[1 5]
186
588
426
164
625
193
049
585
626
514
374	7	[3 4]
177	7	[1 7]
691
374	7	[3 4]
366
990
015
192
573	7	[3 5]
200
590
071	7	[0 1]
967	7	[6 9]
006
383
881
441
013
831
367	7	[3 6]
769	7	[6 9]
593
517	7	[1 5]
119
482
447	7	[4 4]
788	7	[8 8]
621
541
058
841
481
817	7	[1 8]
030
037	7	[0 3]
242
995
758	7	[5 8]
586
369
511
527	7	[2 5]
932
925
517	7	[1 5]
615
234
796	7	[6 9]
368
482
263
864
733	7	[3 3]
400
014
094
867	7	[6 8]
186
082
448
039
875	7	[5 8]
356
856
835
724	7	[2 4]
686
933
173	7	[1 3]
181
543
386
707	7	[0 7]
250
367	7	[3 6]
765	7	[5 6]
965
199
765	7	[5 6]
616
849
136
586
797	7	[7 9]
998
562
479	7	[4 9]
523
905
423
973	7	[3 9]
346
185
166
352
377	7	[3 7]
489
146
728	7	[2 8]
022
204
156
548
376	7	[3 6]
318
834
249
258
098
888
363
444
693
318
260
705	7	[0 5]
390
029
376	7	[3 6]
975	7	[5 9]
142
172	7	[1 2]
921
811
871	7	[1 8]
223
171	7	[1 1]
123
289
758	7	[5 8]
853
687	7	[6 8]
058
482
646
392
077	7	[0 7]
114
663
608
434
132
514
166
952
921
946
080
253
215
916
095
638
332
881
234
488
892
265
972	7	[2 9]
860
787	7	[7 8]
220
091
219
672	7	[2 6]
455
187	7	[1 8]
294
469
121
807	7	[0 8]
788	7	[8 8]
470	7	[0 4]
097	7	[0 9]
547	7	[4 5]
171	7	[1 1]
706	7	[0 6]
763	7	[3 6]
761	7	[1 6]
742	7	[2 4]
640
275	7	[2 5]
975	7	[5 9]
041
199
048
931
221
772	7	[2 7]
965
039
607	7	[0 6]
359
560
830
811
086
416
564
528
608
024
169
939
322
437	7	[3 4]
735	7	[3 5]
222
127	7	[1 2]
715	7	[1 5]
291
242
479	7	[4 9]
720	7	[0 2]
553
115
626
074	7	[0 4]
588
783	7	[3 8]
302
009
987	7	[8 9]
724	7	[2 4]
633
356
583
655
161
516
525
220
102
590
262
539
047	7	[0 4]
143
069
322
146
450
643
382
967	7	[6 9]
309
533
730	7	[0 3]
179	7	[1 9]
472	7	[2 4]
239
449
171	7	[1 1]
628
688
230
508
197	7	[1 9]
540
527	7	[2 5]
542
775	7	[5 7]
509
786	7	[6 8]
569
226
879	7	[8 9]
341
680
811
897	7	[8 9]
698
877	7	[7 8]
433
261
979	7	[9 9]
396
111
548
382
532
203
292
526
770	7	[0 7]
749	7	[4 9]
438
519
510
577	7	[5 7]
024
641
268
033
569
475	7	[4 5]
607	7	[0 6]
646
242
833
570	7	[0 5]
812
858
680
438
071	7	[0 1]
984
941
231
113
949
866
274	7	[2 4]
061
122
432
209
465
414
861
337	7	[3 3]
257	7	[2 5]
126
595
241
235
185
972	7	[2 9]
208
814
681
713	7	[1 3]
955
091
552
935
324
499
519
109
075	7	[0 5]
665
575	7	[5 5]
958
175	7	[1 5]
636
666
876	7	[6 8]
262
634
756	7	[5 6]
659
197	7	[1 9]
817	7	[1 8]
045
265
119
204
054
997	7	[9 9]
841
977	7	[7 9]
740	7	[0 4]
847	7	[4 8]
185
805
903
163
847	7	[4 8]
536
697	7	[6 9]
411
742	7	[2 4]
611
414
952
383
160
780	7	[0 8]
539
422
962
888
959
371	7	[1 3]
846
140
492
653
504
851
956
397	7	[3 9]
022
391
976	7	[6 9]
860
864
541
154
144
507	7	[0 5]
192
847	7	[4 8]
756	7	[5 6]
272	7	[2 2]
044
472	7	[2 4]
407	7	[0 4]
779	7	[7 9]
125
609
185
958
265
591
722	7	[2 2]
807	7	[0 8]
353
589
272	7	[2 2]
051
438
421
637	7	[3 6]
118
557	7	[5 5]
057	7	[0 5]
670	7	[0 6]
199
209
229
782	7	[2 8]
825
855
899
710	7	[0 1]
001
904
809
503
538
220
737	7	[3 7]
427	7	[2 4]
562
019
089
630
244
071	7	[0 1]
117	7	[1 1]
824
383
389
964
970	7	[0 9]
368
794	7	[4 9]
307	7	[0 3]
466
892
482
853
264
967	7	[6 9]
549
904
362
475	7	[4 5]
388
287	7	[2 8]
186
800
795	7	[5 9]
506
797	7	[7 9]
921
681
844
147	7	[1 4]
621
833
475	7	[4 5]
557	7	[5 5]
908
739	7	[3 9]
037	7	[0 3]
479	7	[4 9]
311
731	7	[1 3]
366
612
571	7	[1 5]
430
210
328
283
658
204
578	7	[5 8]
671	7	[1 6]
720	7	[0 2]
405
858
680
241
162
379	7	[3 9]
403
787	7	[7 8]
594
462
415
456
368
114
152
121
956
984
853
777	7	[7 7]
594
310
105
538
553
491
199
804
779	7	[7 9]
104
775	7	[5 7]
121
492
171	7	[1 1]
004
509
195
760	7	[0 6]
271	7	[1 2]
882
052
845
871	7	[1 8]
679	7	[6 9]
575	7	[5 5]
541
392
252
602
569
707	7	[0 7]
634
952
904
924
018
342
022
983
486
978	7	[8 9]
864
599
414
329
584
890
022
940
411
207	7	[0 2]
377	7	[3 7]
639
744	7	[4 4]
435
363
268
272	7	[2 2]
651
053
781	7	[1 8]
078	7	[0 8]
967	7	[6 9]
961
490
162
770	7	[0 7]
179	7	[1 9]
965
218
925
251
795	7	[5 9]
741	7	[1 4]
330
510
053
584
367	7	[3 6]
804
470	7	[0 4]
629
268
958
238
464
923
241
845
386
625
677	7	[6 7]
919
836
096
312
330
549
766	7	[6 6]
160
473	7	[3 4]
328
926
841
730	7	[0 3]
959
564
047	7	[0 4]
886
752	7	[2 5]
027	7	[0 2]
085
620
737	7	[3 7]
529
170	7	[0 1]
869
996
807	7	[0 8]
818
386
619
468
926
402
453
134
790	7	[0 9]
640
790	7	[0 9]
052
632
820
525
403
126
150
139
601
513
368
059
253
887	7	[8 8]
907	7	[0 9]
460
692
535
001
811
835
648
387	7	[3 8]
827	7	[2 8]
204
113
945
368
504
678	7	[6 8]
133
054
042
567	7	[5 6]
977	7	[7 9]
246
737	7	[3 7]
413
184
827	7	[2 8]
794	7	[4 9]
301
339
263
323
232
811
871	7	[1 8]
753	7	[3 5]
506
760	7	[0 6]
628
250
819
548
976	7	[6 9]
516
411
430
541
594
559
170	7	[0 1]
888
740	7	[0 4]
776	7	[6 7]
918
097	7	[0 9]
987	7	[8 9]
681
720	7	[0 2]
138
006
659
417	7	[1 4]
183
033
363
880
765	7	[5 6]
410
573	7	[3 5]
527	7	[2 5]
396
048
127	7	[1 2]
626
237	7	[2 3]
864
678	7	[6 8]
402
831
967	7	[6 9]
389
611
661
032
892
551
066
139
415
246
422
934
323
288
204
124
624
306
478	7	[4 8]
869
237	7	[2 3]
254
231
589
713	7	[1 3]
993
339
254
520
886
905
453
462
011
408
754	7	[4 5]
495
470	7	[0 4]
534
896
696
001
565
468
101
760	7	[0 6]
947	7	[4 9]
337	7	[3 3]
640
201
152
732	7	[2 3]
353
833
162
800
606
266
627	7	[2 6]
380
992
458
023
491
028
317	7	[1 3]
287	7	[2 8]
198
872	7	[2 8]
835
460
648
602
015
162
421
421
444
623
638
731	7	[1 3]
965
740	7	[0 4]
825
824
408
947	7	[4 9]
156
752	7	[2 5]
169
666
952
294
397	7	[3 9]
170	7	[0 1]
739	7	[3 9]
336
163
505
023
114
810
876	7	[6 8]
385
440
943
036
976	7	[6 9]
783	7	[3 8]
816
616
546
660
611
682
939
783	7	[3 8]
680
682
937	7	[3 9]
017	7	[0 1]
318
849
526
102
725	7	[2 5]
497	7	[4 9]
700	7	[0 0]
220
396
749	7	[4 9]
653
923
825
787	7	[7 8]
657	7	[5 6]
163
043
331
663
374	7	[3 4]
421
583
970	7	[0 9]
184
073	7	[0 3]
499
902
410
425
425
446
156
887	7	[8 8]
351
439
280
536
184
224
176	7	[1 6]
426
088
631
012
083
721	7	[1 2]
223
287	7	[2 8]
379	7	[3 9]
356
597	7	[5 9]
661
264
998
507	7	[0 5]
971	7	[1 9]
371	7	[1 3]
748	7	[4 8]
987	7	[8 9]
839
709	7	[0 9]
518
352
809
364
637	7	[3 6]
088
279	7	[2 9]
278	7	[2 8]
286
895
241
022
287	7	[2 8]
839
419
211
474	7	[4 4]
025
814
167	7	[1 6]
845
651
751	7	[1 5]
315
595
124
228
359
639
416
013
133
714	7	[1 4]
773	7	[3 7]
788	7	[8 8]
153
426
833
350
749	7	[4 9]
868
346
277	7	[2 7]
995
542
782	7	[2 8]
216
045
582
670	7	[0 6]
260
534
217	7	[1 2]
426
535
975	7	[5 9]
955
933
462
817	7	[1 8]
064
933
976	7	[6 9]
156
077	7	[0 7]
148
433
980
058
964
440
812
176	7	[1 6]
665
272	7	[2 2]
552
886
601
760	7	[0 6]
997	7	[9 9]
414
988
056
223
803
211
838
386
004
940
773	7	[3 7]
522
960
554
878	7	[8 8]
268
228
213
046
860
033
926
910
896
957	7	[5 9]
346
832
591
786	7	[6 8]
884
455
050
333
777	7	[7 7]
987	7	[8 9]
613
679	7	[6 9]
688
191
186
546
833
708	7	[0 8]
302
830
143
037	7	[0 3]
090
142
158
025
825
998
230
668
817	7	[1 8]
568
991
739	7	[3 9]
526
032
871	7	[1 8]
675	7	[5 6]
612
741	7	[1 4]
591
414
794	7	[4 9]
269
877	7	[7 8]
715	7	[1 5]
389
225
193
249
660
754	7	[4 5]
436
272	7	[2 2]
714	7	[1 4]
771	7	[1 7]
148
361
654
660
825
957	7	[5 9]
819
755	7	[5 5]
303
357	7	[3 5]
839
689
762	7	[2 6]
913
354
546
985
824
948
132
713	7	[1 3]
549
959
719	7	[1 9]
296
975	7	[5 9]
257	7	[2 5]
198
651
195
221
704	7	[0 4]
596
651
754	7	[4 5]
637	7	[3 6]
367	7	[3 6]
163
173	7	[1 3]
217	7	[1 2]
784	7	[4 8]
470	7	[0 4]
531
573	7	[3 5]
557	7	[5 5]
723	7	[2 3]
461
790	7	[0 9]
013
805
839
443
036
850
157	7	[1 5]
858
696
972	7	[2 9]
041
307	7	[0 3]
170	7	[0 1]
129
466
001
419
372	7	[2 3]
560
548
362
341
199
155
230
357	7	[3 5]
813
423
697	7	[6 9]
119
238
652
214
661
405
943
898
532
097	7	[0 9]
637	7	[3 6]
344
681
777	7	[7 7]
287	7	[2 8]
129
615
047	7	[0 4]
616
058
076	7	[0 6]
302
063
376	7	[3 6]
435
691
778	7	[7 8]
278	7	[2 8]
094
992
955
044
020
847	7	[4 8]
479	7	[4 9]
762	7	[2 6]
121
063
332
271	7	[1 2]
158
644
014
738	7	[3 8]
829
684
876	7	[6 8]
159
886
688
011
259
115
740	7	[0 4]
525
838
132
856
778	7	[7 8]
201
169
409
915
481
415
299
619
989
361
915
285
187	7	[1 8]
227	7	[2 2]
784	7	[4 8]
884
950
603
585
688
035
221
301
272	7	[2 2]
108
253
245
666
975	7	[5 9]
724	7	[2 4]
704	7	[0 4]
766	7	[6 6]
834
019
628
364
935
154
426
367	7	[3 6]
411
877	7	[7 8]
793	7	[3 9]
211
941
594
827	7	[2 8]
296
818
270	7	[0 2]
385
779	7	[7 9]
989
436
280
628
213
320
382
397	7	[3 9]
671	7	[1 6]
500
300
804
048
834
431
572	7	[2 5]
384
345
900
793	7	[3 9]
719	7	[1 9]
040
143
773	7	[3 7]
582
422
341
747	7	[4 7]
617	7	[1 6]
350
618
787	7	[7 8]
388
735	7	[3 5]
751	7	[1 5]
833
465
689
481
244
310
009
347	7	[3 4]
906
138
028
026
369
976	7	[6 9]
569
669
503
384
941
604
615
514
338
045
769	7	[6 9]
685
152
107	7	[0 1]
598
262
219
155
480
620
208
867	7	[6 8]
402
440
080
257	7	[2 5]
797	7	[7 9]
516
088
454
108
541
561
525
765	7	[5 6]
034
611
283
376	7	[3 6]
723	7	[2 3]
302
177	7	[1 7]
510
069
623
204
458
940
693
358
973	7	[3 9]
945
486
707	7	[0 7]
330
035
878	7	[8 8]
066
147	7	[1 4]
302
518
568
463
657	7	[5 6]
208
137	7	[1 3]
109
394
669
569
722	7	[2 2]
044
282
976	7	[6 9]
694
178	7	[1 8]
302
292
898
131
913
059
471	7	[1 4]
468
318
837	7	[3 8]
544
246
786	7	[6 8]
657	7	[5 6]
944
901
129
032
315
090
212
119
972	7	[2 9]
608
807	7	[0 8]
047	7	[0 4]
826
307	7	[0 3]
955
035
301
790	7	[0 9]
474	7	[4 4]
124
021
271	7	[1 2]
688
317	7	[1 3]
303
566
331
908
561
963
078	7	[0 8]
726	7	[2 6]
002
757	7	[5 7]
933
916
700	7	[0 0]
554
636
187	7	[1 8]
258
378	7	[3 8]
944
498
291
519
478	7	[4 8]
414
150
474	7	[4 4]
131
361
150
146
716	7	[1 6]
750	7	[0 5]
982
063
093
471	7	[1 4]
318
923
513
918
359
655
057	7	[0 5]
652
299
402
975	7	[5 9]
229
573	7	[3 5]
630
016
381
167	7	[1 6]
549
072	7	[0 2]
917	7	[1 9]
771	7	[1 7]
726	7	[2 6]
159
643
877	7	[7 8]
031
115
170	7	[0 1]
553
536
492
674	7	[4 6]
243
928
466
763	7	[3 6]
920
982
188
564
244
474	7	[4 4]
373	7	[3 3]
376	7	[3 6]
272	7	[2 2]
186
268
040
679	7	[6 9]
767	7	[6 7]
999
750	7	[0 5]
910
594
420
472	7	[2 4]
439
606
278	7	[2 8]
164
057	7	[0 5]
320
810
449
414
676	7	[6 6]
544
591
175	7	[1 5]
730	7	[0 3]
654
420
047	7	[0 4]
691
480
971	7	[1 9]
465
789	7	[8 9]
916
675	7	[5 6]
300
989
957	7	[5 9]
106
969
373	7	[3 3]
223
331
026
488
756	7	[5 6]
324
461
095
121
703	7	[0 3]
468
746	7	[4 6]
598
397	7	[3 9]
667	7	[6 6]
098
071	7	[0 1]
802
794	7	[4 9]
372	7	[2 3]
163
960
588
877	7	[7 8]
169
026
570	7	[0 5]
057	7	[0 5]
619
068
080
702	7	[0 2]
552
820
387	7	[3 8]
551
252
237	7	[2 3]
744	7	[4 4]
443
275	7	[2 5]
682
571	7	[1 5]
069
151
661
491
000
706	7	[0 6]
898
235
201
260
367	7	[3 6]
696
798	7	[8 9]
481
853
127	7	[1 2]
392
722	7	[2 2]
805
264
324
915
139
170	7	[0 1]
335
313
480
497	7	[4 9]
580
711	7	[1 1]
860
972	7	[2 9]
631
986
944
478	7	[4 8]
447	7	[4 4]
825
871	7	[1 8]
664
518
171	7	[1 1]
679	7	[6 9]
995
159
214
923
511
338
008
884
933
469
637	7	[3 6]
001
838
459
133
733	7	[3 3]
235
175	7	[1 5]
160
495
748	7	[4 8]
563
713	7	[1 3]
519
859
947	7	[4 9]
130
359
384
849
111
639
062
369
191
124
908
583
646
183
825
956
862
734	7	[3 4]
213
397	7	[3 9]
042
372	7	[2 3]
446
910
971	7	[1 9]
859
584
823
986
657	7	[5 6]
798	7	[8 9]
636
305
845
939
886
936
426
307	7	[0 3]
684
543
194
001
480
215
743	7	[3 4]
445
132
618
394
626
507	7	[0 5]
074	7	[0 4]
318
711	7	[1 1]
051
601
879	7	[8 9]
860
155
106
980
046
847	7	[4 8]
217	7	[1 2]
379	7	[3 9]
038
867	7	[6 8]
096
160
874	7	[4 8]
257	7	[2 5]
079	7	[0 9]
936
609
272	7	[2 2]
676	7	[6 6]
654
255
099
528
199
580
283
124
463
047	7	[0 4]
853
856
750	7	[0 5]
989
173	7	[1 3]
889
654
296
721	7	[1 2]
969
717	7	[1 7]
197	7	[1 9]
582
418
138
204
187	7	[1 8]
657	7	[5 6]
757	7	[5 7]
761	7	[1 6]
745	7	[4 5]
845
708	7	[0 8]
875	7	[5 8]
035
977	7	[7 9]
737	7	[3 7]
879	7	[8 9]
160
221
204
449
282
137	7	[1 3]
211
731	7	[1 3]
802
871	7	[1 8]
276	7	[2 6]
709	7	[0 9]
389
775	7	[5 7]
699
273	7	[2 3]
824
440
676	7	[6 6]
389
021
343
706	7	[0 6]
200
366
264
407	7	[0 4]
925
949
434
182
709	7	[0 9]
426
043
862
103
697	7	[6 9]
386
126
427	7	[2 4]
031
224
986
638
108
776	7	[6 7]
249
314
448
615
519
389
826
852
113
425
520
996
157	7	[1 5]
786	7	[6 8]
414
944
176	7	[1 6]
538
711	7	[1 1]
982
837	7	[3 8]
690
657	7	[5 6]
864
098
061
041
969
925
247	7	[2 4]
941
492
050
744	7	[4 4]
475	7	[4 5]
806
525
737	7	[3 7]
563
332
658
076	7	[0 6]
948
317	7	[1 3]
658
248
458
060
603
672	7	[2 6]
529
584
487	7	[4 8]
255
063
749	7	[4 9]
993
354
048
616
282
885
057	7	[0 5]
968
481
191
905
756	7	[5 6]
437	7	[3 4]
025
245
822
009
915
684
699
587	7	[5 8]
032
064
975	7	[5 9]
292
399
047	7	[0 4]
051
251
229
389
943
542
405
510
185
861
415
097	7	[0 9]
952
447	7	[4 4]
078	7	[0 8]
433
325
184
608
552
873	7	[3 8]
744	7	[4 4]
463
912
835
757	7	[5 7]
345
357	7	[3 5]
288
066
860
235
662
066
514
705	7	[0 5]
245
816
658
012
875	7	[5 8]
178	7	[1 8]
429
049
845
324
547	7	[4 5]
847	7	[4 8]
953
099
523
678	7	[6 8]
724	7	[2 4]
103
497	7	[4 9]
193
560
562
785	7	[5 8]
886
283
334
545
932
226
106
800
443
481
314
987	7	[8 9]
650
312
767	7	[6 7]
974	7	[4 9]
193
226
082
564
810
964
847	7	[4 8]
898
452
607	7	[0 6]
346
866
256
147	7	[1 4]
039
418
755	7	[5 5]
306
714	7	[1 4]
407	7	[0 4]
011
297	7	[2 9]
452
684
429
558
378	7	[3 8]
818
419
798	7	[8 9]
676	7	[6 6]
189
346
616
591
678	7	[6 8]
203
034
248
023
142
131
192
281
428
720	7	[0 2]
326
220
744	7	[4 4]
113
209
812
568
328
200
704	7	[0 4]
763	7	[3 6]
847	7	[4 8]
368
130
271	7	[1 2]
837	7	[3 8]
618
598
611
267	7	[2 6]
325
665
091
303
807	7	[0 8]
420
607	7	[0 6]
023
411
021
006
597	7	[5 9]
471	7	[1 4]
218
528
286
595
889
959
586
055
865
322
464
780	7	[0 8]
943
104
780	7	[0 8]
863
206
356
998
856
291
106
322
477	7	[4 7]
358
932
699
850
794	7	[4 9]
130
153
459
918
062
603
925
134
538
608
451
157	7	[1 5]
607	7	[0 6]
923
489
989
715	7	[1 5]
182
320
460
230
557	7	[5 5]
441
052
209
944
791	7	[1 9]
418
062
969
989
453
791	7	[1 9]
269
615
605
284
586
104
103
486
014
153
077	7	[0 7]
818
107	7	[0 1]
774	7	[4 7]
169
081
720	7	[0 2]
513
389
613
363
624
277	7	[2 7]
860
994
330
481
380
826
752	7	[2 5]
030
649
433
638
261
213
471	7	[1 4]
858
778	7	[7 8]
644
081
835
119
947	7	[4 9]
055
893
769	7	[6 9]
218
161
921
651
982
432
858
138
723	7	[2 3]
808
205
207	7	[0 2]
884
973	7	[3 9]
325
143
398
672	7	[2 6]
698
232
256
924
039
270	7	[0 2]
971	7	[1 9]
623
264
615
480
108
666
768	7	[6 8]
245
703	7	[0 3]
368
677	7	[6 7]
482
386
225
221
312
352
433
743	7	[3 4]
623
606
943
444
675	7	[5 6]
187	7	[1 8]
830
662
654
588
558
249
966
115
776	7	[6 7]
496
183
508
309
791	7	[1 9]
475	7	[4 5]
511
396
099
708	7	[0 8]
590
498
980
941
528
936
954
832
230
968
793	7	[3 9]
868
369
807	7	[0 8]
294
049
944
998
690
133
956
959
530
314
842
317	7	[1 3]
421
037	7	[0 3]
715	7	[1 5]
128
933
119
550
096
260
232
941
553
606
876	7	[6 8]
891
864
889
070	7	[0 0]
420
225
880
936
958
714	7	[1 4]
010
919
333
885
074	7	[0 4]
171	7	[1 1]
343
184
244
627	7	[2 6]
742	7	[2 4]
134
324
710	7	[0 1]
913
352
455
532
804
928
506
910
492
116
222
873	7	[3 8]
860
546
067	7	[0 6]
553
233
496
312
082
781	7	[1 8]
266
713	7	[1 3]
865
927	7	[2 9]
504
657	7	[5 6]
083
716	7	[1 6]
610
631
771	7	[1 7]
399
659
263
948
480
639
220
364
916
230
421
483
611
177	7	[1 7]
313
769	7	[6 9]
605
738	7	[3 8]
668
647	7	[4 6]
429
489
086
053
116
707	7	[0 7]
148
100
101
833
096
475	7	[4 5]
502
802
291
816
998
113
450
580
419
425
257	7	[2 5]
249
701	7	[0 1]
736	7	[3 6]
075	7	[0 5]
664
759	7	[5 9]
693
223
128
004
748	7	[4 8]
524
778	7	[7 8]
532
313
111
392
996
037	7	[0 3]
865
462
338
526
360
040
666
116
881
116
804
279	7	[2 9]
150
615
565
083
417	7	[1 4]
212
790	7	[0 9]
039
895
642
342
252
612
716	7	[1 6]
273	7	[2 3]
825
077	7	[0 7]
789	7	[8 9]
611
507	7	[0 5]
168
708	7	[0 8]
703	7	[0 3]
863
144
013
320
957	7	[5 9]
861
999
159
404
742	7	[2 4]
958
063
528
753	7	[3 5]
479	7	[4 9]
619
254
150
091
200
288
703	7	[0 3]
046
478	7	[4 8]
541
108
143
361
636
972	7	[2 9]
890
590
376	7	[3 6]
654
656
817	7	[1 8]
933
303
730	7	[0 3]
821
442
540
735	7	[3 5]
814
563
605
074	7	[0 4]
232
371	7	[1 3]
691
439
530
745	7	[4 5]
845
699
792	7	[2 9]
111
635
246
173	7	[1 3]
574	7	[4 5]
321
800
271	7	[1 2]
126
111
184
151
019
262
308
889
360
662
597	7	[5 9]
181
573	7	[3 5]
360
521
449
716	7	[1 6]
884
203
221
401
051
953
161
290
367	7	[3 6]
187	7	[1 8]
072	7	[0 2]
655
197	7	[1 9]
309
553
580
384
634
197	7	[1 9]
206
753	7	[3 5]
914
064
918
435
671	7	[1 6]
302
850
486
348
075	7	[0 5]
526
445
760	7	[0 6]
777	7	[7 7]
395
542
276	7	[2 6]
629
529
118
409
288
372	7	[2 3]
565
261
789	7	[8 9]
320
367	7	[3 6]
975	7	[5 9]
301
593
106
043
120
816
962
967	7	[6 9]
571	7	[1 5]
704	7	[0 4]
710	7	[0 1]
008
004
286
556
581
674	7	[4 6]
203
200
527	7	[2 5]
541
883
679	7	[6 9]
441
931
905
327	7	[2 3]
691
104
621
324
039
971	7	[1 9]
027	7	[0 2]
301
797	7	[7 9]
476	7	[4 6]
307	7	[0 3]
033
867	7	[6 8]
768	7	[6 8]
550
205
023
344
729	7	[2 9]
739	7	[3 9]
212
390
350
200
511
741	7	[1 4]
222
941
841
823
301
151
805
908
755	7	[5 5]
067	7	[0 6]
905
720	7	[0 2]
211
534
241
539
150
079	7	[0 9]
811
658
753	7	[3 5]
595
613
883
174	7	[1 4]
954
751	7	[1 5]
414
961
381
393
710	7	[0 1]
608
985
211
392
555
255
315
950
431
230
067	7	[0 6]
842
438
976	7	[6 9]
217	7	[1 2]
668
988
202
688
428
014
508
589
518
282
374	7	[3 4]
928
761	7	[1 6]
676	7	[6 6]
873	7	[3 8]
559
374	7	[3 4]
616
173	7	[1 3]
224
993
125
627	7	[2 6]
786	7	[6 8]
536
832
994
026
657	7	[5 6]
606
814
327	7	[2 3]
492
668
252
735	7	[3 5]
303
809
750	7	[0 5]
200
022
219
466
643
709	7	[0 9]
590
783	7	[3 8]
951
684
304
968
058
426
148
847	7	[4 8]
500
928
878	7	[8 8]
384
462
244
726	7	[2 6]
472	7	[2 4]
317	7	[1 3]
756	7	[5 6]
635
273	7	[2 3]
918
836
983
399
079	7	[0 9]
674	7	[4 6]
581
063
784	7	[4 8]
620
530
612
707	7	[0 7]
354
169
362
738	7	[3 8]
415
246
246
923
787	7	[7 8]
939
983
957	7	[5 9]
903
870	7	[0 8]
710	7	[0 1]
068
673	7	[3 6]
076	7	[0 6]
889
315
349
101
774	7	[4 7]
183
229
630
581
964
322
588
738	7	[3 8]
399
331
172	7	[1 2]
549
222
750	7	[0 5]
197	7	[1 9]
144
723	7	[2 3]
653
558
624
034
385
805
422
726	7	[2 6]
748	7	[4 8]
551
976	7	[6 9]
251
956
975	7	[5 9]
183
994
408
782	7	[2 8]
117	7	[1 1]
598
154
514
538
898
501
381
997	7	[9 9]
081
999
040
458
896
543
371	7	[1 3]
034
452
014
993
193
481
636
065
441
526
831
623
659
073	7	[0 3]
858
385
193
953
604
937	7	[3 9]
972	7	[2 9]
223
191
448
106
925
013
229
921
968
164
203
549
345
351
016
232
885
691
824
346
976	7	[6 9]
073	7	[0 3]
717	7	[1 7]
470	7	[0 4]
685
636
683
927	7	[2 9]
437	7	[3 4]
510
248
326
528
729	7	[2 9]
070	7	[0 0]
729	7	[2 9]
487	7	[4 8]
344
062
181
343
619
824
182
518
331
138
342
617	7	[1 6]
325
243
587	7	[5 8]
526
663
755	7	[5 5]
486
178	7	[1 8]
086
761	7	[1 6]
075	7	[0 5]
037	7	[0 3]
706	7	[0 6]
503
198
407	7	[0 4]
713	7	[1 3]
773	7	[3 7]
552
003
950
910
773	7	[3 7]
309
868
375	7	[3 5]
247	7	[2 4]
686
383
169
800
128
675	7	[5 6]
540
138
074	7	[0 4]
283
627	7	[2 6]
815
989
344
185
078	7	[0 8]
229
800
849
151
983
638
014
865
285
975	7	[5 9]
552
791	7	[1 9]
261
883
866
160
726	7	[2 6]
433
165
870	7	[0 8]
205
778	7	[7 8]
601
500
110
417	7	[1 4]
981
923
779	7	[7 9]
063
091
043
011
795	7	[5 9]
823
163
005
869
763	7	[3 6]
525
270	7	[0 2]
818
109
618
453
835
374	7	[3 4]
363
980
919
020
034
500
452
270	7	[0 2]
150
428
894
098
178	7	[1 8]
732	7	[2 3]
918
542
352
878	7	[8 8]
863
758	7	[5 8]
666
357	7	[3 5]
661
585
322
419
224
377	7	[3 7]
628
575	7	[5 5]
863
373	7	[3 3]
509
755	7	[5 5]
458
282
393
978	7	[8 9]
292
123
610
573	7	[3 5]
880
529
589
536
332
322
879	7	[8 9]
367	7	[3 6]
561
712	7	[1 2]
297	7	[2 9]
519
602
878	7	[8 8]
250
869
822
304
368
285
330
515
491
476	7	[4 6]
278	7	[2 8]
996
862
225
595
057	7	[0 5]
104
680
294
192
461
752	7	[2 5]
961
092
502
018
353
074	7	[0 4]
880
818
505
859
137	7	[1 3]
952
396
483
106
005
871	7	[1 8]
689
283
064
727	7	[2 7]
361
084
349
134
882
702	7	[0 2]
981
713	7	[1 3]
669
654
634
293
878	7	[8 8]
772	7	[2 7]
039
930
636
752	7	[2 5]
590
270	7	[0 2]
484
773	7	[3 7]
892
822
664
932
869
844
651
601
407	7	[0 4]
563
628
860
231
291
231
960
410
657	7	[5 6]
947	7	[4 9]
110
304
145
142
664
315
471	7	[1 4]
018
562
994
362
342
866
875	7	[5 8]
357	7	[3 5]
048
706	7	[0 6]
197	7	[1 9]
545
945
718	7	[1 8]
205
176	7	[1 6]
603
302
466
015
001
978	7	[8 9]
585
300
919
887	7	[8 8]
216
632
920
253
880
325
363
910
191
558
997	7	[9 9]
786	7	[6 8]
593
866
541
210
277	7	[2 7]
802
828
330
105
647	7	[4 6]
953
651
766	7	[6 6]
685
131
362
504
533
464
171	7	[1 1]
279	7	[2 9]
043
664
138
516
471	7	[1 4]
424
143
652
997	7	[9 9]
005
357	7	[3 5]
749	7	[4 9]
550
117	7	[1 1]
819
847	7	[4 8]
553
715	7	[1 5]
588
297	7	[2 9]
555
650
368
715	7	[1 5]
597	7	[5 9]
661
255
225
008
326
924
086
691
984
886
581
838
656
556
984
222
288
579	7	[5 9]
188
242
220
772	7	[2 7]
161
683
086
426
207	7	[0 2]
723	7	[2 3]
725	7	[2 5]
333
824
442
196
380
524
173	7	[1 3]
047	7	[0 4]
249
542
737	7	[3 7]
983
391
401
708	7	[0 8]
782	7	[2 8]
290
275	7	[2 5]
443
100
137	7	[1 3]
482
221
484
972	7	[2 9]
243
118
094
208
502
961
308
551
018
124
902
166
977	7	[7 9]
158
693
625
649
328
066
602
184
787	7	[7 8]
601
789	7	[8 9]
860
396
943
155
771	7	[1 7]
856
569
168
063
278	7	[2 8]
269
869
942
907	7	[0 9]
677	7	[6 7]
278	7	[2 8]
809
816
270	7	[0 2]
914
039
211
021
645
188
035
104
217	7	[1 2]
847	7	[4 8]
874	7	[4 8]
459
925
638
989
119
973	7	[3 9]
915
353
398
986
196
569
610
708	7	[0 8]
530
880
350
760	7	[0 6]
133
954
028
127	7	[1 2]
107	7	[0 1]
300
737	7	[3 7]
240
140
533
369
598
327	7	[2 3]
101
684
913
822
623
709	7	[0 9]
647	7	[4 6]
511
678	7	[6 8]
312
498
802
841
605
350
481
389
766	7	[6 6]
416
883
335
195
890
903
771	7	[1 7]
641
556
033
290
466
971	7	[1 9]
596
202
459
961
855
086
508
075	7	[0 5]
708	7	[0 8]
527	7	[2 5]
075	7	[0 5]
371	7	[1 3]
345
125
669
221
671	7	[1 6]
960
049
154
715	7	[1 5]
648
372	7	[2 3]
720	7	[0 2]
908
405
704	7	[0 4]
702	7	[0 2]
808
541
737	7	[3 7]
461
226
111
614
114
479	7	[4 9]
855
270	7	[0 2]
291
942
553
839
651
807	7	[0 8]
304
886
930
188
776	7	[6 7]
621
629
671	7	[1 6]
188
790	7	[0 9]
315
773	7	[3 7]
172	7	[1 2]
736	7	[3 6]
975	7	[5 9]
804
279	7	[2 9]
847	7	[4 8]
596
993
031
960
350
018
547	7	[4 5]
388
378	7	[3 8]
769	7	[6 9]
823
888
580
116
215
299
547	7	[4 5]
193
020
174	7	[1 4]
250
284
012
138
162
807	7	[0 8]
151
197	7	[1 9]
231
468
718	7	[1 8]
224
034
185
496
339
542
589
558
338
876	7	[6 8]
433
346
775	7	[5 7]
144
665
111
473	7	[3 4]
048
266
813
212
446
699
618
811
393
178	7	[1 8]
091
910
961
216
157	7	[1 5]
191
631
207	7	[0 2]
113
466
755	7	[5 5]
853
966
815
910
134
631
112
054
484
219
646
135
885
374	7	[3 4]
605
093
583
403
946
276	7	[2 6]
588
014
577	7	[5 7]
282
068
705	7	[0 5]
311
134
246
156
002
225
039
118
023
494
918
440
780	7	[0 8]
532
762	7	[2 6]
123
144
740	7	[0 4]
492
846
876	7	[6 8]
826
844
830
064
805
910
397	7	[3 9]
374	7	[3 4]
745	7	[4 5]
661
204
392
204
715	7	[1 5]
094
028
482
809
707	7	[0 7]
323
282
818
287	7	[2 8]
139
254
884
149
625
275	7	[2 5]
676	7	[6 6]
949
628
819
362
843
548
152
840
324
647	7	[4 6]
659
765	7	[5 6]
222
489
375	7	[3 5]
929
747	7	[4 7]
321
613
774	7	[4 7]
606
556
960
396
201
833
363
214
776	7	[6 7]
786	7	[6 8]
163
827	7	[2 8]
614
023
684
662
238
186
652
096
760	7	[0 6]
740	7	[0 4]
235
451
682
375	7	[3 5]
532
287	7	[2 8]
044
289
111
210
561
390
780	7	[0 8]
499
257	7	[2 5]
374	7	[3 4]
120
270	7	[0 2]
437	7	[3 4]
820
214
732	7	[2 3]
645
059
569
601
510
519
325
881
724	7	[2 4]
197	7	[1 9]
564
950
641
957	7	[5 9]
044
251
715	7	[1 5]
203
525
709	7	[0 9]
320
807	7	[0 8]
814
511
796	7	[6 9]
940
753	7	[3 5]
234
724	7	[2 4]
524
833
509
128
698
204
090
772	7	[2 7]
241
949
854
915
715	7	[1 5]
910
314
488
605
154
677	7	[6 7]
429
885
471	7	[1 4]
847	7	[4 8]
212
219
348
505
832
904
896
751	7	[1 5]
633
606
165
190
523
166
667	7	[6 6]
616
014
988
502
918
153
676	7	[6 6]
217	7	[1 2]
252
084
569
827	7	[2 8]
240
280
905
098
341
552
657	7	[5 6]
023
966
738	7	[3 8]
008
615
993
871	7	[1 8]
952
816
536
626
834
830
809
862
502
989
251
051
025
205
992
492
294
097	7	[0 9]
613
008
894
635
808
419
512
081
111
098
793	7	[3 9]
408
225
597	7	[5 9]
501
745	7	[4 5]
618
771	7	[1 7]
469
935
032
652
060
805
547	7	[4 5]
103
386
752	7	[2 5]
266
891
801
734	7	[3 4]
754	7	[4 5]
474	7	[4 4]
888
360
138
882
076	7	[0 6]
072	7	[0 2]
477	7	[4 7]
669
233
580
669
721	7	[1 2]
559
226
081
900
206
421
902
932
218
783	7	[3 8]
907	7	[0 9]
873	7	[3 8]
910
413
523
141
564
133
783	7	[3 8]
011
687	7	[6 8]
189
622
566
862
428
309
201
322
925
085
178	7	[1 8]
857	7	[5 8]
461
495
219
593
129
009
454
271	7	[1 2]
544
099
220
032
086
208
341
377	7	[3 7]
666
997	7	[9 9]
341
067	7	[0 6]
914
631
623
803
095
509
898
082
581
348
734	7	[3 4]
472	7	[2 4]
797	7	[7 9]
817	7	[1 8]
454
353
636
169
068
012
966
673	7	[3 6]
082
579	7	[5 9]
883
180
001
613
940
511
149
020
651
592
164
769	7	[6 9]
868
437	7	[3 4]
936
759	7	[5 9]
094
777	7	[7 7]
031
696
386
507	7	[0 5]
705	7	[0 5]
910
941
105
614
022
376	7	[3 6]
539
434
894
873	7	[3 8]
272	7	[2 2]
079	7	[0 9]
587	7	[5 8]
157	7	[1 5]
420
845
987	7	[8 9]
063
799	7	[9 9]
487	7	[4 8]
594
709	7	[0 9]
314
297	7	[2 9]
402
245
747	7	[4 7]
717	7	[1 7]
944
529
025
613
634
455
914
283
460
221
272	7	[2 2]
215
376	7	[3 6]
282
089
292
915
526
110
727	7	[2 7]
833
201
021
555
828
449
231
533
279	7	[2 9]
377	7	[3 7]
251
823
062
630
611
059
719	7	[1 9]
191
091
907	7	[0 9]
392
610
103
150
582
427	7	[2 4]
824
795	7	[5 9]
747	7	[4 7]
131
053
843
491
462
196
398
551
392
012
723	7	[2 3]
816
224
532
034
958
487	7	[4 8]
188
319
019
429
931
424
988
522
327	7	[2 3]
163
863
938
539
913
847	7	[4 8]
541
918
009
141
138
764	7	[4 6]
579	7	[5 9]
765	7	[5 6]
211
377	7	[3 7]
204
466
747	7	[4 7]
241
443
008
690
682
401
359
436
121
451
360
245
912
588
140
424
574	7	[4 5]
359
524
782	7	[2 8]
016
487	7	[4 8]
998
931
832
894
009
409
814
195
156
516
958
824
707	7	[0 7]
412
506
437	7	[3 4]
613
009
132
308
026
788	7	[8 8]
617	7	[1 6]
207	7	[0 2]
020
463
146
073	7	[0 3]
213
798	7	[8 9]
641
897	7	[8 9]
260
040
588
539
441
195
708	7	[0 8]
060
779	7	[7 9]
996
121
093
120
600
824
127	7	[1 2]
514
358
045
394
429
873	7	[3 8]
881
887	7	[8 8]
370	7	[0 3]
192
382
912
648
031
010
262
318
452
494
817	7	[1 8]
452
938
034
895
909
401
205
687	7	[6 8]
985
590
677	7	[6 7]
112
116
191
352
825
018
130
193
892
451
766	7	[6 6]
538
598
229
986
083
587	7	[5 8]
516
540
156
436
587	7	[5 8]
733	7	[3 3]
840
506
145
714	7	[1 4]
689
192
363
298
325
079	7	[0 9]
778	7	[7 8]
651
329
995
822
877	7	[7 8]
846
088
490
627	7	[2 6]
095
944
027	7	[0 2]
932
914
439
704	7	[0 4]
633
866
524
839
048
517	7	[1 5]
992
357	7	[3 5]
330
719	7	[1 9]
359
799	7	[9 9]
648
818
517	7	[1 5]
784	7	[4 8]
938
647	7	[4 6]
083
788	7	[8 8]
407	7	[0 4]
087	7	[0 8]
268
098
330
546
479	7	[4 9]
068
679	7	[6 9]
188
087	7	[0 8]
207	7	[0 2]
247	7	[2 4]
451
691
725	7	[2 5]
844
776	7	[6 7]
546
854
361
309
012
626
960
096
850
611
111
851
423
106
586
983
999
758	7	[5 8]
427	7	[2 4]
830
803
972	7	[2 9]
660
580
901
472	7	[2 4]
602
741	7	[1 4]
005
932
577	7	[5 7]
864
206
746	7	[4 6]
906
495
516
690
840
782	7	[2 8]
286
892
761	7	[1 6]
077	7	[0 7]
439
624
778	7	[7 8]
628
404
206
666
242
258
896
472	7	[2 4]
291
380
423
307	7	[0 3]
562
610
326
036
729	7	[2 9]
896
711	7	[1 1]
553
916
654
723	7	[2 3]
996
974	7	[4 9]
248
932
846
976	7	[6 9]
879	7	[8 9]
453
530
545
208
458
738	7	[3 8]
154
600
594
254
709	7	[0 9]
954
029
816
530
460
832
067	7	[0 6]
022
846
418
756	7	[5 6]
994
000
854
916
603
831
285
531
917	7	[1 9]
626
819
806
704	7	[0 4]
708	7	[0 8]
758	7	[5 8]
694
535
618
389
835
422
872	7	[2 8]
702	7	[0 2]
495
209
477	7	[4 7]
693
705	7	[0 5]
395
260
578	7	[5 8]
349
887	7	[8 8]
263
191
951
468
516
222
081
167	7	[1 6]
130
633
575	7	[5 5]
882
404
734	7	[3 4]
711	7	[1 1]
487	7	[4 8]
302
617	7	[1 6]
733	7	[3 3]
278	7	[2 8]
416
132
650
629
165
915
414
138
363
975	7	[5 9]
280
103
251
491
735	7	[3 5]
819
445
635
131
929
343
539
609
622
803
307	7	[0 3]
747	7	[4 7]
089
243
553
651
871	7	[1 8]
963
454
321
541
564
744	7	[4 4]
332
801
636
664
329
240
467	7	[4 6]
125
549
754	7	[4 5]
991
284
119
990
947	7	[4 9]
644
196
433
206
685
871	7	[1 8]
915
788	7	[8 8]
531
909
921
351
070	7	[0 0]
641
627	7	[2 6]
068
659
936
495
457	7	[4 5]
034
399
390
493
057	7	[0 5]
327	7	[2 3]
206
720	7	[0 2]
990
468
022
495
533
090
171	7	[1 1]
994
316
015
287	7	[2 8]
300
219
341
618
635
526
375	7	[3 5]
257	7	[2 5]
904
225
805
421
166
561
682
282
855
199
146
284
359
733	7	[3 3]
329
867	7	[6 8]
116
746	7	[4 6]
008
103
369
789	7	[8 9]
708	7	[0 8]
797	7	[7 9]
517	7	[1 5]
222
416
198
128
212
735	7	[3 5]
639
659
959
558
974	7	[4 9]
435
520
295
275	7	[2 5]
989
938
784	7	[4 8]
278	7	[2 8]
240
405
511
562
749	7	[4 9]
726	7	[2 6]
114
682
881
474	7	[4 4]
875	7	[5 8]
013
932
512
035
064
911
522
552
281
553
020
803
469
605
556
278	7	[2 8]
867	7	[6 8]
142
779	7	[7 9]
574	7	[4 5]
698
180
991
206
765	7	[5 6]
829
176	7	[1 6]
186
323
032
626
417	7	[1 4]
817	7	[1 8]
729	7	[2 9]
977	7	[7 9]
067	7	[0 6]
046
600
275	7	[2 5]
703	7	[0 3]
925
119
371	7	[1 3]
245
022
337	7	[3 3]
693
321
520
355
797	7	[7 9]
170	7	[0 1]
768	7	[6 8]
484
657	7	[5 6]
232
017	7	[0 1]
344
780	7	[0 8]
894
127	7	[1 2]
009
191
435
742	7	[2 4]
283
632
599
757	7	[5 7]
971	7	[1 9]
733	7	[3 3]
480
729	7	[2 9]
477	7	[4 7]
982
415
809
170	7	[0 1]
740	7	[0 4]
518
002
371	7	[1 3]
521
167	7	[1 6]
518
398
582
432
793	7	[3 9]
897	7	[8 9]
180
834
839
471	7	[1 4]
342
678	7	[6 8]
072	7	[0 2]
629
266
237	7	[2 3]
056
926
067	7	[0 6]
882
307	7	[0 3]
778	7	[7 8]
936
503
100
766	7	[6 6]
797	7	[7 9]
062
218
791	7	[1 9]
339
547	7	[4 5]
858
065
886
386
378	7	[3 8]
243
519
177	7	[1 7]
814
047	7	[0 4]
779	7	[7 9]
401
709	7	[0 9]
800
023
237	7	[2 3]
297	7	[2 9]
325
915
559
393
503
231
178	7	[1 8]
370	7	[0 3]
930
670	7	[0 6]
923
130
370	7	[0 3]
230
767	7	[6 7]
415
275	7	[2 5]
407	7	[0 4]
238
110
001
683
873	7	[3 8]
019
170	7	[0 1]
974	7	[4 9]
299
228
860
211
736	7	[3 6]
370	7	[0 3]
562
769	7	[6 9]
986
454
059
341
672	7	[2 6]
739	7	[3 9]
542
658
716	7	[1 6]
433
985
301
452
368
857	7	[5 8]
176	7	[1 6]
191
348
334
882
714	7	[1 4]
405
986
396
887	7	[8 8]
262
692
806
473	7	[3 4]
087	7	[0 8]
534
782	7	[2 8]
983
111
837	7	[3 8]
072	7	[0 2]
174	7	[1 4]
688
503
255
862
996
433
633
531
925
697	7	[6 9]
774	7	[4 7]
373	7	[3 3]
359
235
838
288
831
801
883
740	7	[0 4]
990
128
179	7	[1 9]
672	7	[2 6]
626
710	7	[0 1]
471	7	[1 4]
245
593
554
133
366
911
318
623
472	7	[2 4]
906
595
161
461
913
607	7	[0 6]
250
641
160
745	7	[4 5]
545
972	7	[2 9]
923
606
874	7	[4 8]
735	7	[3 5]
990
333
045
107	7	[0 1]
534
112
172	7	[1 2]
858
446
529
449
336
077	7	[0 7]
231
317	7	[1 3]
736	7	[3 6]
424
396
312
804
208
532
299
470	7	[0 4]
509
128
280
271	7	[1 2]
918
845
351
003
478	7	[4 8]
922
907	7	[0 9]
752	7	[2 5]
039
871	7	[1 8]
423
896
060
498
442
058
081
446
786	7	[6 8]
841
491
527	7	[2 5]
014
377	7	[3 7]
375	7	[3 5]
324
273	7	[2 3]
574	7	[4 5]
175	7	[1 5]
746	7	[4 6]
123
009
220
172	7	[1 2]
260
095
030
120
557	7	[5 5]
704	7	[0 4]
968
023
222
211
785	7	[5 8]
072	7	[0 2]
634
351
171	7	[1 1]
769	7	[6 9]
746	7	[4 6]
613
724	7	[2 4]
449
683
321
619
015
451
751	7	[1 5]
537	7	[3 5]
997	7	[9 9]
196
047	7	[0 4]
423
451
242
007	7	[0 0]
635
550
448
314
009
423
171	7	[1 1]
509
222
895
088
456
211
006
505
737	7	[3 7]
791	7	[1 9]
670	7	[0 6]
030
996
325
614
547	7	[4 5]
760	7	[0 6]
619
077	7	[0 7]
795	7	[5 9]
266
631
701	7	[0 1]
861
654
018
824
236
257	7	[2 5]
150
747	7	[4 7]
116
227	7	[2 2]
905
146
173	7	[1 3]
462
040
451
266
899
512
335
971	7	[1 9]
103
947	7	[4 9]
216
203
390
301
351
045
029
384
447	7	[4 4]
959
533
427	7	[2 4]
866
672	7	[2 6]
194
608
256
853
510
464
364
748	7	[4 8]
381
437	7	[3 4]
159
896
103
888
603
373	7	[3 3]
163
520
283
218
946
529
192
925
138
950
312
797	7	[7 9]
215
029
399
809
177	7	[1 7]
755	7	[5 5]
863
036
566
436
187	7	[1 8]
077	7	[0 7]
308
675	7	[5 6]
706	7	[0 6]
583
609
669
806
723	7	[2 3]
805
509
207	7	[0 2]
231
481
320
159
347	7	[3 4]
369
663
074	7	[0 4]
754	7	[4 5]
493
113
468
927	7	[2 9]
716	7	[1 6]
465
912
219
251
259
287	7	[2 8]
470	7	[0 4]
351
720	7	[0 2]
903
351
366
349
099
573	7	[3 5]
492
110
718	7	[1 8]
168
576	7	[5 6]
646
101
952
653
794	7	[4 9]
399
442
187	7	[1 8]
387	7	[3 8]
316
639
336
677	7	[6 7]
886
949
546
887	7	[8 8]
239
023
918
094
283
070	7	[0 0]
185
544
676	7	[6 6]
193
088
630
106
567	7	[5 6]
006
512
250
318
765	7	[5 6]
076	7	[0 6]
629
550
879	7	[8 9]
329
262
029
913
586
819
576	7	[5 6]
059
757	7	[5 7]
303
805
860
486
466
686
126
671	7	[1 6]
850
006
525
242
486
281
408
676	7	[6 6]
947	7	[4 9]
746	7	[4 6]
656
837	7	[3 8]
295
013
452
872	7	[2 8]
897	7	[8 9]
223
445
685
225
099
828
630
862
452
826
698
308
999
494
354
611
153
008
462
052
121
306
525
471	7	[1 4]
398
577	7	[5 7]
418
125
881
269
438
056
598
374	7	[3 4]
476	7	[4 6]
072	7	[0 2]
879	7	[8 9]
152
481
556
468
785	7	[5 8]
721	7	[1 2]
727	7	[2 7]
965
524
126
733	7	[3 3]
681
475	7	[4 5]
278	7	[2 8]
175	7	[1 5]
147	7	[1 4]
911
928
429
448
021
507	7	[0 5]
913
372	7	[2 3]
705	7	[0 5]
126
789	7	[8 9]
258
632
403
279	7	[2 9]
911
109
762	7	[2 6]
932
276	7	[2 6]
885
976	7	[6 9]
861
321
364
427	7	[2 4]
108
894
008
365
220
247	7	[2 4]
945
358
282
682
003
366
506
111
149
044
863
995
479	7	[4 9]
237	7	[2 3]
907	7	[0 9]
658
621
421
545
059
622
150
048
544
407	7	[0 4]
814
029
416
049
223
525
873	7	[3 8]
940
272	7	[2 2]
509
537	7	[3 5]
169
838
691
421
667	7	[6 6]
830
277	7	[2 7]
143
475	7	[4 5]
055
503
334
021
043
076	7	[0 6]
282
515
713	7	[1 3]
601
642
640
404
871	7	[1 8]
808
229
942
227	7	[2 2]
620
047	7	[0 4]
678	7	[6 8]
744	7	[4 4]
028
031
890
197	7	[1 9]
704	7	[0 4]
003
725	7	[2 5]
922
170	7	[0 1]
580
588
285
632
087	7	[0 8]
488
502
425
113
192
112
037	7	[0 3]
900
227	7	[2 2]
854
210
061
286
121
592
248
807	7	[0 8]
495
830
044
557	7	[5 5]
250
961
709	7	[0 9]
747	7	[4 7]
889
017	7	[0 1]
747	7	[4 7]
652
339
323
936
696
381
382
347	7	[3 4]
369
147	7	[1 4]
345
696
122
187	7	[1 8]
971	7	[1 9]
895
384
775	7	[5 7]
889
414
703	7	[0 3]
508
661
690
552
229
824
893
955
609
979	7	[9 9]
538
721	7	[1 2]
958
895
202
629
089
053
290
999
973	7	[3 9]
934
356
148
963
953
731	7	[1 3]
233
246
746	7	[4 6]
850
410
133
931
436
868
444
017	7	[0 1]
747	7	[4 7]
522
160
048
870	7	[0 8]
013
799	7	[9 9]
641
835
354
952
406
943
154
021
179	7	[1 9]
462
580
381
771	7	[1 7]
574	7	[4 5]
663
023
463
906
773	7	[3 7]
640
579	7	[5 9]
357	7	[3 5]
736	7	[3 6]
084
847	7	[4 8]
647	7	[4 6]
687	7	[6 8]
840
498
002
150
183
402
727	7	[2 7]
794	7	[4 9]
121
975	7	[5 9]
744	7	[4 4]
086
919
147	7	[1 4]
022
349
077	7	[0 7]
743	7	[3 4]
203
983
678	7	[6 8]
711	7	[1 1]
779	7	[7 9]
441
854
214
678	7	[6 8]
206
502
088
088
520
832
618
650
205
623
232
856
297	7	[2 9]
946
894
224
993
064
242
447	7	[4 4]
629
172	7	[1 2]
730	7	[0 3]
239
375	7	[3 5]
453
467	7	[4 6]
421
619
683
502
586
308
891
627	7	[2 6]
555
289
816
921
666
644
227	7	[2 2]
291
908
565
483
912
183
913
988
463
970	7	[0 9]
405
172	7	[1 2]
442
759	7	[5 9]
017	7	[0 1]
755	7	[5 5]
338
298
223
513
612
099
551
163
073	7	[0 3]
509
808
542
468
543
773	7	[3 7]
233
727	7	[2 7]
370	7	[0 3]
893
250
138
729	7	[2 9]
714	7	[1 4]
210
027	7	[0 2]
160
957	7	[5 9]
265
881
599
474	7	[4 4]
623
801
604
730	7	[0 3]
525
093
817	7	[1 8]
586
267	7	[2 6]
153
806
340
774	7	[4 7]
641
501
902
339
836
781	7	[1 8]
832
663
389
613
518
821
768	7	[6 8]
519
918
013
079	7	[0 9]
003
001
092
728	7	[2 8]
399
344
977	7	[7 9]
229
558
919
187	7	[1 8]
312
872	7	[2 8]
945
117	7	[1 1]
791	7	[1 9]
007	7	[0 0]
905
056
333
131
387	7	[3 8]
217	7	[1 2]
700	7	[0 0]
306
064
700	7	[0 0]
322
262
541
127	7	[1 2]
937	7	[3 9]
738	7	[3 8]
995
839
933
624
433
164
704	7	[0 4]
101
766	7	[6 6]
582
018
974	7	[4 9]
128
798	7	[8 9]
662
524
650
158
834
711	7	[1 1]
272	7	[2 2]
048
164
754	7	[4 5]
242
745	7	[4 5]
526
105
198
760	7	[0 6]
594
660
266
521
411
810
235
045
998
242
288
111
544
384
999
243
321
262
103
224
502
091
723	7	[2 3]
677	7	[6 7]
275	7	[2 5]
392
087	7	[0 8]
946
134
078	7	[0 8]
501
673	7	[3 6]
348
194
053
423
896
792	7	[2 9]
641
317	7	[1 3]
665
100
123
109
898
010
213
912
610
001
857	7	[5 8]
820
935
561
310
855
377	7	[3 7]
544
464
168
156
021
842
822
073	7	[0 3]
973	7	[3 9]
044
986
619
465
529
325
525
183
420
603
968
295
417	7	[1 4]
414
313
751	7	[1 5]
524
604
681
878	7	[8 8]
245
868
371	7	[1 3]
189
929
397	7	[3 9]
417	7	[1 4]
927	7	[2 9]
680
698
323
687	7	[6 8]
562
451
052
051
813
748	7	[4 8]
369
228
738	7	[3 8]
946
102
822
781	7	[1 8]
629
949
414
496
403
975	7	[5 9]
248
855
831
560
406
129
796	7	[6 9]
558
733	7	[3 3]
506
281
473	7	[3 4]
873	7	[3 8]
731	7	[1 3]
312
804
688
216
767	7	[6 7]
269
505
030
060
689
810
274	7	[2 4]
707	7	[0 7]
846
769	7	[6 9]
855
204
034
135
858
420
571	7	[1 5]
427	7	[2 4]
481
140
101
801
100
272	7	[2 2]
358
520
209
722	7	[2 2]
604
368
287	7	[2 8]
700	7	[0 0]
022
274	7	[2 4]
574	7	[4 5]
639
755	7	[5 5]
034
123
738	7	[3 8]
588
712	7	[1 2]
687	7	[6 8]
420
012
411
424
787	7	[7 8]
090
621
540
762	7	[2 6]
238
563
772	7	[2 7]
680
061
667	7	[6 6]
253
838
791	7	[1 9]
691
237	7	[2 3]
070	7	[0 0]
730	7	[0 3]
997	7	[9 9]
885
316
124
907	7	[0 9]
864
414
307	7	[0 3]
131
057	7	[0 5]
855
298
214
594
515
788	7	[8 8]
317	7	[1 3]
072	7	[0 2]
856
568
411
073	7	[0 3]
497	7	[4 9]
724	7	[2 4]
953
945
465
047	7	[0 4]
202
858
150
576	7	[5 6]
916
606
955
219
732	7	[2 3]
972	7	[2 9]
142
839
499
060
892
845
720	7	[0 2]
891
956
722	7	[2 2]
759	7	[5 9]
778	7	[7 8]
992
734	7	[3 4]
301
636
965
608
242
643
408
083
037	7	[0 3]
343
822
770	7	[0 7]
391
398
811
817	7	[1 8]
110
168
126
034
275	7	[2 5]
763	7	[3 6]
863
660
185
774	7	[4 7]
306
525
618
495
361
577	7	[5 7]
564
621
059
202
373	7	[3 3]
367	7	[3 6]
084
143
545
842
270	7	[0 2]
741	7	[1 4]
412
744	7	[4 4]
455
455
974	7	[4 9]
919
300
327	7	[2 3]
919
056
131
193
935
874	7	[4 8]
591
668
907	7	[0 9]
699
042
798	7	[8 9]
017	7	[0 1]
585
847	7	[4 8]
458
551
593
283
416
218
140
829
544
870	7	[0 8]
911
376	7	[3 6]
081
593
788	7	[8 8]
348
827	7	[2 8]
293
573	7	[3 5]
882
275	7	[2 5]
863
814
865
455
555
201
822
646
779	7	[7 9]
593
818
546
803
437	7	[3 4]
064
962
038
656
885
161
666
402
266
200
562
595
328
146
822
036
363
020
599
620
288
154
926
996
058
753	7	[3 5]
753	7	[3 5]
144
540
824
860
284
256
436
181
226
675	7	[5 6]
507	7	[0 5]
186
122
876	7	[6 8]
651
531
095
103
593
449
750	7	[0 5]
324
268
933
719	7	[1 9]
519
250
932
213
213
556
723	7	[2 3]
831
201
461
999
327	7	[2 3]
200
725	7	[2 5]
733	7	[3 3]
655
292
192
280
970	7	[0 9]
461
783	7	[3 8]
003
411
306
994
628
424
836
042
118
982
974	7	[4 9]
479	7	[4 9]
380
994
887	7	[8 8]
335
488
521
760	7	[0 6]
686
805
531
418
047	7	[0 4]
378	7	[3 8]
424
475	7	[4 5]
166
510
288
907	7	[0 9]
335
530
801
434
658
361
343
267	7	[2 6]
386
757	7	[5 7]
214
078	7	[0 8]
221
001
934
517	7	[1 5]
384
984
200
164
998
806
312
960
052
085
265
986
001
380
065
880
578	7	[5 8]
520
855
469
925
146
313
915
967	7	[6 9]
890
925
751	7	[1 5]
181
460
482
336
037	7	[0 3]
216
138
631
856
353
202
751	7	[1 5]
197	7	[1 9]
937	7	[3 9]
974	7	[4 9]
782	7	[2 8]
617	7	[1 6]
516
778	7	[7 8]
323
919
719	7	[1 9]
569
988
615
231
941
820
020
438
209
120
008
722	7	[2 2]
135
991
506
209
876	7	[6 8]
323
828
269
606
328
377	7	[3 7]
844
111
319
880
453
387	7	[3 8]
457	7	[4 5]
166
671	7	[1 6]
852
404
842
232
564
164
035
242
096
972	7	[2 9]
330
593
163
405
011
824
451
353
207	7	[0 2]
053
236
971	7	[1 9]
410
303
523
577	7	[5 7]
318
244
549
382
105
120
515
053
990
298
105
507	7	[0 5]
808
962
965
665
700	7	[0 0]
431
806
155
851
770	7	[0 7]
563
377	7	[3 7]
339
379	7	[3 9]
969
547	7	[4 5]
458
888
345
768	7	[6 8]
166
197	7	[1 9]
683
067	7	[0 6]
057	7	[0 5]
332
290
520
225
279	7	[2 9]
874	7	[4 8]
118
897	7	[8 9]
727	7	[2 7]
169
431
098
162
007	7	[0 0]
369
145
604
604
663
379	7	[3 9]
948
561
178	7	[1 8]
394
160
252
946
190
754	7	[4 5]
647	7	[4 6]
216
561
416
339
148
313
232
017	7	[0 1]
810
325
489
380
006
347	7	[3 4]
364
307	7	[0 3]
119
992
197	7	[1 9]
542
257	7	[2 5]
674	7	[4 6]
116
964
571	7	[1 5]
100
595
886
409
921
884
056
994
850
936
981
299
607	7	[0 6]
753	7	[3 5]
630
624
443
116
221
614
301
625
879	7	[8 9]
836
559
002
320
917	7	[1 9]
709	7	[0 9]
748	7	[4 8]
727	7	[2 7]
555
879	7	[8 9]
606
131
400
695
176	7	[1 6]
867	7	[6 8]
469
414
465
245
385
024
527	7	[2 5]
210
892
962
400
123
371	7	[1 3]
894
981
051
318
940
743	7	[3 4]
994
233
818
492
357	7	[3 5]
837	7	[3 8]
662
638
362
995
509
694
657	7	[5 6]
540
810
935
398
874	7	[4 8]
813
985
714	7	[1 4]
986
091
825
693
026
289
983
753	7	[3 5]
217	7	[1 2]
133
725	7	[2 5]
605
576	7	[5 6]
004
079	7	[0 9]
140
588
814
143
953
561
262
025
682
197	7	[1 9]
046
279	7	[2 9]
767	7	[6 7]
133
818
710	7	[0 1]
519
945
475	7	[4 5]
546
830
378	7	[3 8]
846
422
052
585
321
716	7	[1 6]
589
894
888
929
266
093
426
287	7	[2 8]
239
591
961
642
984
803
981
935
586
633
543
417	7	[1 4]
805
668
007	7	[0 0]
112
385
178	7	[1 8]
411
724	7	[2 4]
794	7	[4 9]
775	7	[5 7]
890
086
297	7	[2 9]
676	7	[6 6]
573	7	[3 5]
020
884
308
388
682
347	7	[3 4]
126
086
343
009
218
723	7	[2 3]
228
083
631
464
803
872	7	[2 8]
073	7	[0 3]
701	7	[0 1]
951
130
925
569
250
048
552
513
724	7	[2 4]
066
155
918
488
475	7	[4 5]
998
007	7	[0 0]
817	7	[1 8]
844
551
049
894
014
071	7	[0 1]
926
559
380
151
702	7	[0 2]
212
545
755	7	[5 5]
769	7	[6 9]
798	7	[8 9]
224
476	7	[4 6]
852
322
704	7	[0 4]
508
010
075	7	[0 5]
352
589
643
877	7	[7 8]
186
034
977	7	[7 9]
343
320
553
270	7	[0 2]
975	7	[5 9]
288
505
125
849
833
882
739	7	[3 9]
101
772	7	[2 7]
451
682
076	7	[0 6]
495
837	7	[3 8]
534
311
714	7	[1 4]
613
935
524
524
011
421
081
971	7	[1 9]
565
786	7	[6 8]
789	7	[8 9]
307	7	[0 3]
429
739	7	[3 9]
085
077	7	[0 7]
275	7	[2 5]
780	7	[0 8]
163
930
444
231
253
936
841
442
123
713	7	[1 3]
369
848
749	7	[4 9]
711	7	[1 1]
286
233
507	7	[0 5]
510
809
258
415
255
194
705	7	[0 5]
886
804
033
434
756	7	[5 6]
385
051
726	7	[2 6]
999
569
103
007	7	[0 0]
045
540
685
207	7	[0 2]
278	7	[2 8]
528
801
831
998
506
502
778	7	[7 8]
553
453
102
017	7	[0 1]
544
173	7	[1 3]
372	7	[2 3]
636
110
944
487	7	[4 8]
679	7	[6 9]
960
545
769	7	[6 9]
441
384
181
193
738	7	[3 8]
609
529
130
753	7	[3 5]
932
222
236
712	7	[1 2]
677	7	[6 7]
243
152
345
801
386
845
435
711	7	[1 1]
578	7	[5 8]
936
837	7	[3 8]
834
248
396
398
018
047	7	[0 4]
586
702	7	[0 2]
395
094
509
989
502
974	7	[4 9]
639
957	7	[5 9]
882
132
835
209
209
757	7	[5 7]
154
873	7	[3 8]
701	7	[0 1]
228
774	7	[4 7]
283
682
915
705	7	[0 5]
572	7	[2 5]
715	7	[1 5]
169
133
023
378	7	[3 8]
038
804
794	7	[4 9]
077	7	[0 7]
644
302
813
476	7	[4 6]
791	7	[1 9]
646
960
460
674	7	[4 6]
492
886
222
801
098
219
120
503
855
541
459
123
945
299
276	7	[2 6]
905
524
183
264
464
114
457	7	[4 5]
494
000
190
506
122
265
761	7	[1 6]
839
913
385
382
592
280
830
656
579	7	[5 9]
396
154
286
576	7	[5 6]
906
120
356
419
360
607	7	[0 6]
821
090
820
561
283
961
102
782	7	[2 8]
219
135
772	7	[2 7]
152
532
570	7	[0 5]
335
540
812
404
254
513
471	7	[1 4]
229
994
807	7	[0 8]
684
019
421
801
116
470	7	[0 4]
273	7	[2 3]
382
955
997	7	[9 9]
622
236
539
526
395
903
773	7	[3 7]
711	7	[1 1]
260
747	7	[4 7]
502
228
138
056
043
705	7	[0 5]
667	7	[6 6]
009
991
258
027	7	[0 2]
145
523
095
656
731	7	[1 3]
571	7	[1 5]
899
518
463
520
874	7	[4 8]
252
038
174	7	[1 4]
019
553
844
192
900
999
890
351
968
056
221
858
295
302
930
960
081
729	7	[2 9]
543
920
621
656
467	7	[4 6]
365
564
679	7	[6 9]
088
068
077	7	[0 7]
569
603
644
357	7	[3 5]
220
652
818
291
561
494
979	7	[9 9]
094
240
486
044
491
161
844
936
601
282
751	7	[1 5]
769	7	[6 9]
028
524
772	7	[2 7]
102
487	7	[4 8]
338
932
211
795	7	[5 9]
883
441
457	7	[4 5]
975	7	[5 9]
250
316
226
656
264
001
009
153
364
466
664
969
325
080
528
087	7	[0 8]
563
706	7	[0 6]
240
889
749	7	[4 9]
758	7	[5 8]
487	7	[4 8]
453
942
150
695
262
695
569
774	7	[4 7]
127	7	[1 2]
678	7	[6 8]
547	7	[4 5]
592
544
992
335
501
455
050
817	7	[1 8]
410
953
310
063
613
079	7	[0 9]
156
725	7	[2 5]
371	7	[1 3]
859
261
850
921
423
765	7	[5 6]
826
063
558
610
967	7	[6 9]
005
303
146
814
272	7	[2 2]
458
933
049
259
034
774	7	[4 7]
242
761	7	[1 6]
280
926
546
493
418
888
730	7	[0 3]
389
965
484
371	7	[1 3]
322
187	7	[1 8]
248
605
249
536
813
372	7	[2 3]
288
299
112
327	7	[2 3]
839
495
364
211
015
494
416
884
327	7	[2 3]
853
286
974	7	[4 9]
491
513
325
985
737	7	[3 7]
757	7	[5 7]
742	7	[2 4]
464
659
016
258
631
484
731	7	[1 3]
682
490
742	7	[2 4]
083
502
712	7	[1 2]
516
136
400
955
039
827	7	[2 8]
520
054
501
020
949
152
468
184
949
063
616
680
763	7	[3 6]
723	7	[2 3]
167	7	[1 6]
763	7	[3 6]
400
130
254
764	7	[4 6]
563
286
321
917	7	[1 9]
733	7	[3 3]
318
384
432
333
541
140
972	7	[2 9]
468
117	7	[1 1]
486
300
613
546
875	7	[5 8]
171	7	[1 1]
897	7	[8 9]
304
844
098
691
543
113
001
750	7	[0 5]
609
672	7	[2 6]
506
489
202
640
264
159
704	7	[0 4]
026
801
428
230
981
912
621
358
035
591
433
653
157	7	[1 5]
303
626
868
703	7	[0 3]
733	7	[3 3]
517	7	[1 5]
976	7	[6 9]
928
382
245
220
398
249
969
952
371	7	[1 3]
019
648
575	7	[5 5]
554
952
706	7	[0 6]
004
871	7	[1 8]
450
405
874	7	[4 8]
139
167	7	[1 6]
882
544
419
898
294
650
393
674	7	[4 6]
703	7	[0 3]
762	7	[2 6]
943
020
923
682
385
864
518
287	7	[2 8]
188
667	7	[6 6]
960
329
967	7	[6 9]
715	7	[1 5]
377	7	[3 7]
835
480
768	7	[6 8]
804
507	7	[0 5]
375	7	[3 5]
874	7	[4 8]
144
717	7	[1 7]
804
856
057	7	[0 5]
288
803
924
820
614
552
355
150
305
687	7	[6 8]
173	7	[1 3]
888
953
902
069
673	7	[3 6]
225
882
451
287	7	[2 8]
156
424
000
798	7	[8 9]
954
587	7	[5 8]
518
376	7	[3 6]
522
186
253
480
922
642
456
576	7	[5 6]
698
037	7	[0 3]
079	7	[0 9]
390
772	7	[2 7]
399
049
302
649
196
738	7	[3 8]
578	7	[5 8]
808
695
369
280
096
666
555
121
163
341
405
417	7	[1 4]
229
770	7	[0 7]
616
995
405
328
041
480
683
076	7	[0 6]
145
971	7	[1 9]
444
443
510
535
897	7	[8 9]
299
971	7	[1 9]
751	7	[1 5]
444
934
555
311
468
568
157	7	[1 5]
831
327	7	[2 3]
806
332
685
203
083
795	7	[5 9]
528
057	7	[0 5]
705	7	[0 5]
830
121
551
697	7	[6 9]
112
186
538
753	7	[3 5]
181
152
956
087	7	[0 8]
765	7	[5 6]
408
895
884
788	7	[8 8]
677	7	[6 7]
750	7	[0 5]
102
670	7	[0 6]
911
368
369
735	7	[3 5]
401
941
861
546
529
140
332
569
163
154
005
087	7	[0 8]
008
507	7	[0 5]
384
726	7	[2 6]
780	7	[0 8]
628
192
057	7	[0 5]
724	7	[2 4]
421
562
624
638
270	7	[0 2]
657	7	[5 6]
918
926
683
554
928
671	7	[1 6]
276	7	[2 6]
961
041
557	7	[5 5]
389
259
556
600
921
528
215
379	7	[3 9]
710	7	[0 1]
425
742	7	[2 4]
479	7	[4 9]
583
257	7	[2 5]
481
538
227	7	[2 2]
876	7	[6 8]
960
581
154
764	7	[4 6]
234
106
733	7	[3 3]
702	7	[0 2]
905
236
968
927	7	[2 9]
617	7	[1 6]
357	7	[3 5]
393
629
627	7	[2 6]
263
891
606
181
315
768	7	[6 8]
121
846
159
299
436
487	7	[4 8]
955
071	7	[0 1]
886
833
663
107	7	[0 1]
507	7	[0 5]
744	7	[4 4]
015
054
801
104
189
560
138
100
702	7	[0 2]
997	7	[9 9]
854
424
623
338
656
627	7	[2 6]
013
020
837	7	[3 8]
173	7	[1 3]
943
524
087	7	[0 8]
019
890
046
704	7	[0 4]
741	7	[1 4]
310
847	7	[4 8]
907	7	[0 9]
826
585
515
335
448
272	7	[2 2]
570	7	[0 5]
240
064
214
739	7	[3 9]
863
540
571	7	[1 5]
179	7	[1 9]
897	7	[8 9]
487	7	[4 8]
006
363
962
393
087	7	[0 8]
383
176	7	[1 6]
613
890
162
356
959
495
288
580
690
462
406
261
036
083
243
294
597	7	[5 9]
853
110
065
967	7	[6 9]
604
657	7	[5 6]
878	7	[8 8]
716	7	[1 6]
214
725	7	[2 5]
490
574	7	[4 5]
251
190
184
307	7	[0 3]
975	7	[5 9]
796	7	[6 9]
526
391
705	7	[0 5]
574	7	[4 5]
407	7	[0 4]
428
469
932
885
185
916
335
062
446
493
223
491
319
247	7	[2 4]
523
774	7	[4 7]
427	7	[2 4]
377	7	[3 7]
553
103
561
837	7	[3 8]
607	7	[0 6]
524
483
764	7	[4 6]
914
661
004
584
918
130
913
288
389
675	7	[5 6]
115
540
548
017	7	[0 1]
843
775	7	[5 7]
184
485
718	7	[1 8]
545
877	7	[7 8]
267	7	[2 6]
233
734	7	[3 4]
025
935
030
721	7	[1 2]
913
514
350
557	7	[5 5]
469
139
067	7	[0 6]
369
702	7	[0 2]
887	7	[8 8]
471	7	[1 4]
922
155
552
986
426
152
598
639
378	7	[3 8]
724	7	[2 4]
197	7	[1 9]
076	7	[0 6]
731	7	[1 3]
886
886
856
155
255
446
262
726	7	[2 6]
724	7	[2 4]
160
292
084
980
178	7	[1 8]
162
055
070	7	[0 0]
359
634
574	7	[4 5]
661
028
049
048
054
349
927	7	[2 9]
061
134
491
051
615
512
482
754	7	[4 5]
502
071	7	[0 1]
849
303
542
664
201
338
792	7	[2 9]
694
875	7	[5 8]
381
826
911
188
489
104
305
114
691
861
116
241
364
518
734	7	[3 4]
199
707	7	[0 7]
720	7	[0 2]
966
653
695
807	7	[0 8]
670	7	[0 6]
170	7	[0 1]
520
467	7	[4 6]
755	7	[5 5]
893
691
518
194
472	7	[2 4]
482
756	7	[5 6]
854
835
189
303
310
158
996
563
349
352
174	7	[1 4]
424
781	7	[1 8]
931
501
121
678	7	[6 8]
780	7	[0 8]
422
217	7	[1 2]
428
044
007	7	[0 0]
259
845
109
131
079	7	[0 9]
660
179	7	[1 9]
223
951
254
515
005
875	7	[5 8]
818
716	7	[1 6]
804
282
165
157	7	[1 5]
064
390
438
393
820
097	7	[0 9]
001
607	7	[0 6]
564
644
625
118
507	7	[0 5]
691
427	7	[2 4]
641
279	7	[2 9]
760	7	[0 6]
075	7	[0 5]
646
844
073	7	[0 3]
575	7	[5 5]
241
759	7	[5 9]
148
304
582
534
217	7	[1 2]
178	7	[1 8]
089
248
184
864
156
929
935
444
082
907	7	[0 9]
748	7	[4 8]
993
783	7	[3 8]
623
705	7	[0 5]
949
219
475	7	[4 5]
718	7	[1 8]
938
626
031
234
640
170	7	[0 1]
841
787	7	[7 8]
261
682
720	7	[0 2]
175	7	[1 5]
827	7	[2 8]
531
636
563
194
249
487	7	[4 8]
536
865
711	7	[1 1]
958
876	7	[6 8]
814
174	7	[1 4]
502
232
769	7	[6 9]
468
701	7	[0 1]
982
554
150
401
840
880
780	7	[0 8]
222
970	7	[0 9]
523
735	7	[3 5]
504
881
550
280
371	7	[1 3]
047	7	[0 4]
022
905
415
301
958
323
273	7	[2 3]
726	7	[2 6]
466
321
188
216
475	7	[4 5]
423
370	7	[0 3]
807	7	[0 8]
369
164
465
566
786	7	[6 8]
795	7	[5 9]
241
883
221
081
710	7	[0 1]
082
086
952
751	7	[1 5]
132
110
441
396
645
014
160
292
134
834
846
643
254
297	7	[2 9]
403
296
522
559
949
636
650
261
591
285
915
984
436
883
512
824
292
878	7	[8 8]
401
426
411
428
329
739	7	[3 9]
705	7	[0 5]
794	7	[4 9]
181
002
586
578	7	[5 8]
221
545
835
905
764	7	[4 6]
437	7	[3 4]
811
119
607	7	[0 6]
758	7	[5 8]
930
797	7	[7 9]
587	7	[5 8]
894
531
376	7	[3 6]
369
479	7	[4 9]
139
821
486
180
592
175	7	[1 5]
159
548
338
305
705	7	[0 5]
420
387	7	[3 8]
717	7	[1 7]
840
376	7	[3 6]
685
066
479	7	[4 9]
720	7	[0 2]
216
034
537	7	[3 5]
733	7	[3 3]
091
321
729	7	[2 9]
478	7	[4 8]
547	7	[4 5]
412
103
333
681
857	7	[5 8]
475	7	[4 5]
146
951
671	7	[1 6]
232
119
377	7	[3 7]
773	7	[3 7]
526
931
904
467	7	[4 6]
103
732	7	[2 3]
539
545
024
548
484
664
624
642
144
214
483
599
931
388
562
588
483
225
475	7	[4 5]
344
559
346
923
392
386
041
917	7	[1 9]
154
799	7	[9 9]
586
346
386
327	7	[2 3]
431
184
275	7	[2 5]
476	7	[4 6]
135
111
613
612
595
531
332
756	7	[5 6]
399
375	7	[3 5]
681
268
678	7	[6 8]
662
247	7	[2 4]
721	7	[1 2]
667	7	[6 6]
564
144
254
941
741	7	[1 4]
027	7	[0 2]
921
585
208
037	7	[0 3]
160
396
932
226
182
013
490
843
255
219
942
906
229
011
299
879	7	[8 9]
754	7	[4 5]
259
059
114
471	7	[1 4]
964
464
704	7	[0 4]
465
440
244
485
374	7	[3 4]
532
277	7	[2 7]
576	7	[5 6]
504
821
337	7	[3 3]
219
704	7	[0 4]
317	7	[1 3]
439
767	7	[6 7]
211
167	7	[1 6]
167	7	[1 6]
999
578	7	[5 8]
358
141
513
689
991
017	7	[0 1]
944
660
788	7	[8 8]
696
248
967	7	[6 9]
383
044
797	7	[7 9]
124
931
946
557	7	[5 5]
973	7	[3 9]
726	7	[2 6]
046
977	7	[7 9]
892
484
434
310
456
244
846
773	7	[3 7]
777	7	[7 7]
963
785	7	[5 8]
608
452
762	7	[2 6]
879	7	[8 9]
146
510
438
906
364
211
159
881
337	7	[3 3]
152
191
247	7	[2 4]
180
796	7	[6 9]
232
612
142
452
642
121
984
541
818
182
743	7	[3 4]
527	7	[2 5]
769	7	[6 9]
736	7	[3 6]
294
100
969
094
261
749	7	[4 9]
165
031
532
590
340
218
976	7	[6 9]
420
984
161
105
406
542
243
178	7	[1 8]
241
365
183
323
040
610
510
350
539
073	7	[0 3]
636
243
464
430
042
068
891
561
868
449
360
750	7	[0 5]
860
807	7	[0 8]
233
192
989
446
808
071	7	[0 1]
649
411
617	7	[1 6]
859
303
079	7	[0 9]
153
314
671	7	[1 6]
961
205
162
830
920
766	7	[6 6]
480
271	7	[1 2]
127	7	[1 2]
171	7	[1 1]
598
103
033
204
083
222
167	7	[1 6]
257	7	[2 5]
092
818
094
476	7	[4 6]
492
390
757	7	[5 7]
831
992
218
292
730	7	[0 3]
718	7	[1 8]
182
484
745	7	[4 5]
963
908
052
062
932
583
744	7	[4 4]
028
146
749	7	[4 9]
598
973	7	[3 9]
706	7	[0 6]
965
346
577	7	[5 7]
531
094
967	7	[6 9]
311
383
763	7	[3 6]
523
520
869
302
220
469
991
566
418
945
642
831
869
811
592
717	7	[1 7]
809
891
773	7	[3 7]
192
574	7	[4 5]
696
856
347	7	[3 4]
119
465
465
983
672	7	[2 6]
140
533
863
404
141
327	7	[2 3]
743	7	[3 4]
675	7	[5 6]
896
757	7	[5 7]
075	7	[0 5]
578	7	[5 8]
110
488
448
533
958
876	7	[6 8]
825
336
565
812
331
043
605
324
720	7	[0 2]
406
272	7	[2 2]
965
933
017	7	[0 1]
277	7	[2 7]
639
199
056
562
094
377	7	[3 7]
071	7	[0 1]
063
596
034
297	7	[2 9]
797	7	[7 9]
605
590
345
130
795	7	[5 9]
824
242
138
528
580
410
506
368
394
627	7	[2 6]
965
876	7	[6 8]
856
015
770	7	[0 7]
338
028
459
261
162
897	7	[8 9]
764	7	[4 6]
212
229
486
211
037	7	[0 3]
027	7	[0 2]
373	7	[3 3]
731	7	[1 3]
704	7	[0 4]
952
080
998
206
167	7	[1 6]
827	7	[2 8]
058
725	7	[2 5]
419
840
292
407	7	[0 4]
227	7	[2 2]
904
827	7	[2 8]
886
602
439
741	7	[1 4]
864
175	7	[1 5]
002
906
957	7	[5 9]
308
422
937	7	[3 9]
177	7	[1 7]
665
128
310
717	7	[1 7]
157	7	[1 5]
854
163
701	7	[0 1]
230
525
640
484
628
581
426
489
134
824
565
151
708	7	[0 8]
059
208
310
440
109
795	7	[5 9]
464
197	7	[1 9]
886
513
274	7	[2 4]
221
215
427	7	[2 4]
966
992
733	7	[3 3]
800
503
990
105
731	7	[1 3]
508
999
542
917	7	[1 9]
171	7	[1 1]
565
896
764	7	[4 6]
178	7	[1 8]
806
439
797	7	[7 9]
144
759	7	[5 9]
527	7	[2 5]
066
004
725	7	[2 5]
961
358
687	7	[6 8]
631
581
670	7	[0 6]
946
403
406
266
148
404
206
690
974	7	[4 9]
900
076	7	[0 6]
348
353
009
304
682
644
754	7	[4 5]
236
010
776	7	[6 7]
162
363
683
118
116
880
099
457	7	[4 5]
389
311
825
955
937	7	[3 9]
843
601
354
527	7	[2 5]
525
359
870	7	[0 8]
051
017	7	[0 1]
717	7	[1 7]
694
306
839
784	7	[4 8]
492
725	7	[2 5]
902
515
387	7	[3 8]
173	7	[1 3]
102
010
563
522
440
184
421
053
992
814
691
285
101
282
331
346
241
638
749	7	[4 9]
363
522
039
891
151
579	7	[5 9]
017	7	[0 1]
558
666
636
504
737	7	[3 7]
742	7	[2 4]
176	7	[1 6]
093
411
171	7	[1 1]
273	7	[2 3]
526
562
096
300
218
295
831
031
984
537	7	[3 5]
634
649
997	7	[9 9]
245
478	7	[4 8]
129
901
448
423
732	7	[2 3]
988
417	7	[1 4]
290
114
690
279	7	[2 9]
475	7	[4 5]
401
029
355
362
559
200
278	7	[2 8]
081
764	7	[4 6]
038
349
000
853
397	7	[3 9]
212
707	7	[0 7]
971	7	[1 9]
800
355
962
599
038
535
239
964
650
590
464
531
865
697	7	[6 9]
961
864
731	7	[1 3]
851
590
793	7	[3 9]
128
918
517	7	[1 5]
726	7	[2 6]
800
480
722	7	[2 2]
249
399
863
918
485
326
982
682
437	7	[3 4]
057	7	[0 5]
527	7	[2 5]
625
709	7	[0 9]
615
599
939
152
923
868
039
204
818
829
445
516
939
270	7	[0 2]
023
970	7	[0 9]
343
596
228
833
896
559
305
357	7	[3 5]
299
590
527	7	[2 5]
002
592
664
163
835
587	7	[5 8]
335
362
708	7	[0 8]
534
659
901
113
712	7	[1 2]
083
151
298
048
719	7	[1 9]
697	7	[6 9]
671	7	[1 6]
350
679	7	[6 9]
155
749	7	[4 9]
803
982
981
895
490
163
911
829
663
545
385
901
810
191
448
191
179	7	[1 9]
666
220
385
911
276	7	[2 6]
162
812
398
468
486
527	7	[2 5]
942
583
027	7	[0 2]
176	7	[1 6]
559
129
844
726	7	[2 6]
451
248
168
354
558
056
474	7	[4 4]
701	7	[0 1]
309
814
114
367	7	[3 6]
427	7	[2 4]
024
453
817	7	[1 8]
477	7	[4 7]
927	7	[2 9]
990
877	7	[7 8]
439
771	7	[1 7]
039
748	7	[4 8]
852
263
205
943
242
376	7	[3 6]
877	7	[7 8]
118
801
791	7	[1 9]
369
221
395
107	7	[0 1]
731	7	[1 3]
316
991
648
729	7	[2 9]
733	7	[3 3]
471	7	[1 4]
132
019
215
620
265
183
793	7	[3 9]
905
311
365
389
685
576	7	[5 6]
991
355
919
540
695
003
665
241
680
324
066
189
339
476	7	[4 6]
903
279	7	[2 9]
949
057	7	[0 5]
226
826
211
951
102
391
137	7	[1 3]
017	7	[0 1]
655
511
358
468
049
069
494
745	7	[4 5]
751	7	[1 5]
854
636
651
348
146
259
360
853
743	7	[3 4]
236
673	7	[3 6]
901
159
418
443
003
511
387	7	[3 8]
808
283
258
086
915
750	7	[0 5]
761	7	[1 6]
639
247	7	[2 4]
792	7	[2 9]
328
493
131
332
218
700	7	[0 0]
036
438
463
103
313
013
744	7	[4 4]
060
909
301
146
589
011
012
852
050
783	7	[3 8]
941
294
114
020
930
925
113
039
904
733	7	[3 3]
157	7	[1 5]
267	7	[2 6]
824
309
152
668
750	7	[0 5]
445
101
806
275	7	[2 5]
508
255
986
932
156
366
498
730	7	[0 3]
739	7	[3 9]
563
622
027	7	[0 2]
226
219
511
767	7	[6 7]
208
045
913
680
012
956
393
940
109
644
854
810
598
143
513
394
556
719	7	[1 9]
757	7	[5 7]
517	7	[1 5]
093
457	7	[4 5]
087	7	[0 8]
266
469
679	7	[6 9]
180
005
957	7	[5 9]
093
882
452
092
066
401
063
730	7	[0 3]
135
971	7	[1 9]
446
142
540
363
491
780	7	[0 8]
674	7	[4 6]
867	7	[6 8]
048
390
096
295
778	7	[7 8]
397	7	[3 9]
977	7	[7 9]
975	7	[5 9]
027	7	[0 2]
854
744	7	[4 4]
633
599
454
088
601
907	7	[0 9]
189
772	7	[2 7]
201
740	7	[0 4]
109
120
198
605
486
756	7	[5 6]
887	7	[8 8]
816
253
933
842
773	7	[3 7]
597	7	[5 9]
241
166
324
820
588
107	7	[0 1]
885
588
800
049
685
251
563
308
446
246
928
937	7	[3 9]
323
660
532
360
648
842
414
863
706	7	[0 6]
117	7	[1 1]
834
373	7	[3 3]
494
144
644
904
918
322
977	7	[7 9]
047	7	[0 4]
807	7	[0 8]
679	7	[6 9]
828
780	7	[0 8]
293
360
107	7	[0 1]
253
995
113
850
695
310
367	7	[3 6]
621
813
235
457	7	[4 5]
089
807	7	[0 8]
259
079	7	[0 9]
008
045
197	7	[1 9]
342
251
681
124
918
363
854
930
607	7	[0 6]
920
962
811
085
659
996
676	7	[6 6]
496
442
487	7	[4 8]
095
126
356
462
950
261
196
274	7	[2 4]
339
693
584
657	7	[5 6]
336
952
683
606
530
044
377	7	[3 7]
631
