904
117
587	5	[7 8]
108
484
173
033
632
793
606
982
348
018
211
549	5	[4 9]
559	5	[5 9]
177
495	5	[4 9]
648
521	5	[1 2]
502	5	[0 2]
182
762
415	5	[1 4]
728
617
152	5	[1 2]
600
734
245	5	[2 4]
514	5	[1 4]
597	5	[7 9]
576	5	[6 7]
217
700
981
097
560	5	[0 6]
089
307
138
006
841
113
337
592	5	[2 9]
309
436
289
851	5	[1 8]
121
184
538	5	[3 8]
170
514	5	[1 4]
348
443
129
459	5	[4 9]
321
818
957	5	[7 9]
788
481
012
433
879
626
677
069
004
949
490
378
712
495	5	[4 9]
424
464
373
988
119
776
359	5	[3 9]
037
584	5	[4 8]
300
337
140
565	5	[5 6]
453	5	[3 4]
671
910
820
834
152	5	[1 2]
600
199
592	5	[2 9]
185	5	[1 8]
120
745	5	[4 7]
464
601
349
784
921
827
042
072
453	5	[3 4]
602
694
517	5	[1 7]
797
698
405	5	[0 4]
221
194
283
877
263
139
486
076
354	5	[3 4]
234
835	5	[3 8]
383
984
450	5	[0 4]
361
231
815	5	[1 8]
653	5	[3 6]
032
228
973
417
298
456	5	[4 6]
130
597	5	[7 9]
537	5	[3 7]
407
824
520	5	[0 2]
850	5	[0 8]
956	5	[6 9]
470
927
359	5	[3 9]
693
797
532	5	[2 3]
177
353	5	[3 3]
588	5	[8 8]
209
868
854	5	[4 8]
568	5	[6 8]
567	5	[6 7]
597	5	[7 9]
101
858	5	[8 8]
003
381
377
051	5	[0 1]
866
726
096
238
728
619
381
597	5	[7 9]
150	5	[0 1]
059	5	[0 9]
979
507	5	[0 7]
337
959	5	[9 9]
554	5	[4 5]
039
403
745	5	[4 7]
097
881
786
351	5	[1 3]
841
771
168
592	5	[2 9]
604
838
888
344
749
501	5	[0 1]
884
315	5	[1 3]
265	5	[2 6]
882
266
522	5	[2 2]
105	5	[0 1]
894
627
255	5	[2 5]
275	5	[2 7]
323
569	5	[6 9]
306
870
458	5	[4 8]
042
953	5	[3 9]
212
265	5	[2 6]
898
770
681
260
441
589	5	[8 9]
602
249
353	5	[3 3]
288
580	5	[0 8]
578	5	[7 8]
640
762
936
580	5	[0 8]
502	5	[0 2]
350	5	[0 3]
988
108
392
743
438
487
321
106
358	5	[3 8]
380
514	5	[1 4]
932
181
933
574	5	[4 7]
245	5	[2 4]
403
053	5	[0 3]
649
450	5	[0 4]
606
455	5	[4 5]
677
005	5	[0 0]
445	5	[4 4]
117
229
500	5	[0 0]
235	5	[2 3]
096
291
618
808
851	5	[1 8]
057	5	[0 7]
225	5	[2 2]
804
947
861
977
535	5	[3 5]
589	5	[8 9]
506	5	[0 6]
580	5	[0 8]
848
415	5	[1 4]
647
287
246
994
648
981
375	5	[3 7]
181
777
875	5	[7 8]
862
022
358	5	[3 8]
832
771
836
703
778
049
122
535	5	[3 5]
329
625	5	[2 6]
547	5	[4 7]
653	5	[3 6]
343
059	5	[0 9]
327
817
786
205	5	[0 2]
378
143
702
909
167
158	5	[1 8]
696
553	5	[3 5]
342
921
867
990
131
981
622
654	5	[4 6]
736
849
392
191
408
401
616
628
611
362
452	5	[2 4]
634
248
651	5	[1 6]
574	5	[4 7]
996
949
956	5	[6 9]
940
220
753	5	[3 7]
989
900
987
617
794
079
448
696
479
726
845	5	[4 8]
101
521	5	[1 2]
940
263
411
464
190
826
598	5	[8 9]
018
010
416
075	5	[0 7]
341
790
308
489
909
607
418
576	5	[6 7]
271
235	5	[2 3]
499
621
588	5	[8 8]
228
418
945	5	[4 9]
152	5	[1 2]
216
163
695	5	[6 9]
202
407
798
613
325	5	[2 3]
962
617
510	5	[0 1]
197
505	5	[0 5]
587	5	[7 8]
367
269
315	5	[1 3]
924
121
241
226
506	5	[0 6]
628
350	5	[0 3]
159	5	[1 9]
812
926
937
550	5	[0 5]
210
168
613
430
945	5	[4 9]
219
522	5	[2 2]
877
637
545	5	[4 5]
086
323
520	5	[0 2]
053	5	[0 3]
601
251	5	[1 2]
423
744
609
772
332
891
701
947
466
235	5	[2 3]
308
636
654	5	[4 6]
329
547	5	[4 7]
608
857	5	[7 8]
797
819
010
767
910
802
761
705	5	[0 7]
832
670
917
702
941
816
543	5	[3 4]
985	5	[8 9]
887
297
162
486
117
603
758	5	[7 8]
457	5	[4 7]
871
107
215	5	[1 2]
678
928
914
990
831
574	5	[4 7]
724
238
420
141
076
967
126
707
831
270
935	5	[3 9]
537	5	[3 7]
881
973
817
077
411
117
281
198
595	5	[5 9]
185	5	[1 8]
579	5	[7 9]
554	5	[4 5]
445	5	[4 4]
294
810
636
838
609
899
729
815	5	[1 8]
834
861
587	5	[7 8]
296
740
682
555	5	[5 5]
868
046
479
457	5	[4 7]
493
851	5	[1 8]
539	5	[3 9]
804
707
593	5	[3 9]
066
724
372
342
641
643
297
712
967
389
622
658	5	[6 8]
348
261
184
072
154	5	[1 4]
662
286
046
365	5	[3 6]
344
511	5	[1 1]
146
695	5	[6 9]
852	5	[2 8]
936
807
495	5	[4 9]
630
239
418
830
984
700
917
854	5	[4 8]
499
103
756	5	[6 7]
658	5	[6 8]
823
380
776
967
202
519	5	[1 9]
510	5	[0 1]
597	5	[7 9]
280
896
167
314
853	5	[3 8]
989
914
494
628
200
897
177
443
718
279
118
104
427
173
287
448
169
831
419
603
311
015	5	[0 1]
803
022
971
762
590	5	[0 9]
964
984
974
646
186
462
084
255	5	[2 5]
525	5	[2 5]
980
095	5	[0 9]
380
128
201
534	5	[3 4]
330
512	5	[1 2]
129
867
509	5	[0 9]
342
587	5	[7 8]
383
811
630
006
906
503	5	[0 3]
559	5	[5 9]
855	5	[5 8]
959	5	[9 9]
902
860
334
402
856	5	[6 8]
099
494
921
328
172
961
898
092
883
523	5	[2 3]
464
881
110
566	5	[6 6]
846
177
044
660
773
672
769
953	5	[3 9]
604
950	5	[0 9]
359	5	[3 9]
178
950	5	[0 9]
756	5	[6 7]
129
097
261
467
798
943
902
322
359	5	[3 9]
814
827
021
300
036
966
185	5	[1 8]
103
382
098
036
084
440
481
402
962
667
754	5	[4 7]
814
178
017
460
804
305	5	[0 3]
301
160
653	5	[3 6]
005	5	[0 0]
194
515	5	[1 5]
862
252	5	[2 2]
382
050	5	[0 0]
621
542	5	[2 4]
574	5	[4 7]
350	5	[0 3]
193
389
083
065	5	[0 6]
618
575	5	[5 7]
974
305	5	[0 3]
871
510	5	[0 1]
578	5	[7 8]
938
041
313
276
090
156	5	[1 6]
833
787
719
233
772
844
949
906
306
987
025	5	[0 2]
921
954	5	[4 9]
335	5	[3 3]
225	5	[2 2]
185	5	[1 8]
744
279
479
221
388
006
817
215	5	[1 2]
075	5	[0 7]
028
189
259	5	[2 9]
853	5	[3 8]
297
874
872
534	5	[3 4]
979
811
946
955	5	[5 9]
871
271
299
382
458	5	[4 8]
797
603
202
201
777
643
672
261
196
220
507	5	[0 7]
521	5	[1 2]
417
154	5	[1 4]
130
618
617
785	5	[7 8]
340
711
545	5	[4 5]
248
950	5	[0 9]
837
171
468
594	5	[4 9]
166
949
461
909
585	5	[5 8]
964
386
526	5	[2 6]
058	5	[0 8]
939
559	5	[5 9]
744
627
537	5	[3 7]
432
909
848
369
441
990
148
792
531	5	[1 3]
912
135	5	[1 3]
339
031
983
991
429
778
663
288
465	5	[4 6]
976
970
087
890
676
122
204
943
715	5	[1 7]
767
797
355	5	[3 5]
698
769
072
495	5	[4 9]
342
104
291
118
783
384
053	5	[0 3]
794
530	5	[0 3]
554	5	[4 5]
043
993
878
962
075	5	[0 7]
931
043
074
321
909
490
627
942
997
031
758	5	[7 8]
948
385	5	[3 8]
976
870
876
346
947
008
524	5	[2 4]
628
412
482
414
397
792
689
385	5	[3 8]
260
122
017
668
174
312
032
873
119
852	5	[2 8]
837
056	5	[0 6]
944
998
891
415	5	[1 4]
327
173
479
300
641
501	5	[0 1]
439
087
146
379
128
689
574	5	[4 7]
537	5	[3 7]
622
692
556	5	[5 6]
460
012
153	5	[1 3]
954	5	[4 9]
849
217
337
208
892
220
230
410
824
481
243
829
414
360
817
736
054	5	[0 4]
837
561	5	[1 6]
318
281
969
693
418
268
912
872
766
556	5	[5 6]
275	5	[2 7]
526	5	[2 6]
976
199
114
713
396
818
386
368
817
295	5	[2 9]
642
053	5	[0 3]
034
226
225	5	[2 2]
607
700
789
181
539	5	[3 9]
149
035	5	[0 3]
607
314
954	5	[4 9]
878
028
949
821
625	5	[2 6]
525	5	[2 5]
533	5	[3 3]
944
589	5	[8 9]
028
492
113
049
307
947
895	5	[8 9]
137
189
678
152	5	[1 2]
062
397
403
419
030
889
532	5	[2 3]
571	5	[1 7]
192
072
061
377
519	5	[1 9]
798
543	5	[3 4]
691
797
762
015	5	[0 1]
862
119
950	5	[0 9]
157	5	[1 7]
919
410
143
886
575	5	[5 7]
730
471
618
479
268
401
162
930
495	5	[4 9]
209
773
339
256	5	[2 6]
375	5	[3 7]
504	5	[0 4]
058	5	[0 8]
542	5	[2 4]
097
167
025	5	[0 2]
456	5	[4 6]
518	5	[1 8]
337
070
210
612
110
821
373
124
766
934
852	5	[2 8]
112
635	5	[3 6]
132
446
941
493
422
539	5	[3 9]
232
525	5	[2 5]
688
203
236
669
710
366
696
262
283
883
416
358	5	[3 8]
742
392
342
098
525	5	[2 5]
041
444
617
181
432
553	5	[3 5]
724
877
506	5	[0 6]
096
928
927
806
956	5	[6 9]
896
569	5	[6 9]
224
431
348
037
301
798
933
281
221
194
173
491
503	5	[0 3]
435	5	[3 4]
710
937
675	5	[6 7]
313
421
011
641
805	5	[0 8]
530	5	[0 3]
914
625	5	[2 6]
164
566	5	[6 6]
982
878
268
256	5	[2 6]
951	5	[1 9]
815	5	[1 8]
845	5	[4 8]
608
617
448
744
160
008
346
489
155	5	[1 5]
885	5	[8 8]
089
661
594	5	[4 9]
848
179
517	5	[1 7]
550	5	[0 5]
811
002
263
907
364
673
676
747
729
763
807
621
576	5	[6 7]
960
351	5	[1 3]
750	5	[0 7]
149
058	5	[0 8]
493
387
822
110
409
084
690
569	5	[6 9]
441
991
317
041
792
582	5	[2 8]
966
314
555	5	[5 5]
089
175	5	[1 7]
438
960
913
501	5	[0 1]
878
366
880
776
975	5	[7 9]
823
167
782
352	5	[2 3]
444
765	5	[6 7]
671
351	5	[1 3]
517	5	[1 7]
215	5	[1 2]
206
232
711
901
718
560	5	[0 6]
487
218
245	5	[2 4]
531	5	[1 3]
170
046
065	5	[0 6]
653	5	[3 6]
471
103
894
134
322
501	5	[0 1]
683
082
990
375	5	[3 7]
236
104
010
765	5	[6 7]
047
828
966
148
191
134
594	5	[4 9]
091
559	5	[5 9]
721
880
077
011
405	5	[0 4]
126
149
631
253	5	[2 3]
476
005	5	[0 0]
526	5	[2 6]
908
464
492
284
286
264
744
922
136
782
870
998
889
480
969
733
493
505	5	[0 5]
108
511	5	[1 1]
044
070
052	5	[0 2]
334
088
256	5	[2 6]
063
582	5	[2 8]
326
696
162
806
137
819
091
348
161
931
382
665	5	[6 6]
331
826
034
927
918
481
821
314
178
522	5	[2 2]
252	5	[2 2]
856	5	[6 8]
881
321
699
562	5	[2 6]
982
022
032
122
817
631
151	5	[1 1]
457	5	[4 7]
657	5	[6 7]
191
368
100
068
727
064
124
208
389
529	5	[2 9]
278
948
422
624
920
289
559	5	[5 9]
766
776
661
602
290
336
297
209
602
466
077
504	5	[0 4]
834
040
995	5	[9 9]
462
759	5	[7 9]
828
973
677
845	5	[4 8]
309
167
141
060
818
497
248
982
101
533	5	[3 3]
054	5	[0 4]
010
774
391
910
093
779
197
248
719
556	5	[5 6]
897
798
886
650	5	[0 6]
625	5	[2 6]
213
240
204
158	5	[1 8]
842
327
505	5	[0 5]
690
341
668
045	5	[0 4]
470
597	5	[7 9]
141
555	5	[5 5]
222
979
036
313
967
898
608
467
942
904
720
691
754	5	[4 7]
473
484
769
114
313
314
709
140
826
727
759	5	[7 9]
266
778
405	5	[0 4]
827
472
188
273
180
340
392
217
713
708
311
457	5	[4 7]
265	5	[2 6]
395	5	[3 9]
921
555	5	[5 5]
858	5	[8 8]
574	5	[4 7]
219
809
077
661
515	5	[1 5]
645	5	[4 6]
812
747
578	5	[7 8]
202
450	5	[0 4]
354	5	[3 4]
811
745	5	[4 7]
764
706
429
501	5	[0 1]
128
365	5	[3 6]
513	5	[1 3]
667
538	5	[3 8]
019
785	5	[7 8]
009
510	5	[0 1]
040
435	5	[3 4]
317
882
108
398
414
461
994
568	5	[6 8]
373
706
005	5	[0 0]
650	5	[0 6]
891
061
316
477
156	5	[1 6]
171
769
900
066
959	5	[9 9]
588	5	[8 8]
888
301
568	5	[6 8]
392
070
335	5	[3 3]
458	5	[4 8]
793
886
116
592	5	[2 9]
335	5	[3 3]
701
151	5	[1 1]
570	5	[0 7]
770
954	5	[4 9]
995	5	[9 9]
112
083
067
425	5	[2 4]
161
513	5	[1 3]
592	5	[2 9]
137
960
451	5	[1 4]
037
200
418
764
648
245	5	[2 4]
267
748
257	5	[2 7]
532	5	[2 3]
096
691
408
151	5	[1 1]
748
234
597	5	[7 9]
278
547	5	[4 7]
704
363
890
224
948
930
757	5	[7 7]
152	5	[1 2]
694
090
041
995	5	[9 9]
489
824
679
027
259	5	[2 9]
280
501	5	[0 1]
231
794
181
930
793
685	5	[6 8]
185	5	[1 8]
120
199
909
840
889
598	5	[8 9]
945	5	[4 9]
084
598	5	[8 9]
618
192
596	5	[6 9]
903
484
334
792
707
349
936
075	5	[0 7]
966
772
939
057	5	[0 7]
522	5	[2 2]
433
104
994
875	5	[7 8]
230
640
518	5	[1 8]
798
720
487
099
158	5	[1 8]
643
043
973
308
752	5	[2 7]
889
039
093
675	5	[6 7]
681
801
680
494
887
139
716
250	5	[0 2]
010
027
659	5	[6 9]
501	5	[0 1]
948
253	5	[2 3]
788
863
234
470
557	5	[5 7]
703
340
856	5	[6 8]
792
332
169
673
235	5	[2 3]
172
498
494
204
695	5	[6 9]
661
200
712
112
815	5	[1 8]
783
417
611
092
482
147
848
873
598	5	[8 9]
660
275	5	[2 7]
045	5	[0 4]
054	5	[0 4]
644
295	5	[2 9]
965	5	[6 9]
570	5	[0 7]
977
546	5	[4 6]
946
646
514	5	[1 4]
274
252	5	[2 2]
841
549	5	[4 9]
168
933
136
401
171
089
083
943
596	5	[6 9]
551	5	[1 5]
299
752	5	[2 7]
690
944
835	5	[3 8]
408
996
005	5	[0 0]
786
474
834
640
187
137
693
558	5	[5 8]
368
597	5	[7 9]
896
467
638
487
799
300
758	5	[7 8]
254	5	[2 4]
948
583	5	[3 8]
745	5	[4 7]
526	5	[2 6]
010
414
788
407
441
109
933
334
212
031
342
464
527	5	[2 7]
882
015	5	[0 1]
572	5	[2 7]
229
111
456	5	[4 6]
345	5	[3 4]
148
473
974
418
659	5	[6 9]
119
725	5	[2 7]
064
218
771
918
394
282
081
028
880
338
272
012
485	5	[4 8]
189
330
436
138
863
684
284
816
023
650	5	[0 6]
223
801
963
056	5	[0 6]
104
269
838
287
751	5	[1 7]
327
591	5	[1 9]
257	5	[2 7]
162
718
254	5	[2 4]
088
854	5	[4 8]
745	5	[4 7]
410
015	5	[0 1]
468
031
892
839
283
836
912
357	5	[3 7]
424
501	5	[0 1]
028
199
359	5	[3 9]
502	5	[0 2]
604
092
631
031
168
960
709
318
313
649
768
097
721
178
555	5	[5 5]
502	5	[0 2]
604
469
125	5	[1 2]
690
155	5	[1 5]
412
741
457	5	[4 7]
802
883
252	5	[2 2]
857	5	[7 8]
606
773
131
959	5	[9 9]
834
831
185	5	[1 8]
933
279
753	5	[3 7]
459	5	[4 9]
242
895	5	[8 9]
543	5	[3 4]
887
107
888
971
871
211
555	5	[5 5]
049
923
579	5	[7 9]
035	5	[0 3]
991
718
159	5	[1 9]
399
097
781
056	5	[0 6]
070
150	5	[0 1]
597	5	[7 9]
089
414
635	5	[3 6]
331
633
918
413
203
679
757	5	[7 7]
085	5	[0 8]
307
986
866
727
500	5	[0 0]
102
382
190
109
638
052	5	[0 2]
334
472
536	5	[3 6]
315	5	[1 3]
383
716
095	5	[0 9]
957	5	[7 9]
098
494
066
089
378
675	5	[6 7]
007
665	5	[6 6]
922
697
035	5	[0 3]
547	5	[4 7]
964
687
686
345	5	[3 4]
602
379
938
259	5	[2 9]
060
063
045	5	[0 4]
341
626
396
220
178
834
795	5	[7 9]
046
729
754	5	[4 7]
384
668
506	5	[0 6]
565	5	[5 6]
168
444
176
729
788
527	5	[2 7]
917
201
068
938
165	5	[1 6]
252	5	[2 2]
988
054	5	[0 4]
858	5	[8 8]
324
211
066
038
584	5	[4 8]
977
790
178
113
710
101
344
091
620
293
561	5	[1 6]
935	5	[3 9]
677
218
515	5	[1 5]
499
908
100
412
840
670
831
484
610
989
147
821
940
006
941
029
313
614
788
079
116
970
212
055	5	[0 5]
504	5	[0 4]
621
488
679
613
752	5	[2 7]
913
345	5	[3 4]
269
759	5	[7 9]
165	5	[1 6]
029
447
892
427
626
912
713
761
013
799
755	5	[5 7]
785	5	[7 8]
821
203
156	5	[1 6]
145	5	[1 4]
204
134
945	5	[4 9]
857	5	[7 8]
852	5	[2 8]
682
685	5	[6 8]
838
452	5	[2 4]
789
362
901
408
998
104
905	5	[0 9]
169
470
454	5	[4 4]
611
645	5	[4 6]
302
336
623
783
530	5	[0 3]
308
988
339
879
127
194
731
158	5	[1 8]
198
180
389
453	5	[3 4]
057	5	[0 7]
265	5	[2 6]
371
000
922
200
463
363
731
857	5	[7 8]
572	5	[2 7]
337
383
439
954	5	[4 9]
156	5	[1 6]
049
374
930
550	5	[0 5]
594	5	[4 9]
230
920
621
738
741
534	5	[3 4]
684
811
537	5	[3 7]
717
781
728
002
044
790
637
260
549	5	[4 9]
677
107
737
999
144
328
288
166
727
257	5	[2 7]
610
311
124
789
850	5	[0 8]
309
499
934
187
252	5	[2 2]
914
945	5	[4 9]
538	5	[3 8]
373
357	5	[3 7]
552	5	[2 5]
793
408
396
329
625	5	[2 6]
220
363
503	5	[0 3]
859	5	[8 9]
481
826
520	5	[0 2]
326
880
508	5	[0 8]
851	5	[1 8]
370
913
014
172
560	5	[0 6]
625	5	[2 6]
333
679
263
004
742
075	5	[0 7]
412
398
277
930
981
417
440
018
839
162
395	5	[3 9]
944
981
937
273
355	5	[3 5]
916
088
243
450	5	[0 4]
661
136
554	5	[4 5]
397
489
417
727
317
400
657	5	[6 7]
793
369
732
321
107
684
604
511	5	[1 1]
639
351	5	[1 3]
775	5	[7 7]
846
431
255	5	[2 5]
499
714
227
204
950	5	[0 9]
830
758	5	[7 8]
917
247
196
255	5	[2 5]
930
570	5	[0 7]
645	5	[4 6]
383
941
264
562	5	[2 6]
478
281
972
010
800
007
800
244
834
765	5	[6 7]
908
848
061
630
399
124
819
594	5	[4 9]
769
647
131
764
942
121
759	5	[7 9]
103
970
376
954	5	[4 9]
706
906
056	5	[0 6]
093
958	5	[8 9]
523	5	[2 3]
962
739
678
853	5	[3 8]
564	5	[4 6]
808
136
348
166
835	5	[3 8]
939
717
759	5	[7 9]
713
543	5	[3 4]
919
240
284
431
912
623
810
108
642
686
421
324
313
141
378
315	5	[1 3]
901
306
724
658	5	[6 8]
985	5	[8 9]
280
600
880
381
784
929
444
469
429
785	5	[7 8]
644
377
280
687
114
404
710
740
465	5	[4 6]
006
507	5	[0 7]
675	5	[6 7]
263
328
091
384
208
718
781
448
973
722
751	5	[1 7]
568	5	[6 8]
540	5	[0 4]
955	5	[5 9]
404
688
524	5	[2 4]
554	5	[4 5]
790
915	5	[1 9]
197
565	5	[5 6]
823
640
390
423
718
889
187
434
782
840
096
109
388
002
181
868
524	5	[2 4]
104
642
489
825	5	[2 8]
733
080
511	5	[1 1]
976
387
309
392
875	5	[7 8]
053	5	[0 3]
471
282
892
000
293
445	5	[4 4]
689
090
520	5	[0 2]
611
051	5	[0 1]
018
148
882
388
766
510	5	[0 1]
597	5	[7 9]
916
953	5	[3 9]
381
068
744
331
162
212
053	5	[0 3]
401
810
995	5	[9 9]
657	5	[6 7]
225	5	[2 2]
307
092
526	5	[2 6]
578	5	[7 8]
549	5	[4 9]
033
757	5	[7 7]
731
546	5	[4 6]
387
948
686
876
074
163
651	5	[1 6]
427
848
712
705	5	[0 7]
439
208
638
405	5	[0 4]
506	5	[0 6]
087
267
720
442
285	5	[2 8]
610
162
879
923
897
073
064
098
157	5	[1 7]
533	5	[3 3]
686
449
755	5	[5 7]
477
381
601
772
389
927
967
562	5	[2 6]
876
245	5	[2 4]
693
881
961
077
121
493
262
929
028
627
000
807
799
349
850	5	[0 8]
673
655	5	[5 6]
099
509	5	[0 9]
394
459	5	[4 9]
595	5	[5 9]
452	5	[2 4]
255	5	[2 5]
306
857	5	[7 8]
107
137
394
942
460
850	5	[0 8]
696
484
289
396
691
563	5	[3 6]
582	5	[2 8]
931
845	5	[4 8]
831
055	5	[0 5]
887
494
048
301
442
265	5	[2 6]
128
523	5	[2 3]
926
923
525	5	[2 5]
250	5	[0 2]
920
375	5	[3 7]
478
537	5	[3 7]
516	5	[1 6]
384
726
762
272
757	5	[7 7]
420
049
279
922
323
064
961
851	5	[1 8]
289
394
954	5	[4 9]
038
981
443
583	5	[3 8]
246
635	5	[3 6]
561	5	[1 6]
570	5	[0 7]
653	5	[3 6]
777
369
110
419
578	5	[7 8]
550	5	[0 5]
718
736
080
836
796
042
588	5	[8 8]
038
462
811
412
188
247
016
717
684
958	5	[8 9]
410
165	5	[1 6]
747
597	5	[7 9]
098
526	5	[2 6]
910
265	5	[2 6]
574	5	[4 7]
041
157	5	[1 7]
070
193
317
786
798
868
542	5	[2 4]
288
444
781
942
084
602
011
924
128
752	5	[2 7]
369
304
035	5	[0 3]
080
037
863
562	5	[2 6]
129
631
812
604
793
872
124
116
359	5	[3 9]
347
203
014
268
532	5	[2 3]
136
394
735	5	[3 7]
252	5	[2 2]
729
007
816
921
475	5	[4 7]
349
711
018
438
438
375	5	[3 7]
943
253	5	[2 3]
519	5	[1 9]
305	5	[0 3]
594	5	[4 9]
294
701
823
367
037
403
553	5	[3 5]
449
714
600
811
456	5	[4 6]
323
279
199
665	5	[6 6]
747
743
752	5	[2 7]
913
628
835	5	[3 8]
401
679
109
400
869
927
800
763
757	5	[7 7]
901
453	5	[3 4]
658	5	[6 8]
045	5	[0 4]
174
714
938
730
662
972
610
599	5	[9 9]
331
565	5	[5 6]
518	5	[1 8]
380
415	5	[1 4]
166
232
639
184
767
595	5	[5 9]
554	5	[4 5]
782
957	5	[7 9]
089
672
110
633
728
222
201
654	5	[4 6]
341
394
562	5	[2 6]
565	5	[5 6]
377
720
219
196
906
857	5	[7 8]
357	5	[3 7]
020
717
423
205	5	[0 2]
224
699
042
496
236
591	5	[1 9]
918
633
337
208
924
523	5	[2 3]
098
904
332
906
611
837
028
538	5	[3 8]
944
695	5	[6 9]
535	5	[3 5]
262
786
146
363
397
738
098
150	5	[0 1]
348
607
336
357	5	[3 7]
243
533	5	[3 3]
449
328
881
919
664
781
613
847
480
339
217
884
103
889
683
023
510	5	[0 1]
249
947
277
054	5	[0 4]
570	5	[0 7]
131
751	5	[1 7]
081
359	5	[3 9]
891
278
563	5	[3 6]
911
597	5	[7 9]
368
115	5	[1 1]
546	5	[4 6]
929
865	5	[6 8]
583	5	[3 8]
148
304
400
812
717
190
903
710
539	5	[3 9]
433
243
431
232
922
133
657	5	[6 7]
560	5	[0 6]
436
880
938
610
093
450	5	[0 4]
188
421
708
084
726
129
111
728
582	5	[2 8]
303
806
158	5	[1 8]
065	5	[0 6]
836
239
423
593	5	[3 9]
447
003
082
561	5	[1 6]
227
051	5	[0 1]
059	5	[0 9]
013
757	5	[7 7]
242
989
784
175	5	[1 7]
731
649
926
878
352	5	[2 3]
264
411
838
246
597	5	[7 9]
705	5	[0 7]
640
049
932
244
860
924
758	5	[7 8]
138
980
009
999
703
439
866
328
186
287
112
933
252	5	[2 2]
807
030
941
036
051	5	[0 1]
757	5	[7 7]
032
473
992
312
331
149
724
897
559	5	[5 9]
912
544	5	[4 4]
807
335	5	[3 3]
393
213
731
671
215	5	[1 2]
453	5	[3 4]
329
832
669
781
927
294
671
442
956	5	[6 9]
012
266
850	5	[0 8]
452	5	[2 4]
798
586	5	[6 8]
680
060
763
085	5	[0 8]
833
178
107
138
188
600
713
675	5	[6 7]
457	5	[4 7]
382
495	5	[4 9]
631
858	5	[8 8]
747
409
105	5	[0 1]
168
562	5	[2 6]
317
459	5	[4 9]
586	5	[6 8]
453	5	[3 4]
498
569	5	[6 9]
393
428
859	5	[8 9]
000
305	5	[0 3]
729
617
054	5	[0 4]
617
995	5	[9 9]
881
238
531	5	[1 3]
680
615	5	[1 6]
982
205	5	[0 2]
163
564	5	[4 6]
969
825	5	[2 8]
901
865	5	[6 8]
944
884
758	5	[7 8]
956	5	[6 9]
538	5	[3 8]
199
064
188
313
703
180
553	5	[3 5]
185	5	[1 8]
466
288
392
353	5	[3 3]
814
450	5	[0 4]
270
260
624
517	5	[1 7]
536	5	[3 6]
943
827
199
722
435	5	[3 4]
546	5	[4 6]
233
397
227
012
849
219
702
195	5	[1 9]
420
205	5	[0 2]
759	5	[7 9]
212
692
661
640
203
071
406
821
173
412
479
043
084
939
933
005	5	[0 0]
763
662
883
098
637
713
567	5	[6 7]
422
143
671
370
788
047
315	5	[1 3]
573	5	[3 7]
714
403
201
275	5	[2 7]
043
486
451	5	[1 4]
570	5	[0 7]
031
818
161
100
610
611
972
990
682
301
298
245	5	[2 4]
238
766
101
579	5	[7 9]
885	5	[8 8]
989
842
097
911
875	5	[7 8]
208
946
985	5	[8 9]
594	5	[4 9]
860
978
861
390
400
376
085	5	[0 8]
481
607
050	5	[0 0]
747
596	5	[6 9]
166
713
372
575	5	[5 7]
044
502	5	[0 2]
290
388
741
656	5	[6 6]
987
006
314
393
557	5	[5 7]
576	5	[6 7]
367
605	5	[0 6]
116
261
168
950	5	[0 9]
961
391
832
778
068
417
237
072
193
229
612
831
982
161
120
028
517	5	[1 7]
582	5	[2 8]
409
302
082
320
073
084
226
995	5	[9 9]
938
116
049
786
260
091
922
256	5	[2 6]
701
099
933
856	5	[6 8]
681
853	5	[3 8]
975	5	[7 9]
297
066
701
267
588	5	[8 8]
218
321
192
853	5	[3 8]
701
116
657	5	[6 7]
035	5	[0 3]
718
605	5	[0 6]
935	5	[3 9]
577	5	[7 7]
328
059	5	[0 9]
713
237
883
018
010
252	5	[2 2]
341
933
203
780
209
560	5	[0 6]
941
764
241
695	5	[6 9]
707
584	5	[4 8]
505	5	[0 5]
269
495	5	[4 9]
810
127
698
054	5	[0 4]
185	5	[1 8]
224
481
911
859	5	[8 9]
492
907
517	5	[1 7]
324
246
873
271
645	5	[4 6]
128
325	5	[2 3]
861
336
723
174
266
755	5	[5 7]
521	5	[1 2]
882
948
800
622
912
300
100
982
232
638
888
683
135	5	[1 3]
224
486
500	5	[0 0]
181
326
965	5	[6 9]
982
131
322
496
932
737
777
186
292
591	5	[1 9]
964
467
531	5	[1 3]
254	5	[2 4]
446
194
307
584	5	[4 8]
719
383
109
397
974
040
892
153	5	[1 3]
011
022
904
052	5	[0 2]
848
991
846
936
595	5	[5 9]
914
078
348
806
145	5	[1 4]
619
840
925	5	[2 9]
680
110
730
213
119
515	5	[1 5]
690
921
442
917
263
650	5	[0 6]
328
662
055	5	[0 5]
479
807
241
097
809
129
524	5	[2 4]
038
903
121
012
292
354	5	[3 4]
222
654	5	[4 6]
544	5	[4 4]
503	5	[0 3]
047
976
646
906
566	5	[6 6]
145	5	[1 4]
465	5	[4 6]
634
040
601
068
989
260
654	5	[4 6]
314
041
248
441
055	5	[0 5]
870
684
403
484
076
333
084
862
887
420
054	5	[0 4]
944
977
010
576	5	[6 7]
517	5	[1 7]
971
845	5	[4 8]
588	5	[8 8]
579	5	[7 9]
052	5	[0 2]
714
783
082
716
845	5	[4 8]
703
914
818
783
328
967
147
053	5	[0 3]
284
261
488
757	5	[7 7]
300
882
727
049
180
034
569	5	[6 9]
438
866
492
583	5	[3 8]
645	5	[4 6]
801
613
473
610
391
169
622
021
318
014
096
336
154	5	[1 4]
774
821
649
849
320
624
428
910
406
300
581	5	[1 8]
513	5	[1 3]
428
243
287
489
623
580	5	[0 8]
828
813
330
626
985	5	[8 9]
773
188
054	5	[0 4]
829
835	5	[3 8]
272
825	5	[2 8]
830
486
760
891
616
422
339
165	5	[1 6]
946
249
184
793
459	5	[4 9]
403
657	5	[6 7]
360
238
322
462
438
498
210
832
328
749
534	5	[3 4]
436
586	5	[6 8]
529	5	[2 9]
041
678
085	5	[0 8]
863
811
797
108
485	5	[4 8]
759	5	[7 9]
710
832
848
743
390
306
750	5	[0 7]
993
347
251	5	[1 2]
688
269
112
442
630
721
395	5	[3 9]
999
689
124
448
933
552	5	[2 5]
480
320
203
509	5	[0 9]
203
686
153	5	[1 3]
344
349
340
021
345	5	[3 4]
565	5	[5 6]
913
780
842
322
427
083
760
562	5	[2 6]
664
294
644
590	5	[0 9]
551	5	[1 5]
730
895	5	[8 9]
047
239
209
253	5	[2 3]
087
841
999
361
011
955	5	[5 9]
335	5	[3 3]
888
173
725	5	[2 7]
144
585	5	[5 8]
014
486
504	5	[0 4]
203
823
462
649
094
030
007
483
992
111
505	5	[0 5]
476
783
197
519	5	[1 9]
098
141
603
671
131
603
391
004
639
638
162
525	5	[2 5]
095	5	[0 9]
530	5	[0 3]
573	5	[3 7]
436
757	5	[7 7]
744
518	5	[1 8]
232
471
490
773
318
194
298
936
387
584	5	[4 8]
811
419
732
686
274
976
973
416
153	5	[1 3]
688
753	5	[3 7]
722
459	5	[4 9]
146
639
579	5	[7 9]
966
237
030
316
139
225	5	[2 2]
045	5	[0 4]
351	5	[1 3]
402
235	5	[2 3]
294
478
098
681
485	5	[4 8]
302
191
552	5	[2 5]
261
984
475	5	[4 7]
735	5	[3 7]
941
169
162
267
753	5	[3 7]
676
020
884
473
179
291
500	5	[0 0]
915	5	[1 9]
306
835	5	[3 8]
811
804
456	5	[4 6]
111
303
543	5	[3 4]
299
819
501	5	[0 1]
791
239
947
860
147
149
154	5	[1 4]
265	5	[2 6]
991
950	5	[0 9]
022
377
618
917
005	5	[0 0]
419
539	5	[3 9]
292
973
097
048
007
777
092
329
706
487
243
027
829
451	5	[1 4]
468
886
201
340
049
860
946
866
875	5	[7 8]
471
329
244
288
734
768
921
652	5	[2 6]
478
540	5	[0 4]
014
119
277
712
803
680
050	5	[0 0]
139
624
763
510	5	[0 1]
076
461
740
407
199
478
415	5	[1 4]
148
814
644
448
934
256	5	[2 6]
265	5	[2 6]
007
918
958	5	[8 9]
239
908
064
746
556	5	[5 6]
225	5	[2 2]
445	5	[4 4]
071
505	5	[0 5]
422
768
857	5	[7 8]
149
783
262
547	5	[4 7]
256	5	[2 6]
925	5	[2 9]
985	5	[8 9]
662
177
743
736
103
698
401
762
500	5	[0 0]
441
649
811
880
697
030
914
392
152	5	[1 2]
517	5	[1 7]
917
935	5	[3 9]
888
966
020
485	5	[4 8]
963
873
920
395	5	[3 9]
377
538	5	[3 8]
858	5	[8 8]
865	5	[6 8]
851	5	[1 8]
122
353	5	[3 3]
013
558	5	[5 8]
699
039
173
130
112
295	5	[2 9]
922
872
040
668
732
683
031
023
500	5	[0 0]
335	5	[3 3]
724
806
991
616
657	5	[6 7]
688
010
113
794
625	5	[2 6]
221
646
184
808
652	5	[2 6]
244
877
621
164
133
620
825	5	[2 8]
284
317
560	5	[0 6]
381
739
528	5	[2 8]
358	5	[3 8]
170
021
014
199
440
042
183
458	5	[4 8]
618
687
127
449
908
374
616
812
191
717
370
476
720
386
948
378
363
197
665	5	[6 6]
709
019
722
398
147
559	5	[5 9]
914
338
124
541	5	[1 4]
971
432
964
477
079
868
841
867
447
488
225	5	[2 2]
986
710
233
185	5	[1 8]
940
316
808
907
809
898
043
026
277
569	5	[6 9]
977
298
242
438
089
812
084
340
877
549	5	[4 9]
958	5	[8 9]
193
747
429
133
568	5	[6 8]
089
208
596	5	[6 9]
949
372
808
772
927
376
541	5	[1 4]
386
675	5	[6 7]
192
703
139
238
496
878
612
444
127
288
425	5	[2 4]
481
009
653	5	[3 6]
687
610
157	5	[1 7]
869
417
350	5	[0 3]
939
413
394
121
960
518	5	[1 8]
273
709
232
991
470
324
309
551	5	[1 5]
698
144
242
406
662
420
536	5	[3 6]
231
661
568	5	[6 8]
958	5	[8 9]
061
475	5	[4 7]
764
667
966
368
584	5	[4 8]
232
855	5	[5 8]
808
887
113
153	5	[1 3]
179
956	5	[6 9]
874
474
351	5	[1 3]
717
103
460
174
142
760
842
175	5	[1 7]
057	5	[0 7]
455	5	[4 5]
110
776
340
376
022
179
399
515	5	[1 5]
996
773
821
217
705	5	[0 7]
617
664
276
437
620
919
230
992
396
291
927
716
530	5	[0 3]
014
883
646
004
671
822
094
764
749
495	5	[4 9]
380
792
380
987
055	5	[0 5]
349
139
267
797
393
766
149
486
078
863
718
222
740
445	5	[4 4]
173
808
369
167
409
287
691
895	5	[8 9]
211
923
485	5	[4 8]
988
523	5	[2 3]
062
557	5	[5 7]
662
269
428
737
507	5	[0 7]
979
782
310
829
962
440
783
019
057	5	[0 7]
076
894
474
615	5	[1 6]
768
806
865	5	[6 8]
799
847
979
613
044
018
917
421
834
780
904
132
822
063
142
909
342
408
678
094
186
023
016
193
668
839
391
931
731
110
842
539	5	[3 9]
623
090
256	5	[2 6]
457	5	[4 7]
929
787
439
905	5	[0 9]
066
523	5	[2 3]
012
588	5	[8 8]
260
126
615	5	[1 6]
967
799
161
534	5	[3 4]
297
915	5	[1 9]
920
451	5	[1 4]
974
226
151	5	[1 1]
268
246
268
166
286
108
382
457	5	[4 7]
372
438
383
131
170
634
516	5	[1 6]
447
421
115	5	[1 1]
765	5	[6 7]
523	5	[2 3]
158	5	[1 8]
649
381
539	5	[3 9]
222
097
702
170
055	5	[0 5]
671
285	5	[2 8]
881
174
195	5	[1 9]
214
600
776
106
138
046
606
860
511	5	[1 1]
137
254	5	[2 4]
312
302
112
801
322
124
816
544	5	[4 4]
340
579	5	[7 9]
127
211
717
387
228
158	5	[1 8]
780
273
567	5	[6 7]
002
342
166
632
794
470
859	5	[8 9]
675	5	[6 7]
688
345	5	[3 4]
162
091
158	5	[1 8]
718
119
050	5	[0 0]
700
286
596	5	[6 9]
637
806
285	5	[2 8]
719
419
384
202
194
253	5	[2 3]
427
009
686
208
827
341
111
289
572	5	[2 7]
400
141
344
572	5	[2 7]
197
046
717
588	5	[8 8]
823
057	5	[0 7]
365	5	[3 6]
933
738
395	5	[3 9]
841
519	5	[1 9]
984
645	5	[4 6]
779
962
414
051	5	[0 1]
975	5	[7 9]
202
705	5	[0 7]
036
629
958	5	[8 9]
872
756	5	[6 7]
676
662
239
015	5	[0 1]
662
767
952	5	[2 9]
444
326
723
471
804
636
671
514	5	[1 4]
462
324
452	5	[2 4]
884
449
980
969
211
636
906
176
032
343
740
388
928
703
338
605	5	[0 6]
828
947
580	5	[0 8]
739
332
951	5	[1 9]
214
525	5	[2 5]
046
724
162
801
820
938
957	5	[7 9]
705	5	[0 7]
927
193
849
840
941
884
205	5	[0 2]
070
022
674
857	5	[7 8]
993
815	5	[1 8]
932
237
148
087
720
362
926
684
283
994
600
285	5	[2 8]
021
759	5	[7 9]
604
045	5	[0 4]
863
593	5	[3 9]
017
314
097
271
223
361
323
976
469
617
687
006
460
917
480
025	5	[0 2]
582	5	[2 8]
439
850	5	[0 8]
471
171
481
575	5	[5 7]
627
158	5	[1 8]
906
888
396
676
642
872
279
784
788
354	5	[3 4]
244
425	5	[2 4]
788
503	5	[0 3]
444
275	5	[2 7]
170
475	5	[4 7]
238
193
077
871
924
937
835	5	[3 8]
449
052	5	[0 2]
340
820
397
189
668
947
449
278
054	5	[0 4]
235	5	[2 3]
215	5	[1 2]
970
027
168
855	5	[5 8]
582	5	[2 8]
972
163
518	5	[1 8]
872
146
612
534	5	[3 4]
311
291
422
689
638
752	5	[2 7]
288
427
972
546	5	[4 6]
534	5	[3 4]
094
512	5	[1 2]
981
793
586	5	[6 8]
646
014
778
457	5	[4 7]
124
956	5	[6 9]
205	5	[0 2]
382
427
595	5	[5 9]
068
943
453	5	[3 4]
794
699
837
033
341
652	5	[2 6]
497
503	5	[0 3]
518	5	[1 8]
940
101
714
869
873
286
384
490
886
641
376
886
436
582	5	[2 8]
619
159	5	[1 9]
106
774
218
611
746
227
307
824
318
376
026
217
826
125	5	[1 2]
825	5	[2 8]
007
573	5	[3 7]
554	5	[4 5]
016
148
960
437
340
341
171
601
127
976
517	5	[1 7]
661
615	5	[1 6]
955	5	[5 9]
962
892
811
164
149
648
918
715	5	[1 7]
234
617
956	5	[6 9]
299
866
217
568	5	[6 8]
430
955	5	[5 9]
292
374
359	5	[3 9]
694
924
131
920
484
109
302
530	5	[0 3]
658	5	[6 8]
873
801
620
069
022
100
266
256	5	[2 6]
686
971
898
132
711
634
174
013
227
247
408
991
463
899
412
763
452	5	[2 4]
219
916
950	5	[0 9]
065	5	[0 6]
932
455	5	[4 5]
787
264
659	5	[6 9]
135	5	[1 3]
037
610
377
549	5	[4 9]
058	5	[0 8]
717
273
052	5	[0 2]
703
075	5	[0 7]
232
186
628
344
938
708
449
860
931
178
071
296
697
383
768
989
243
164
033
756	5	[6 7]
872
402
739
372
150	5	[0 1]
397
617
177
474
338
131
386
493
176
208
682
304
588	5	[8 8]
604
996
469
510	5	[0 1]
076
387
755	5	[5 7]
895	5	[8 9]
914
325	5	[2 3]
545	5	[4 5]
278
119
903
408
231
593	5	[3 9]
627
890
010
533	5	[3 3]
446
734
067
126
874
594	5	[4 9]
055	5	[0 5]
989
618
789
246
761
928
310
574	5	[4 7]
924
100
859	5	[8 9]
726
848
988
837
840
118
048
129
193
664
194
697
695	5	[6 9]
669
954	5	[4 9]
161
125	5	[1 2]
908
784
728
933
895	5	[8 9]
477
199
764
760
497
764
382
352	5	[2 3]
227
216
958	5	[8 9]
425	5	[2 4]
879
134
441
473
556	5	[5 6]
164
534	5	[3 4]
957	5	[7 9]
863
743
397
888
735	5	[3 7]
499
089
355	5	[3 5]
618
001
193
913
228
091
483
951	5	[1 9]
671
482
035	5	[0 3]
190
545	5	[4 5]
348
537	5	[3 7]
189
520	5	[0 2]
199
311
704
338
498
059	5	[0 9]
060
391
435	5	[3 4]
792
975	5	[7 9]
190
620
260
470
858	5	[8 8]
865	5	[6 8]
660
554	5	[4 5]
736
721
901
467
023
452	5	[2 4]
008
982
521	5	[1 2]
007
986
010
384
971
137
706
350	5	[0 3]
343
758	5	[7 8]
129
645	5	[4 6]
695	5	[6 9]
160
104
827
696
444
429
427
288
990
289
820
321
457	5	[4 7]
670
635	5	[3 6]
453	5	[3 4]
674
913
422
561	5	[1 6]
111
507	5	[0 7]
399
171
537	5	[3 7]
336
796
627
902
283
087
187
245	5	[2 4]
816
624
430
160
852	5	[2 8]
021
836
661
190
730
840
831
924
803
270
542	5	[2 4]
660
393
667
565	5	[5 6]
202
226
329
568	5	[6 8]
841
056	5	[0 6]
308
661
542	5	[2 4]
133
425	5	[2 4]
475	5	[4 7]
090
439
603
040
408
369
401
251	5	[1 2]
270
983
397
833
650	5	[0 6]
466
276
047
163
542	5	[2 4]
825	5	[2 8]
724
075	5	[0 7]
038
157	5	[1 7]
676
941
141
999
985	5	[8 9]
798
181
358	5	[3 8]
728
926
529	5	[2 9]
170
917
854	5	[4 8]
317
498
292
276
698
659	5	[6 9]
841
487
131
003
277
656	5	[6 6]
899
165	5	[1 6]
733
608
889
872
669
650	5	[0 6]
456	5	[4 6]
547	5	[4 7]
699
218
789
732
456	5	[4 6]
787
722
437
592	5	[2 9]
316
745	5	[4 7]
345	5	[3 4]
547	5	[4 7]
297
905	5	[0 9]
327
680
990
818
496
629
701
539	5	[3 9]
978
662
635	5	[3 6]
938
396
542	5	[2 4]
563	5	[3 6]
517	5	[1 7]
297
281
517	5	[1 7]
085	5	[0 8]
210
073
957	5	[7 9]
360
523	5	[2 3]
719
476
448
734
728
919
089
474
525	5	[2 5]
444
560	5	[0 6]
745	5	[4 7]
537	5	[3 7]
756	5	[6 7]
352	5	[2 3]
292
646
399
057	5	[0 7]
170
393
335	5	[3 3]
543	5	[3 4]
276
037
124
042
879
167
747
558	5	[5 8]
412
441
655	5	[5 6]
006
983
918
925	5	[2 9]
006
590	5	[0 9]
195	5	[1 9]
068
243
987
042
116
599	5	[9 9]
481
322
108
009
523	5	[2 3]
937
156	5	[1 6]
598	5	[8 9]
483
321
242
319
649
174
258	5	[2 8]
621
532	5	[2 3]
441
587	5	[7 8]
083
179
549	5	[4 9]
353	5	[3 3]
583	5	[3 8]
410
771
567	5	[6 7]
036
125	5	[1 2]
391
971
014
859	5	[8 9]
596	5	[6 9]
471
391
496
954	5	[4 9]
707
406
605	5	[0 6]
681
830
707
174
855	5	[5 8]
682
400
894
896
091
292
590	5	[0 9]
895	5	[8 9]
617
317
236
984
826
613
734
103
273
713
238
678
218
451	5	[1 4]
141
157	5	[1 7]
017
283
684
676
857	5	[7 8]
732
059	5	[0 9]
099
928
578	5	[7 8]
736
455	5	[4 5]
387
380
519	5	[1 9]
262
923
427
255	5	[2 5]
442
458	5	[4 8]
096
376
017
246
045	5	[0 4]
481
384
205	5	[0 2]
658	5	[6 8]
199
708
459	5	[4 9]
979
019
931
942
995	5	[9 9]
237
481
018
474
204
347
700
119
836
508	5	[0 8]
225	5	[2 2]
775	5	[7 7]
740
374
148
979
008
276
887
507	5	[0 7]
745	5	[4 7]
501	5	[0 1]
622
776
474
898
016
048
116
277
987
661
444
205	5	[0 2]
524	5	[2 4]
902
777
346
721
003
438
632
680
477
665	5	[6 6]
450	5	[0 4]
428
554	5	[4 5]
485	5	[4 8]
069
038
397
697
367
707
326
207
648
272
141
780
399
526	5	[2 6]
375	5	[3 7]
636
166
589	5	[8 9]
740
106
733
189
313
845	5	[4 8]
274
760
691
409
091
590	5	[0 9]
075	5	[0 7]
886
734
320
641
523	5	[2 3]
744
609
068
399
584	5	[4 8]
912
216
888
145	5	[1 4]
536	5	[3 6]
017
848
927
362
305	5	[0 3]
085	5	[0 8]
420
279
334
177
625	5	[2 6]
235	5	[2 3]
762
372
290
305	5	[0 3]
455	5	[4 5]
215	5	[1 2]
641
276
285	5	[2 8]
243
024
348
565	5	[5 6]
423
860
693
346
532	5	[2 3]
353	5	[3 3]
307
176
723
299
876
991
978
157	5	[1 7]
878
558	5	[5 8]
554	5	[4 5]
424
615	5	[1 6]
481
423
425	5	[2 4]
948
533	5	[3 3]
474
339
177
056	5	[0 6]
578	5	[7 8]
380
441
404
789
216
582	5	[2 8]
503	5	[0 3]
797
327
340
647
230
600
174
727
169
206
071
904
529	5	[2 9]
062
604
770
497
626
653	5	[3 6]
867
750	5	[0 7]
803
804
539	5	[3 9]
550	5	[0 5]
705	5	[0 7]
325	5	[2 3]
229
444
481
023
990
308
771
869
990
117
479
025	5	[0 2]
911
771
595	5	[5 9]
135	5	[1 3]
852	5	[2 8]
680
935	5	[3 9]
076
038
396
842
617
798
075	5	[0 7]
093
584	5	[4 8]
481
292
431
707
290
251	5	[1 2]
626
985	5	[8 9]
780
825	5	[2 8]
510	5	[0 1]
110
121
035	5	[0 3]
716
230
479
592	5	[2 9]
289
609
980
199
502	5	[0 2]
773
560	5	[0 6]
540	5	[0 4]
303
933
983
297
132
208
409
004
478
130
058	5	[0 8]
995	5	[9 9]
521	5	[1 2]
310
648
468
920
609
749
773
125	5	[1 2]
754	5	[4 7]
538	5	[3 8]
459	5	[4 9]
334
894
396
340
092
360
393
514	5	[1 4]
176
236
077
366
686
883
156	5	[1 6]
132
259	5	[2 9]
220
171
018
499
506	5	[0 6]
100
239
284
161
674
813
260
176
314
499
529	5	[2 9]
008
203
032
266
522	5	[2 2]
482
176
921
479
632
083
043
959	5	[9 9]
498
537	5	[3 7]
746
885	5	[8 8]
389
058	5	[0 8]
663
956	5	[6 9]
791
037
234
598	5	[8 9]
181
349
844
640
231
176
783
852	5	[2 8]
204
871
054	5	[0 4]
959	5	[9 9]
323
619
378
483
783
917
535	5	[3 5]
115	5	[1 1]
182
376
501	5	[0 1]
280
482
630
448
247
023
009
053	5	[0 3]
125	5	[1 2]
470
717
254	5	[2 4]
986
706
961
686
160
451	5	[1 4]
235	5	[2 3]
272
820
885	5	[8 8]
111
916
893
246
913
030
133
145	5	[1 4]
915	5	[1 9]
923
957	5	[7 9]
065	5	[0 6]
150	5	[0 1]
680
148
248
140
862
435	5	[3 4]
078
568	5	[6 8]
019
848
059	5	[0 9]
256	5	[2 6]
166
244
852	5	[2 8]
687
173
274
944
747
058	5	[0 8]
583	5	[3 8]
404
578	5	[7 8]
133
005	5	[0 0]
282
087
651	5	[1 6]
731
845	5	[4 8]
473
190
522	5	[2 2]
468
949
452	5	[2 4]
533	5	[3 3]
741
369
850	5	[0 8]
412
264
337
161
897
915	5	[1 9]
531	5	[1 3]
328
241
987
434
132
091
332
675	5	[6 7]
742
182
759	5	[7 9]
945	5	[4 9]
228
432
676
869
483
412
135	5	[1 3]
380
518	5	[1 8]
536	5	[3 6]
783
710
959	5	[9 9]
632
837
372
214
689
011
937
581	5	[1 8]
033
778
900
352	5	[2 3]
437
833
886
311
723
831
158	5	[1 8]
625	5	[2 6]
422
412
102
607
068
975	5	[7 9]
664
492
970
587	5	[7 8]
554	5	[4 5]
369
488
072
191
601
162
614
354	5	[3 4]
310
736
119
880
663
061
500	5	[0 0]
537	5	[3 7]
020
434
284
929
642
954	5	[4 9]
879
800
658	5	[6 8]
776
480
772
374
525	5	[2 5]
332
241
129
929
817
646
747
646
186
375	5	[3 7]
697
077
911
473
352	5	[2 3]
155	5	[1 5]
135	5	[1 3]
588	5	[8 8]
580	5	[0 8]
486
869
504	5	[0 4]
450	5	[0 4]
355	5	[3 5]
473
233
466
049
162
762
585	5	[5 8]
537	5	[3 7]
253	5	[2 3]
805	5	[0 8]
886
792
336
305	5	[0 3]
081
596	5	[6 9]
918
768
930
627
129
149
705	5	[0 7]
765	5	[6 7]
048
008
984
777
320
513	5	[1 3]
533	5	[3 3]
917
490
363
002
961
417
178
454	5	[4 4]
910
703
358	5	[3 8]
264
084
597	5	[7 9]
975	5	[7 9]
386
800
586	5	[6 8]
433
334
169
927
782
413
559	5	[5 9]
934
651	5	[1 6]
356	5	[3 6]
535	5	[3 5]
372
083
208
862
098
989
231
445	5	[4 4]
503	5	[0 3]
976
523	5	[2 3]
645	5	[4 6]
048
771
623
396
706
355	5	[3 5]
811
982
964
975	5	[7 9]
683
867
914
716
928
745	5	[4 7]
882
053	5	[0 3]
860
825	5	[2 8]
136
983
308
250	5	[0 2]
091
921
388
493
056	5	[0 6]
383
640
896
019
912
050	5	[0 0]
214
189
447
512	5	[1 2]
318
615	5	[1 6]
882
889
684
667
448
323
486
900
657	5	[6 7]
849
890
170
135	5	[1 3]
111
160
113
055	5	[0 5]
463
659	5	[6 9]
388
860
410
798
973
529	5	[2 9]
523	5	[2 3]
925	5	[2 9]
644
709
396
507	5	[0 7]
669
703
394
956	5	[6 9]
027
997
465	5	[4 6]
786
027
040
372
963
256	5	[2 6]
799
231
990
734
113
254	5	[2 4]
387
346
626
844
108
035	5	[0 3]
461
610
757	5	[7 7]
573	5	[3 7]
009
696
896
571	5	[1 7]
186
588	5	[8 8]
426
164
625	5	[2 6]
193
049
585	5	[5 8]
626
514	5	[1 4]
374
177
691
374
366
990
015	5	[0 1]
192
573	5	[3 7]
200
590	5	[0 9]
071
967
006
383
881
441
013
831
367
769
593	5	[3 9]
517	5	[1 7]
119
482
447
788
621
541	5	[1 4]
058	5	[0 8]
841
481
817
030
037
242
995	5	[9 9]
758	5	[7 8]
586	5	[6 8]
369
511	5	[1 1]
527	5	[2 7]
932
925	5	[2 9]
517	5	[1 7]
615	5	[1 6]
234
796
368
482
263
864
733
400
014
094
867
186
082
448
039
875	5	[7 8]
356	5	[3 6]
856	5	[6 8]
835	5	[3 8]
724
686
933
173
181
543	5	[3 4]
386
707
250	5	[0 2]
367
765	5	[6 7]
965	5	[6 9]
199
765	5	[6 7]
616
849
136
586	5	[6 8]
797
998
562	5	[2 6]
479
523	5	[2 3]
905	5	[0 9]
423
973
346
185	5	[1 8]
166
352	5	[2 3]
377
489
146
728
022
204
156	5	[1 6]
548	5	[4 8]
376
318
834
249
258	5	[2 8]
098
888
363
444
693
318
260
705	5	[0 7]
390
029
376
975	5	[7 9]
142
172
921
811
871
223
171
123
289
758	5	[7 8]
853	5	[3 8]
687
058	5	[0 8]
482
646
392
077
114
663
608
434
132
514	5	[1 4]
166
952	5	[2 9]
921
946
080
253	5	[2 3]
215	5	[1 2]
916
095	5	[0 9]
638
332
881
234
488
892
265	5	[2 6]
972
860
787
220
091
219
672
455	5	[4 5]
187
294
469
121
807
788
470
097
547	5	[4 7]
171
706
763
761
742
640
275	5	[2 7]
975	5	[7 9]
041
199
048
931
221
772
965	5	[6 9]
039
607
359	5	[3 9]
560	5	[0 6]
830
811
086
416
564	5	[4 6]
528	5	[2 8]
608
024
169
939
322
437
735	5	[3 7]
222
127
715	5	[1 7]
291
242
479
720
553	5	[3 5]
115	5	[1 1]
626
074
588	5	[8 8]
783
302
009
987
724
633
356	5	[3 6]
583	5	[3 8]
655	5	[5 6]
161
516	5	[1 6]
525	5	[2 5]
220
102
590	5	[0 9]
262
539	5	[3 9]
047
143
069
322
146
450	5	[0 4]
643
382
967
309
533	5	[3 3]
730
179
472
239
449
171
628
688
230
508	5	[0 8]
197
540	5	[0 4]
527	5	[2 7]
542	5	[2 4]
775	5	[7 7]
509	5	[0 9]
786
569	5	[6 9]
226
879
341
680
811
897
698
877
433
261
979
396
111
548	5	[4 8]
382
532	5	[2 3]
203
292
526	5	[2 6]
770
749
438
519	5	[1 9]
510	5	[0 1]
577	5	[7 7]
024
641
268
033
569	5	[6 9]
475	5	[4 7]
607
646
242
833
570	5	[0 7]
812
858	5	[8 8]
680
438
071
984
941
231
113
949
866
274
061
122
432
209
465	5	[4 6]
414
861
337
257	5	[2 7]
126
595	5	[5 9]
241
235	5	[2 3]
185	5	[1 8]
972
208
814
681
713
955	5	[5 9]
091
552	5	[2 5]
935	5	[3 9]
324
499
519	5	[1 9]
109
075	5	[0 7]
665	5	[6 6]
575	5	[5 7]
958	5	[8 9]
175	5	[1 7]
636
666
876
262
634
756	5	[6 7]
659	5	[6 9]
197
817
045	5	[0 4]
265	5	[2 6]
119
204
054	5	[0 4]
997
841
977
740
847
185	5	[1 8]
805	5	[0 8]
903
163
847
536	5	[3 6]
697
411
742
611
414
952	5	[2 9]
383
160
780
539	5	[3 9]
422
962
888
959	5	[9 9]
371
846
140
492
653	5	[3 6]
504	5	[0 4]
851	5	[1 8]
956	5	[6 9]
397
022
391
976
860
864
541	5	[1 4]
154	5	[1 4]
144
507	5	[0 7]
192
847
756	5	[6 7]
272
044
472
407
779
125	5	[1 2]
609
185	5	[1 8]
958	5	[8 9]
265	5	[2 6]
591	5	[1 9]
722
807
353	5	[3 3]
589	5	[8 9]
272
051	5	[0 1]
438
421
637
118
557	5	[5 7]
057	5	[0 7]
670
199
209
229
782
825	5	[2 8]
855	5	[5 8]
899
710
001
904
809
503	5	[0 3]
538	5	[3 8]
220
737
427
562	5	[2 6]
019
089
630
244
071
117
824
383
389
964
970
368
794
307
466
892
482
853	5	[3 8]
264
967
549	5	[4 9]
904
362
475	5	[4 7]
388
287
186
800
795	5	[7 9]
506	5	[0 6]
797
921
681
844
147
621
833
475	5	[4 7]
557	5	[5 7]
908
739
037
479
311
731
366
612
571	5	[1 7]
430
210
328
283
658	5	[6 8]
204
578	5	[7 8]
671
720
405	5	[0 4]
858	5	[8 8]
680
241
162
379
403
787
594	5	[4 9]
462
415	5	[1 4]
456	5	[4 6]
368
114
152	5	[1 2]
121
956	5	[6 9]
984
853	5	[3 8]
777
594	5	[4 9]
310
105	5	[0 1]
538	5	[3 8]
553	5	[3 5]
491
199
804
779
104
775	5	[7 7]
121
492
171
004
509	5	[0 9]
195	5	[1 9]
760
271
882
052	5	[0 2]
845	5	[4 8]
871
679
575	5	[5 7]
541	5	[1 4]
392
252	5	[2 2]
602
569	5	[6 9]
707
634
952	5	[2 9]
904
924
018
342
022
983
486
978
864
599	5	[9 9]
414
329
584	5	[4 8]
890
022
940
411
207
377
639
744
435	5	[3 4]
363
268
272
651	5	[1 6]
053	5	[0 3]
781
078
967
961
490
162
770
179
965	5	[6 9]
218
925	5	[2 9]
251	5	[1 2]
795	5	[7 9]
741
330
510	5	[0 1]
053	5	[0 3]
584	5	[4 8]
367
804
470
629
268
958	5	[8 9]
238
464
923
241
845	5	[4 8]
386
625	5	[2 6]
677
919
836
096
312
330
549	5	[4 9]
766
160
473
328
926
841
730
959	5	[9 9]
564	5	[4 6]
047
886
752	5	[2 7]
027
085	5	[0 8]
620
737
529	5	[2 9]
170
869
996
807
818
386
619
468
926
402
453	5	[3 4]
134
790
640
790
052	5	[0 2]
632
820
525	5	[2 5]
403
126
150	5	[0 1]
139
601
513	5	[1 3]
368
059	5	[0 9]
253	5	[2 3]
887
907
460
692
535	5	[3 5]
001
811
835	5	[3 8]
648
387
827
204
113
945	5	[4 9]
368
504	5	[0 4]
678
133
054	5	[0 4]
042
567	5	[6 7]
977
246
737
413
184
827
794
301
339
263
323
232
811
871
753	5	[3 7]
506	5	[0 6]
760
628
250	5	[0 2]
819
548	5	[4 8]
976
516	5	[1 6]
411
430
541	5	[1 4]
594	5	[4 9]
559	5	[5 9]
170
888
740
776
918
097
987
681
720
138
006
659	5	[6 9]
417
183
033
363
880
765	5	[6 7]
410
573	5	[3 7]
527	5	[2 7]
396
048
127
626
237
864
678
402
831
967
389
611
661
032
892
551	5	[1 5]
066
139
415	5	[1 4]
246
422
934
323
288
204
124
624
306
478
869
237
254	5	[2 4]
231
589	5	[8 9]
713
993
339
254	5	[2 4]
520	5	[0 2]
886
905	5	[0 9]
453	5	[3 4]
462
011
408
754	5	[4 7]
495	5	[4 9]
470
534	5	[3 4]
896
696
001
565	5	[5 6]
468
101
760
947
337
640
201
152	5	[1 2]
732
353	5	[3 3]
833
162
800
606
266
627
380
992
458	5	[4 8]
023
491
028
317
287
198
872
835	5	[3 8]
460
648
602
015	5	[0 1]
162
421
421
444
623
638
731
965	5	[6 9]
740
825	5	[2 8]
824
408
947
156	5	[1 6]
752	5	[2 7]
169
666
952	5	[2 9]
294
397
170
739
336
163
505	5	[0 5]
023
114
810
876
385	5	[3 8]
440
943
036
976
783
816
616
546	5	[4 6]
660
611
682
939
783
680
682
937
017
318
849
526	5	[2 6]
102
725	5	[2 7]
497
700
220
396
749
653	5	[3 6]
923
825	5	[2 8]
787
657	5	[6 7]
163
043
331
663
374
421
583	5	[3 8]
970
184
073
499
902
410
425	5	[2 4]
425	5	[2 4]
446
156	5	[1 6]
887
351	5	[1 3]
439
280
536	5	[3 6]
184
224
176
426
088
631
012
083
721
223
287
379
356	5	[3 6]
597	5	[7 9]
661
264
998
507	5	[0 7]
971
371
748
987
839
709
518	5	[1 8]
352	5	[2 3]
809
364
637
088
279
278
286
895	5	[8 9]
241
022
287
839
419
211
474
025	5	[0 2]
814
167
845	5	[4 8]
651	5	[1 6]
751	5	[1 7]
315	5	[1 3]
595	5	[5 9]
124
228
359	5	[3 9]
639
416
013
133
714
773
788
153	5	[1 3]
426
833
350	5	[0 3]
749
868
346
277
995	5	[9 9]
542	5	[2 4]
782
216
045	5	[0 4]
582	5	[2 8]
670
260
534	5	[3 4]
217
426
535	5	[3 5]
975	5	[7 9]
955	5	[5 9]
933
462
817
064
933
976
156	5	[1 6]
077
148
433
980
058	5	[0 8]
964
440
812
176
665	5	[6 6]
272
552	5	[2 5]
886
601
760
997
414
988
056	5	[0 6]
223
803
211
838
386
004
940
773
522	5	[2 2]
960
554	5	[4 5]
878
268
228
213
046
860
033
926
910
896
957	5	[7 9]
346
832
591	5	[1 9]
786
884
455	5	[4 5]
050	5	[0 0]
333
777
987
613
679
688
191
186
546	5	[4 6]
833
708
302
830
143
037
090
142
158	5	[1 8]
025	5	[0 2]
825	5	[2 8]
998
230
668
817
568	5	[6 8]
991
739
526	5	[2 6]
032
871
675	5	[6 7]
612
741
591	5	[1 9]
414
794
269
877
715	5	[1 7]
389
225	5	[2 2]
193
249
660
754	5	[4 7]
436
272
714
771
148
361
654	5	[4 6]
660
825	5	[2 8]
957	5	[7 9]
819
755	5	[5 7]
303
357	5	[3 7]
839
689
762
913
354	5	[3 4]
546	5	[4 6]
985	5	[8 9]
824
948
132
713
549	5	[4 9]
959	5	[9 9]
719
296
975	5	[7 9]
257	5	[2 7]
198
651	5	[1 6]
195	5	[1 9]
221
704
596	5	[6 9]
651	5	[1 6]
754	5	[4 7]
637
367
163
173
217
784
470
531	5	[1 3]
573	5	[3 7]
557	5	[5 7]
723
461
790
013
805	5	[0 8]
839
443
036
850	5	[0 8]
157	5	[1 7]
858	5	[8 8]
696
972
041
307
170
129
466
001
419
372
560	5	[0 6]
548	5	[4 8]
362
341
199
155	5	[1 5]
230
357	5	[3 7]
813
423
697
119
238
652	5	[2 6]
214
661
405	5	[0 4]
943
898
532	5	[2 3]
097
637
344
681
777
287
129
615	5	[1 6]
047
616
058	5	[0 8]
076
302
063
376
435	5	[3 4]
691
778
278
094
992
955	5	[5 9]
044
020
847
479
762
121
063
332
271
158	5	[1 8]
644
014
738
829
684
876
159	5	[1 9]
886
688
011
259	5	[2 9]
115	5	[1 1]
740
525	5	[2 5]
838
132
856	5	[6 8]
778
201
169
409
915	5	[1 9]
481
415	5	[1 4]
299
619
989
361
915	5	[1 9]
285	5	[2 8]
187
227
784
884
950	5	[0 9]
603
585	5	[5 8]
688
035	5	[0 3]
221
301
272
108
253	5	[2 3]
245	5	[2 4]
666
975	5	[7 9]
724
704
766
834
019
628
364
935	5	[3 9]
154	5	[1 4]
426
367
411
877
793
211
941
594	5	[4 9]
827
296
818
270
385	5	[3 8]
779
989
436
280
628
213
320
382
397
671
500	5	[0 0]
300
804
048
834
431
572	5	[2 7]
384
345	5	[3 4]
900
793
719
040
143
773
582	5	[2 8]
422
341
747
617
350	5	[0 3]
618
787
388
735	5	[3 7]
751	5	[1 7]
833
465	5	[4 6]
689
481
244
310
009
347
906
138
028
026
369
976
569	5	[6 9]
669
503	5	[0 3]
384
941
604
615	5	[1 6]
514	5	[1 4]
338
045	5	[0 4]
769
685	5	[6 8]
152	5	[1 2]
107
598	5	[8 9]
262
219
155	5	[1 5]
480
620
208
867
402
440
080
257	5	[2 7]
797
516	5	[1 6]
088
454	5	[4 4]
108
541	5	[1 4]
561	5	[1 6]
525	5	[2 5]
765	5	[6 7]
034
611
283
376
723
302
177
510	5	[0 1]
069
623
204
458	5	[4 8]
940
693
358	5	[3 8]
973
945	5	[4 9]
486
707
330
035	5	[0 3]
878
066
147
302
518	5	[1 8]
568	5	[6 8]
463
657	5	[6 7]
208
137
109
394
669
569	5	[6 9]
722
044
282
976
694
178
302
292
898
131
913
059	5	[0 9]
471
468
318
837
544	5	[4 4]
246
786
657	5	[6 7]
944
901
129
032
315	5	[1 3]
090
212
119
972
608
807
047
826
307
955	5	[5 9]
035	5	[0 3]
301
790
474
124
021
271
688
317
303
566	5	[6 6]
331
908
561	5	[1 6]
963
078
726
002
757	5	[7 7]
933
916
700
554	5	[4 5]
636
187
258	5	[2 8]
378
944
498
291
519	5	[1 9]
478
414
150	5	[0 1]
474
131
361
150	5	[0 1]
146
716
750	5	[0 7]
982
063
093
471
318
923
513	5	[1 3]
918
359	5	[3 9]
655	5	[5 6]
057	5	[0 7]
652	5	[2 6]
299
402
975	5	[7 9]
229
573	5	[3 7]
630
016
381
167
549	5	[4 9]
072
917
771
726
159	5	[1 9]
643
877
031
115	5	[1 1]
170
553	5	[3 5]
536	5	[3 6]
492
674
243
928
466
763
920
982
188
564	5	[4 6]
244
474
373
376
272
186
268
040
679
767
999
750	5	[0 7]
910
594	5	[4 9]
420
472
439
606
278
164
057	5	[0 7]
320
810
449
414
676
544	5	[4 4]
591	5	[1 9]
175	5	[1 7]
730
654	5	[4 6]
420
047
691
480
971
465	5	[4 6]
789
916
675	5	[6 7]
300
989
957	5	[7 9]
106
969
373
223
331
026
488
756	5	[6 7]
324
461
095	5	[0 9]
121
703
468
746
598	5	[8 9]
397
667
098
071
802
794
372
163
960
588	5	[8 8]
877
169
026
570	5	[0 7]
057	5	[0 7]
619
068
080
702
552	5	[2 5]
820
387
551	5	[1 5]
252	5	[2 2]
237
744
443
275	5	[2 7]
682
571	5	[1 7]
069
151	5	[1 1]
661
491
000
706
898
235	5	[2 3]
201
260
367
696
798
481
853	5	[3 8]
127
392
722
805	5	[0 8]
264
324
915	5	[1 9]
139
170
335	5	[3 3]
313
480
497
580	5	[0 8]
711
860
972
631
986
944
478
447
825	5	[2 8]
871
664
518	5	[1 8]
171
679
995	5	[9 9]
159	5	[1 9]
214
923
511	5	[1 1]
338
008
884
933
469
637
001
838
459	5	[4 9]
133
733
235	5	[2 3]
175	5	[1 7]
160
495	5	[4 9]
748
563	5	[3 6]
713
519	5	[1 9]
859	5	[8 9]
947
130
359	5	[3 9]
384
849
111
639
062
369
191
124
908
583	5	[3 8]
646
183
825	5	[2 8]
956	5	[6 9]
862
734
213
397
042
372
446
910
971
859	5	[8 9]
584	5	[4 8]
823
986
657	5	[6 7]
798
636
305	5	[0 3]
845	5	[4 8]
939
886
936
426
307
684
543	5	[3 4]
194
001
480
215	5	[1 2]
743
445	5	[4 4]
132
618
394
626
507	5	[0 7]
074
318
711
051	5	[0 1]
601
879
860
155	5	[1 5]
106
980
046
847
217
379
038
867
096
160
874
257	5	[2 7]
079
936
609
272
676
654	5	[4 6]
255	5	[2 5]
099
528	5	[2 8]
199
580	5	[0 8]
283
124
463
047
853	5	[3 8]
856	5	[6 8]
750	5	[0 7]
989
173
889
654	5	[4 6]
296
721
969
717
197
582	5	[2 8]
418
138
204
187
657	5	[6 7]
757	5	[7 7]
761
745	5	[4 7]
845	5	[4 8]
708
875	5	[7 8]
035	5	[0 3]
977
737
879
160
221
204
449
282
137
211
731
802
871
276
709
389
775	5	[7 7]
699
273
824
440
676
389
021
343
706
200
366
264
407
925	5	[2 9]
949
434
182
709
426
043
862
103
697
386
126
427
031
224
986
638
108
776
249
314
448
615	5	[1 6]
519	5	[1 9]
389
826
852	5	[2 8]
113
425	5	[2 4]
520	5	[0 2]
996
157	5	[1 7]
786
414
944
176
538	5	[3 8]
711
982
837
690
657	5	[6 7]
864
098
061
041
969
925	5	[2 9]
247
941
492
050	5	[0 0]
744
475	5	[4 7]
806
525	5	[2 5]
737
563	5	[3 6]
332
658	5	[6 8]
076
948
317
658	5	[6 8]
248
458	5	[4 8]
060
603
672
529	5	[2 9]
584	5	[4 8]
487
255	5	[2 5]
063
749
993
354	5	[3 4]
048
616
282
885	5	[8 8]
057	5	[0 7]
968
481
191
905	5	[0 9]
756	5	[6 7]
437
025	5	[0 2]
245	5	[2 4]
822
009
915	5	[1 9]
684
699
587	5	[7 8]
032
064
975	5	[7 9]
292
399
047
051	5	[0 1]
251	5	[1 2]
229
389
943
542	5	[2 4]
405	5	[0 4]
510	5	[0 1]
185	5	[1 8]
861
415	5	[1 4]
097
952	5	[2 9]
447
078
433
325	5	[2 3]
184
608
552	5	[2 5]
873
744
463
912
835	5	[3 8]
757	5	[7 7]
345	5	[3 4]
357	5	[3 7]
288
066
860
235	5	[2 3]
662
066
514	5	[1 4]
705	5	[0 7]
245	5	[2 4]
816
658	5	[6 8]
012
875	5	[7 8]
178
429
049
845	5	[4 8]
324
547	5	[4 7]
847
953	5	[3 9]
099
523	5	[2 3]
678
724
103
497
193
560	5	[0 6]
562	5	[2 6]
785	5	[7 8]
886
283
334
545	5	[4 5]
932
226
106
800
443
481
314
987
650	5	[0 6]
312
767
974
193
226
082
564	5	[4 6]
810
964
847
898
452	5	[2 4]
607
346
866
256	5	[2 6]
147
039
418
755	5	[5 7]
306
714
407
011
297
452	5	[2 4]
684
429
558	5	[5 8]
378
818
419
798
676
189
346
616
591	5	[1 9]
678
203
034
248
023
142
131
192
281
428
720
326
220
744
113
209
812
568	5	[6 8]
328
200
704
763
847
368
130
271
837
618
598	5	[8 9]
611
267
325	5	[2 3]
665	5	[6 6]
091
303
807
420
607
023
411
021
006
597	5	[7 9]
471
218
528	5	[2 8]
286
595	5	[5 9]
889
959	5	[9 9]
586	5	[6 8]
055	5	[0 5]
865	5	[6 8]
322
464
780
943
104
780
863
206
356	5	[3 6]
998
856	5	[6 8]
291
106
322
477
358	5	[3 8]
932
699
850	5	[0 8]
794
130
153	5	[1 3]
459	5	[4 9]
918
062
603
925	5	[2 9]
134
538	5	[3 8]
608
451	5	[1 4]
157	5	[1 7]
607
923
489
989
715	5	[1 7]
182
320
460
230
557	5	[5 7]
441
052	5	[0 2]
209
944
791
418
062
969
989
453	5	[3 4]
791
269
615	5	[1 6]
605	5	[0 6]
284
586	5	[6 8]
104
103
486
014
153	5	[1 3]
077
818
107
774
169
081
720
513	5	[1 3]
389
613
363
624
277
860
994
330
481
380
826
752	5	[2 7]
030
649
433
638
261
213
471
858	5	[8 8]
778
644
081
835	5	[3 8]
119
947
055	5	[0 5]
893
769
218
161
921
651	5	[1 6]
982
432
858	5	[8 8]
138
723
808
205	5	[0 2]
207
884
973
325	5	[2 3]
143
398
672
698
232
256	5	[2 6]
924
039
270
971
623
264
615	5	[1 6]
480
108
666
768
245	5	[2 4]
703
368
677
482
386
225	5	[2 2]
221
312
352	5	[2 3]
433
743
623
606
943
444
675	5	[6 7]
187
830
662
654	5	[4 6]
588	5	[8 8]
558	5	[5 8]
249
966
115	5	[1 1]
776
496
183
508	5	[0 8]
309
791
475	5	[4 7]
511	5	[1 1]
396
099
708
590	5	[0 9]
498
980
941
528	5	[2 8]
936
954	5	[4 9]
832
230
968
793
868
369
807
294
049
944
998
690
133
956	5	[6 9]
959	5	[9 9]
530	5	[0 3]
314
842
317
421
037
715	5	[1 7]
128
933
119
550	5	[0 5]
096
260
232
941
553	5	[3 5]
606
876
891
864
889
070
420
225	5	[2 2]
880
936
958	5	[8 9]
714
010
919
333
885	5	[8 8]
074
171
343
184
244
627
742
134
324
710
913
352	5	[2 3]
455	5	[4 5]
532	5	[2 3]
804
928
506	5	[0 6]
910
492
116
222
873
860
546	5	[4 6]
067
553	5	[3 5]
233
496
312
082
781
266
713
865	5	[6 8]
927
504	5	[0 4]
657	5	[6 7]
083
716
610
631
771
399
659	5	[6 9]
263
948
480
639
220
364
916
230
421
483
611
177
313
769
605	5	[0 6]
738
668
647
429
489
086
053	5	[0 3]
116
707
148
100
101
833
096
475	5	[4 7]
502	5	[0 2]
802
291
816
998
113
450	5	[0 4]
580	5	[0 8]
419
425	5	[2 4]
257	5	[2 7]
249
701
736
075	5	[0 7]
664
759	5	[7 9]
693
223
128
004
748
524	5	[2 4]
778
532	5	[2 3]
313
111
392
996
037
865	5	[6 8]
462
338
526	5	[2 6]
360
040
666
116
881
116
804
279
150	5	[0 1]
615	5	[1 6]
565	5	[5 6]
083
417
212
790
039
895	5	[8 9]
642
342
252	5	[2 2]
612
716
273
825	5	[2 8]
077
789
611
507	5	[0 7]
168
708
703
863
144
013
320
957	5	[7 9]
861
999
159	5	[1 9]
404
742
958	5	[8 9]
063
528	5	[2 8]
753	5	[3 7]
479
619
254	5	[2 4]
150	5	[0 1]
091
200
288
703
046
478
541	5	[1 4]
108
143
361
636
972
890
590	5	[0 9]
376
654	5	[4 6]
656	5	[6 6]
817
933
303
730
821
442
540	5	[0 4]
735	5	[3 7]
814
563	5	[3 6]
605	5	[0 6]
074
232
371
691
439
530	5	[0 3]
745	5	[4 7]
845	5	[4 8]
699
792
111
635	5	[3 6]
246
173
574	5	[4 7]
321
800
271
126
111
184
151	5	[1 1]
019
262
308
889
360
662
597	5	[7 9]
181
573	5	[3 7]
360
521	5	[1 2]
449
716
884
203
221
401
051	5	[0 1]
953	5	[3 9]
161
290
367
187
072
655	5	[5 6]
197
309
553	5	[3 5]
580	5	[0 8]
384
634
197
206
753	5	[3 7]
914
064
918
435	5	[3 4]
671
302
850	5	[0 8]
486
348
075	5	[0 7]
526	5	[2 6]
445	5	[4 4]
760
777
395	5	[3 9]
542	5	[2 4]
276
629
529	5	[2 9]
118
409
288
372
565	5	[5 6]
261
789
320
367
975	5	[7 9]
301
593	5	[3 9]
106
043
120
816
962
967
571	5	[1 7]
704
710
008
004
286
556	5	[5 6]
581	5	[1 8]
674
203
200
527	5	[2 7]
541	5	[1 4]
883
679
441
931
905	5	[0 9]
327
691
104
621
324
039
971
027
301
797
476
307
033
867
768
550	5	[0 5]
205	5	[0 2]
023
344
729
739
212
390
350	5	[0 3]
200
511	5	[1 1]
741
222
941
841
823
301
151	5	[1 1]
805	5	[0 8]
908
755	5	[5 7]
067
905	5	[0 9]
720
211
534	5	[3 4]
241
539	5	[3 9]
150	5	[0 1]
079
811
658	5	[6 8]
753	5	[3 7]
595	5	[5 9]
613
883
174
954	5	[4 9]
751	5	[1 7]
414
961
381
393
710
608
985	5	[8 9]
211
392
555	5	[5 5]
255	5	[2 5]
315	5	[1 3]
950	5	[0 9]
431
230
067
842
438
976
217
668
988
202
688
428
014
508	5	[0 8]
589	5	[8 9]
518	5	[1 8]
282
374
928
761
676
873
559	5	[5 9]
374
616
173
224
993
125	5	[1 2]
627
786
536	5	[3 6]
832
994
026
657	5	[6 7]
606
814
327
492
668
252	5	[2 2]
735	5	[3 7]
303
809
750	5	[0 7]
200
022
219
466
643
709
590	5	[0 9]
783
951	5	[1 9]
684
304
968
058	5	[0 8]
426
148
847
500	5	[0 0]
928
878
384
462
244
726
472
317
756	5	[6 7]
635	5	[3 6]
273
918
836
983
399
079
674
581	5	[1 8]
063
784
620
530	5	[0 3]
612
707
354	5	[3 4]
169
362
738
415	5	[1 4]
246
246
923
787
939
983
957	5	[7 9]
903
870
710
068
673
076
889
315	5	[1 3]
349
101
774
183
229
630
581	5	[1 8]
964
322
588	5	[8 8]
738
399
331
172
549	5	[4 9]
222
750	5	[0 7]
197
144
723
653	5	[3 6]
558	5	[5 8]
624
034
385	5	[3 8]
805	5	[0 8]
422
726
748
551	5	[1 5]
976
251	5	[1 2]
956	5	[6 9]
975	5	[7 9]
183
994
408
782
117
598	5	[8 9]
154	5	[1 4]
514	5	[1 4]
538	5	[3 8]
898
501	5	[0 1]
381
997
081
999
040
458	5	[4 8]
896
543	5	[3 4]
371
034
452	5	[2 4]
014
993
193
481
636
065	5	[0 6]
441
526	5	[2 6]
831
623
659	5	[6 9]
073
858	5	[8 8]
385	5	[3 8]
193
953	5	[3 9]
604
937
972
223
191
448
106
925	5	[2 9]
013
229
921
968
164
203
549	5	[4 9]
345	5	[3 4]
351	5	[1 3]
016
232
885	5	[8 8]
691
824
346
976
073
717
470
685	5	[6 8]
636
683
927
437
510	5	[0 1]
248
326
528	5	[2 8]
729
070
729
487
344
062
181
343
619
824
182
518	5	[1 8]
331
138
342
617
325	5	[2 3]
243
587	5	[7 8]
526	5	[2 6]
663
755	5	[5 7]
486
178
086
761
075	5	[0 7]
037
706
503	5	[0 3]
198
407
713
773
552	5	[2 5]
003
950	5	[0 9]
910
773
309
868
375	5	[3 7]
247
686
383
169
800
128
675	5	[6 7]
540	5	[0 4]
138
074
283
627
815	5	[1 8]
989
344
185	5	[1 8]
078
229
800
849
151	5	[1 1]
983
638
014
865	5	[6 8]
285	5	[2 8]
975	5	[7 9]
552	5	[2 5]
791
261
883
866
160
726
433
165	5	[1 6]
870
205	5	[0 2]
778
601
500	5	[0 0]
110
417
981
923
779
063
091
043
011
795	5	[7 9]
823
163
005	5	[0 0]
869
763
525	5	[2 5]
270
818
109
618
453	5	[3 4]
835	5	[3 8]
374
363
980
919
020
034
500	5	[0 0]
452	5	[2 4]
270
150	5	[0 1]
428
894
098
178
732
918
542	5	[2 4]
352	5	[2 3]
878
863
758	5	[7 8]
666
357	5	[3 7]
661
585	5	[5 8]
322
419
224
377
628
575	5	[5 7]
863
373
509	5	[0 9]
755	5	[5 7]
458	5	[4 8]
282
393
978
292
123
610
573	5	[3 7]
880
529	5	[2 9]
589	5	[8 9]
536	5	[3 6]
332
322
879
367
561	5	[1 6]
712
297
519	5	[1 9]
602
878
250	5	[0 2]
869
822
304
368
285	5	[2 8]
330
515	5	[1 5]
491
476
278
996
862
225	5	[2 2]
595	5	[5 9]
057	5	[0 7]
104
680
294
192
461
752	5	[2 7]
961
092
502	5	[0 2]
018
353	5	[3 3]
074
880
818
505	5	[0 5]
859	5	[8 9]
137
952	5	[2 9]
396
483
106
005	5	[0 0]
871
689
283
064
727
361
084
349
134
882
702
981
713
669
654	5	[4 6]
634
293
878
772
039
930
636
752	5	[2 7]
590	5	[0 9]
270
484
773
892
822
664
932
869
844
651	5	[1 6]
601
407
563	5	[3 6]
628
860
231
291
231
960
410
657	5	[6 7]
947
110
304
145	5	[1 4]
142
664
315	5	[1 3]
471
018
562	5	[2 6]
994
362
342
866
875	5	[7 8]
357	5	[3 7]
048
706
197
545	5	[4 5]
945	5	[4 9]
718
205	5	[0 2]
176
603
302
466
015	5	[0 1]
001
978
585	5	[5 8]
300
919
887
216
632
920
253	5	[2 3]
880
325	5	[2 3]
363
910
191
558	5	[5 8]
997
786
593	5	[3 9]
866
541	5	[1 4]
210
277
802
828
330
105	5	[0 1]
647
953	5	[3 9]
651	5	[1 6]
766
685	5	[6 8]
131
362
504	5	[0 4]
533	5	[3 3]
464
171
279
043
664
138
516	5	[1 6]
471
424
143
652	5	[2 6]
997
005	5	[0 0]
357	5	[3 7]
749
550	5	[0 5]
117
819
847
553	5	[3 5]
715	5	[1 7]
588	5	[8 8]
297
555	5	[5 5]
650	5	[0 6]
368
715	5	[1 7]
597	5	[7 9]
661
255	5	[2 5]
225	5	[2 2]
008
326
924
086
691
984
886
581	5	[1 8]
838
656	5	[6 6]
556	5	[5 6]
984
222
288
579	5	[7 9]
188
242
220
772
161
683
086
426
207
723
725	5	[2 7]
333
824
442
196
380
524	5	[2 4]
173
047
249
542	5	[2 4]
737
983
391
401
708
782
290
275	5	[2 7]
443
100
137
482
221
484
972
243
118
094
208
502	5	[0 2]
961
308
551	5	[1 5]
018
124
902
166
977
158	5	[1 8]
693
625	5	[2 6]
649
328
066
602
184
787
601
789
860
396
943
155	5	[1 5]
771
856	5	[6 8]
569	5	[6 9]
168
063
278
269
869
942
907
677
278
809
816
270
914
039
211
021
645	5	[4 6]
188
035	5	[0 3]
104
217
847
874
459	5	[4 9]
925	5	[2 9]
638
989
119
973
915	5	[1 9]
353	5	[3 3]
398
986
196
569	5	[6 9]
610
708
530	5	[0 3]
880
350	5	[0 3]
760
133
954	5	[4 9]
028
127
107
300
737
240
140
533	5	[3 3]
369
598	5	[8 9]
327
101
684
913
822
623
709
647
511	5	[1 1]
678
312
498
802
841
605	5	[0 6]
350	5	[0 3]
481
389
766
416
883
335	5	[3 3]
195	5	[1 9]
890
903
771
641
556	5	[5 6]
033
290
466
971
596	5	[6 9]
202
459	5	[4 9]
961
855	5	[5 8]
086
508	5	[0 8]
075	5	[0 7]
708
527	5	[2 7]
075	5	[0 7]
371
345	5	[3 4]
125	5	[1 2]
669
221
671
960
049
154	5	[1 4]
715	5	[1 7]
648
372
720
908
405	5	[0 4]
704
702
808
541	5	[1 4]
737
461
226
111
614
114
479
855	5	[5 8]
270
291
942
553	5	[3 5]
839
651	5	[1 6]
807
304
886
930
188
776
621
629
671
188
790
315	5	[1 3]
773
172
736
975	5	[7 9]
804
279
847
596	5	[6 9]
993
031
960
350	5	[0 3]
018
547	5	[4 7]
388
378
769
823
888
580	5	[0 8]
116
215	5	[1 2]
299
547	5	[4 7]
193
020
174
250	5	[0 2]
284
012
138
162
807
151	5	[1 1]
197
231
468
718
224
034
185	5	[1 8]
496
339
542	5	[2 4]
589	5	[8 9]
558	5	[5 8]
338
876
433
346
775	5	[7 7]
144
665	5	[6 6]
111
473
048
266
813
212
446
699
618
811
393
178
091
910
961
216
157	5	[1 7]
191
631
207
113
466
755	5	[5 7]
853	5	[3 8]
966
815	5	[1 8]
910
134
631
112
054	5	[0 4]
484
219
646
135	5	[1 3]
885	5	[8 8]
374
605	5	[0 6]
093
583	5	[3 8]
403
946
276
588	5	[8 8]
014
577	5	[7 7]
282
068
705	5	[0 7]
311
134
246
156	5	[1 6]
002
225	5	[2 2]
039
118
023
494
918
440
780
532	5	[2 3]
762
123
144
740
492
846
876
826
844
830
064
805	5	[0 8]
910
397
374
745	5	[4 7]
661
204
392
204
715	5	[1 7]
094
028
482
809
707
323
282
818
287
139
254	5	[2 4]
884
149
625	5	[2 6]
275	5	[2 7]
676
949
628
819
362
843
548	5	[4 8]
152	5	[1 2]
840
324
647
659	5	[6 9]
765	5	[6 7]
222
489
375	5	[3 7]
929
747
321
613
774
606
556	5	[5 6]
960
396
201
833
363
214
776
786
163
827
614
023
684
662
238
186
652	5	[2 6]
096
760
740
235	5	[2 3]
451	5	[1 4]
682
375	5	[3 7]
532	5	[2 3]
287
044
289
111
210
561	5	[1 6]
390
780
499
257	5	[2 7]
374
120
270
437
820
214
732
645	5	[4 6]
059	5	[0 9]
569	5	[6 9]
601
510	5	[0 1]
519	5	[1 9]
325	5	[2 3]
881
724
197
564	5	[4 6]
950	5	[0 9]
641
957	5	[7 9]
044
251	5	[1 2]
715	5	[1 7]
203
525	5	[2 5]
709
320
807
814
511	5	[1 1]
796
940
753	5	[3 7]
234
724
524	5	[2 4]
833
509	5	[0 9]
128
698
204
090
772
241
949
854	5	[4 8]
915	5	[1 9]
715	5	[1 7]
910
314
488
605	5	[0 6]
154	5	[1 4]
677
429
885	5	[8 8]
471
847
212
219
348
505	5	[0 5]
832
904
896
751	5	[1 7]
633
606
165	5	[1 6]
190
523	5	[2 3]
166
667
616
014
988
502	5	[0 2]
918
153	5	[1 3]
676
217
252	5	[2 2]
084
569	5	[6 9]
827
240
280
905	5	[0 9]
098
341
552	5	[2 5]
657	5	[6 7]
023
966
738
008
615	5	[1 6]
993
871
952	5	[2 9]
816
536	5	[3 6]
626
834
830
809
862
502	5	[0 2]
989
251	5	[1 2]
051	5	[0 1]
025	5	[0 2]
205	5	[0 2]
992
492
294
097
613
008
894
635	5	[3 6]
808
419
512	5	[1 2]
081
111
098
793
408
225	5	[2 2]
597	5	[7 9]
501	5	[0 1]
745	5	[4 7]
618
771
469
935	5	[3 9]
032
652	5	[2 6]
060
805	5	[0 8]
547	5	[4 7]
103
386
752	5	[2 7]
266
891
801
734
754	5	[4 7]
474
888
360
138
882
076
072
477
669
233
580	5	[0 8]
669
721
559	5	[5 9]
226
081
900
206
421
902
932
218
783
907
873
910
413
523	5	[2 3]
141
564	5	[4 6]
133
783
011
687
189
622
566	5	[6 6]
862
428
309
201
322
925	5	[2 9]
085	5	[0 8]
178
857	5	[7 8]
461
495	5	[4 9]
219
593	5	[3 9]
129
009
454	5	[4 4]
271
544	5	[4 4]
099
220
032
086
208
341
377
666
997
341
067
914
631
623
803
095	5	[0 9]
509	5	[0 9]
898
082
581	5	[1 8]
348
734
472
797
817
454	5	[4 4]
353	5	[3 3]
636
169
068
012
966
673
082
579	5	[7 9]
883
180
001
613
940
511	5	[1 1]
149
020
651	5	[1 6]
592	5	[2 9]
164
769
868
437
936
759	5	[7 9]
094
777
031
696
386
507	5	[0 7]
705	5	[0 7]
910
941
105	5	[0 1]
614
022
376
539	5	[3 9]
434
894
873
272
079
587	5	[7 8]
157	5	[1 7]
420
845	5	[4 8]
987
063
799
487
594	5	[4 9]
709
314
297
402
245	5	[2 4]
747
717
944
529	5	[2 9]
025	5	[0 2]
613
634
455	5	[4 5]
914
283
460
221
272
215	5	[1 2]
376
282
089
292
915	5	[1 9]
526	5	[2 6]
110
727
833
201
021
555	5	[5 5]
828
449
231
533	5	[3 3]
279
377
251	5	[1 2]
823
062
630
611
059	5	[0 9]
719
191
091
907
392
610
103
150	5	[0 1]
582	5	[2 8]
427
824
795	5	[7 9]
747
131
053	5	[0 3]
843
491
462
196
398
551	5	[1 5]
392
012
723
816
224
532	5	[2 3]
034
958	5	[8 9]
487
188
319
019
429
931
424
988
522	5	[2 2]
327
163
863
938
539	5	[3 9]
913
847
541	5	[1 4]
918
009
141
138
764
579	5	[7 9]
765	5	[6 7]
211
377
204
466
747
241
443
008
690
682
401
359	5	[3 9]
436
121
451	5	[1 4]
360
245	5	[2 4]
912
588	5	[8 8]
140
424
574	5	[4 7]
359	5	[3 9]
524	5	[2 4]
782
016
487
998
931
832
894
009
409
814
195	5	[1 9]
156	5	[1 6]
516	5	[1 6]
958	5	[8 9]
824
707
412
506	5	[0 6]
437
613
009
132
308
026
788
617
207
020
463
146
073
213
798
641
897
260
040
588	5	[8 8]
539	5	[3 9]
441
195	5	[1 9]
708
060
779
996
121
093
120
600
824
127
514	5	[1 4]
358	5	[3 8]
045	5	[0 4]
394
429
873
881
887
370
192
382
912
648
031
010
262
318
452	5	[2 4]
494
817
452	5	[2 4]
938
034
895	5	[8 9]
909
401
205	5	[0 2]
687
985	5	[8 9]
590	5	[0 9]
677
112
116
191
352	5	[2 3]
825	5	[2 8]
018
130
193
892
451	5	[1 4]
766
538	5	[3 8]
598	5	[8 9]
229
986
083
587	5	[7 8]
516	5	[1 6]
540	5	[0 4]
156	5	[1 6]
436
587	5	[7 8]
733
840
506	5	[0 6]
145	5	[1 4]
714
689
192
363
298
325	5	[2 3]
079
778
651	5	[1 6]
329
995	5	[9 9]
822
877
846
088
490
627
095	5	[0 9]
944
027
932
914
439
704
633
866
524	5	[2 4]
839
048
517	5	[1 7]
992
357	5	[3 7]
330
719
359	5	[3 9]
799
648
818
517	5	[1 7]
784
938
647
083
788
407
087
268
098
330
546	5	[4 6]
479
068
679
188
087
207
247
451	5	[1 4]
691
725	5	[2 7]
844
776
546	5	[4 6]
854	5	[4 8]
361
309
012
626
960
096
850	5	[0 8]
611
111
851	5	[1 8]
423
106
586	5	[6 8]
983
999
758	5	[7 8]
427
830
803
972
660
580	5	[0 8]
901
472
602
741
005	5	[0 0]
932
577	5	[7 7]
864
206
746
906
495	5	[4 9]
516	5	[1 6]
690
840
782
286
892
761
077
439
624
778
628
404
206
666
242
258	5	[2 8]
896
472
291
380
423
307
562	5	[2 6]
610
326
036
729
896
711
553	5	[3 5]
916
654	5	[4 6]
723
996
974
248
932
846
976
879
453	5	[3 4]
530	5	[0 3]
545	5	[4 5]
208
458	5	[4 8]
738
154	5	[1 4]
600
594	5	[4 9]
254	5	[2 4]
709
954	5	[4 9]
029
816
530	5	[0 3]
460
832
067
022
846
418
756	5	[6 7]
994
000
854	5	[4 8]
916
603
831
285	5	[2 8]
531	5	[1 3]
917
626
819
806
704
708
758	5	[7 8]
694
535	5	[3 5]
618
389
835	5	[3 8]
422
872
702
495	5	[4 9]
209
477
693
705	5	[0 7]
395	5	[3 9]
260
578	5	[7 8]
349
887
263
191
951	5	[1 9]
468
516	5	[1 6]
222
081
167
130
633
575	5	[5 7]
882
404
734
711
487
302
617
733
278
416
132
650	5	[0 6]
629
165	5	[1 6]
915	5	[1 9]
414
138
363
975	5	[7 9]
280
103
251	5	[1 2]
491
735	5	[3 7]
819
445	5	[4 4]
635	5	[3 6]
131
929
343
539	5	[3 9]
609
622
803
307
747
089
243
553	5	[3 5]
651	5	[1 6]
871
963
454	5	[4 4]
321
541	5	[1 4]
564	5	[4 6]
744
332
801
636
664
329
240
467
125	5	[1 2]
549	5	[4 9]
754	5	[4 7]
991
284
119
990
947
644
196
433
206
685	5	[6 8]
871
915	5	[1 9]
788
531	5	[1 3]
909
921
351	5	[1 3]
070
641
627
068
659	5	[6 9]
936
495	5	[4 9]
457	5	[4 7]
034
399
390
493
057	5	[0 7]
327
206
720
990
468
022
495	5	[4 9]
533	5	[3 3]
090
171
994
316
015	5	[0 1]
287
300
219
341
618
635	5	[3 6]
526	5	[2 6]
375	5	[3 7]
257	5	[2 7]
904
225	5	[2 2]
805	5	[0 8]
421
166
561	5	[1 6]
682
282
855	5	[5 8]
199
146
284
359	5	[3 9]
733
329
867
116
746
008
103
369
789
708
797
517	5	[1 7]
222
416
198
128
212
735	5	[3 7]
639
659	5	[6 9]
959	5	[9 9]
558	5	[5 8]
974
435	5	[3 4]
520	5	[0 2]
295	5	[2 9]
275	5	[2 7]
989
938
784
278
240
405	5	[0 4]
511	5	[1 1]
562	5	[2 6]
749
726
114
682
881
474
875	5	[7 8]
013
932
512	5	[1 2]
035	5	[0 3]
064
911
522	5	[2 2]
552	5	[2 5]
281
553	5	[3 5]
020
803
469
605	5	[0 6]
556	5	[5 6]
278
867
142
779
574	5	[4 7]
698
180
991
206
765	5	[6 7]
829
176
186
323
032
626
417
817
729
977
067
046
600
275	5	[2 7]
703
925	5	[2 9]
119
371
245	5	[2 4]
022
337
693
321
520	5	[0 2]
355	5	[3 5]
797
170
768
484
657	5	[6 7]
232
017
344
780
894
127
009
191
435	5	[3 4]
742
283
632
599	5	[9 9]
757	5	[7 7]
971
733
480
729
477
982
415	5	[1 4]
809
170
740
518	5	[1 8]
002
371
521	5	[1 2]
167
518	5	[1 8]
398
582	5	[2 8]
432
793
897
180
834
839
471
342
678
072
629
266
237
056	5	[0 6]
926
067
882
307
778
936
503	5	[0 3]
100
766
797
062
218
791
339
547	5	[4 7]
858	5	[8 8]
065	5	[0 6]
886
386
378
243
519	5	[1 9]
177
814
047
779
401
709
800
023
237
297
325	5	[2 3]
915	5	[1 9]
559	5	[5 9]
393
503	5	[0 3]
231
178
370
930
670
923
130
370
230
767
415	5	[1 4]
275	5	[2 7]
407
238
110
001
683
873
019
170
974
299
228
860
211
736
370
562	5	[2 6]
769
986
454	5	[4 4]
059	5	[0 9]
341
672
739
542	5	[2 4]
658	5	[6 8]
716
433
985	5	[8 9]
301
452	5	[2 4]
368
857	5	[7 8]
176
191
348
334
882
714
405	5	[0 4]
986
396
887
262
692
806
473
087
534	5	[3 4]
782
983
111
837
072
174
688
503	5	[0 3]
255	5	[2 5]
862
996
433
633
531	5	[1 3]
925	5	[2 9]
697
774
373
359	5	[3 9]
235	5	[2 3]
838
288
831
801
883
740
990
128
179
672
626
710
471
245	5	[2 4]
593	5	[3 9]
554	5	[4 5]
133
366
911
318
623
472
906
595	5	[5 9]
161
461
913
607
250	5	[0 2]
641
160
745	5	[4 7]
545	5	[4 5]
972
923
606
874
735	5	[3 7]
990
333
045	5	[0 4]
107
534	5	[3 4]
112
172
858	5	[8 8]
446
529	5	[2 9]
449
336
077
231
317
736
424
396
312
804
208
532	5	[2 3]
299
470
509	5	[0 9]
128
280
271
918
845	5	[4 8]
351	5	[1 3]
003
478
922
907
752	5	[2 7]
039
871
423
896
060
498
442
058	5	[0 8]
081
446
786
841
491
527	5	[2 7]
014
377
375	5	[3 7]
324
273
574	5	[4 7]
175	5	[1 7]
746
123
009
220
172
260
095	5	[0 9]
030
120
557	5	[5 7]
704
968
023
222
211
785	5	[7 8]
072
634
351	5	[1 3]
171
769
746
613
724
449
683
321
619
015	5	[0 1]
451	5	[1 4]
751	5	[1 7]
537	5	[3 7]
997
196
047
423
451	5	[1 4]
242
007
635	5	[3 6]
550	5	[0 5]
448
314
009
423
171
509	5	[0 9]
222
895	5	[8 9]
088
456	5	[4 6]
211
006
505	5	[0 5]
737
791
670
030
996
325	5	[2 3]
614
547	5	[4 7]
760
619
077
795	5	[7 9]
266
631
701
861
654	5	[4 6]
018
824
236
257	5	[2 7]
150	5	[0 1]
747
116
227
905	5	[0 9]
146
173
462
040
451	5	[1 4]
266
899
512	5	[1 2]
335	5	[3 3]
971
103
947
216
203
390
301
351	5	[1 3]
045	5	[0 4]
029
384
447
959	5	[9 9]
533	5	[3 3]
427
866
672
194
608
256	5	[2 6]
853	5	[3 8]
510	5	[0 1]
464
364
748
381
437
159	5	[1 9]
896
103
888
603
373
163
520	5	[0 2]
283
218
946
529	5	[2 9]
192
925	5	[2 9]
138
950	5	[0 9]
312
797
215	5	[1 2]
029
399
809
177
755	5	[5 7]
863
036
566	5	[6 6]
436
187
077
308
675	5	[6 7]
706
583	5	[3 8]
609
669
806
723
805	5	[0 8]
509	5	[0 9]
207
231
481
320
159	5	[1 9]
347
369
663
074
754	5	[4 7]
493
113
468
927
716
465	5	[4 6]
912
219
251	5	[1 2]
259	5	[2 9]
287
470
351	5	[1 3]
720
903
351	5	[1 3]
366
349
099
573	5	[3 7]
492
110
718
168
576	5	[6 7]
646
101
952	5	[2 9]
653	5	[3 6]
794
399
442
187
387
316
639
336
677
886
949
546	5	[4 6]
887
239
023
918
094
283
070
185	5	[1 8]
544	5	[4 4]
676
193
088
630
106
567	5	[6 7]
006
512	5	[1 2]
250	5	[0 2]
318
765	5	[6 7]
076
629
550	5	[0 5]
879
329
262
029
913
586	5	[6 8]
819
576	5	[6 7]
059	5	[0 9]
757	5	[7 7]
303
805	5	[0 8]
860
486
466
686
126
671
850	5	[0 8]
006
525	5	[2 5]
242
486
281
408
676
947
746
656	5	[6 6]
837
295	5	[2 9]
013
452	5	[2 4]
872
897
223
445	5	[4 4]
685	5	[6 8]
225	5	[2 2]
099
828
630
862
452	5	[2 4]
826
698
308
999
494
354	5	[3 4]
611
153	5	[1 3]
008
462
052	5	[0 2]
121
306
525	5	[2 5]
471
398
577	5	[7 7]
418
125	5	[1 2]
881
269
438
056	5	[0 6]
598	5	[8 9]
374
476
072
879
152	5	[1 2]
481
556	5	[5 6]
468
785	5	[7 8]
721
727
965	5	[6 9]
524	5	[2 4]
126
733
681
475	5	[4 7]
278
175	5	[1 7]
147
911
928
429
448
021
507	5	[0 7]
913
372
705	5	[0 7]
126
789
258	5	[2 8]
632
403
279
911
109
762
932
276
885	5	[8 8]
976
861
321
364
427
108
894
008
365	5	[3 6]
220
247
945	5	[4 9]
358	5	[3 8]
282
682
003
366
506	5	[0 6]
111
149
044
863
995	5	[9 9]
479
237
907
658	5	[6 8]
621
421
545	5	[4 5]
059	5	[0 9]
622
150	5	[0 1]
048
544	5	[4 4]
407
814
029
416
049
223
525	5	[2 5]
873
940
272
509	5	[0 9]
537	5	[3 7]
169
838
691
421
667
830
277
143
475	5	[4 7]
055	5	[0 5]
503	5	[0 3]
334
021
043
076
282
515	5	[1 5]
713
601
642
640
404
871
808
229
942
227
620
047
678
744
028
031
890
197
704
003
725	5	[2 7]
922
170
580	5	[0 8]
588	5	[8 8]
285	5	[2 8]
632
087
488
502	5	[0 2]
425	5	[2 4]
113
192
112
037
900
227
854	5	[4 8]
210
061
286
121
592	5	[2 9]
248
807
495	5	[4 9]
830
044
557	5	[5 7]
250	5	[0 2]
961
709
747
889
017
747
652	5	[2 6]
339
323
936
696
381
382
347
369
147
345	5	[3 4]
696
122
187
971
895	5	[8 9]
384
775	5	[7 7]
889
414
703
508	5	[0 8]
661
690
552	5	[2 5]
229
824
893
955	5	[5 9]
609
979
538	5	[3 8]
721
958	5	[8 9]
895	5	[8 9]
202
629
089
053	5	[0 3]
290
999
973
934
356	5	[3 6]
148
963
953	5	[3 9]
731
233
246
746
850	5	[0 8]
410
133
931
436
868
444
017
747
522	5	[2 2]
160
048
870
013
799
641
835	5	[3 8]
354	5	[3 4]
952	5	[2 9]
406
943
154	5	[1 4]
021
179
462
580	5	[0 8]
381
771
574	5	[4 7]
663
023
463
906
773
640
579	5	[7 9]
357	5	[3 7]
736
084
847
647
687
840
498
002
150	5	[0 1]
183
402
727
794
121
975	5	[7 9]
744
086
919
147
022
349
077
743
203
983
678
711
779
441
854	5	[4 8]
214
678
206
502	5	[0 2]
088
088
520	5	[0 2]
832
618
650	5	[0 6]
205	5	[0 2]
623
232
856	5	[6 8]
297
946
894
224
993
064
242
447
629
172
730
239
375	5	[3 7]
453	5	[3 4]
467
421
619
683
502	5	[0 2]
586	5	[6 8]
308
891
627
555	5	[5 5]
289
816
921
666
644
227
291
908
565	5	[5 6]
483
912
183
913
988
463
970
405	5	[0 4]
172
442
759	5	[7 9]
017
755	5	[5 7]
338
298
223
513	5	[1 3]
612
099
551	5	[1 5]
163
073
509	5	[0 9]
808
542	5	[2 4]
468
543	5	[3 4]
773
233
727
370
893
250	5	[0 2]
138
729
714
210
027
160
957	5	[7 9]
265	5	[2 6]
881
599	5	[9 9]
474
623
801
604
730
525	5	[2 5]
093
817
586	5	[6 8]
267
153	5	[1 3]
806
340
774
641
501	5	[0 1]
902
339
836
781
832
663
389
613
518	5	[1 8]
821
768
519	5	[1 9]
918
013
079
003
001
092
728
399
344
977
229
558	5	[5 8]
919
187
312
872
945	5	[4 9]
117
791
007
905	5	[0 9]
056	5	[0 6]
333
131
387
217
700
306
064
700
322
262
541	5	[1 4]
127
937
738
995	5	[9 9]
839
933
624
433
164
704
101
766
582	5	[2 8]
018
974
128
798
662
524	5	[2 4]
650	5	[0 6]
158	5	[1 8]
834
711
272
048
164
754	5	[4 7]
242
745	5	[4 7]
526	5	[2 6]
105	5	[0 1]
198
760
594	5	[4 9]
660
266
521	5	[1 2]
411
810
235	5	[2 3]
045	5	[0 4]
998
242
288
111
544	5	[4 4]
384
999
243
321
262
103
224
502	5	[0 2]
091
723
677
275	5	[2 7]
392
087
946
134
078
501	5	[0 1]
673
348
194
053	5	[0 3]
423
896
792
641
317
665	5	[6 6]
100
123
109
898
010
213
912
610
001
857	5	[7 8]
820
935	5	[3 9]
561	5	[1 6]
310
855	5	[5 8]
377
544	5	[4 4]
464
168
156	5	[1 6]
021
842
822
073
973
044
986
619
465	5	[4 6]
529	5	[2 9]
325	5	[2 3]
525	5	[2 5]
183
420
603
968
295	5	[2 9]
417
414
313
751	5	[1 7]
524	5	[2 4]
604
681
878
245	5	[2 4]
868
371
189
929
397
417
927
680
698
323
687
562	5	[2 6]
451	5	[1 4]
052	5	[0 2]
051	5	[0 1]
813
748
369
228
738
946
102
822
781
629
949
414
496
403
975	5	[7 9]
248
855	5	[5 8]
831
560	5	[0 6]
406
129
796
558	5	[5 8]
733
506	5	[0 6]
281
473
873
731
312
804
688
216
767
269
505	5	[0 5]
030
060
689
810
274
707
846
769
855	5	[5 8]
204
034
135	5	[1 3]
858	5	[8 8]
420
571	5	[1 7]
427
481
140
101
801
100
272
358	5	[3 8]
520	5	[0 2]
209
722
604
368
287
700
022
274
574	5	[4 7]
639
755	5	[5 7]
034
123
738
588	5	[8 8]
712
687
420
012
411
424
787
090
621
540	5	[0 4]
762
238
563	5	[3 6]
772
680
061
667
253	5	[2 3]
838
791
691
237
070
730
997
885	5	[8 8]
316
124
907
864
414
307
131
057	5	[0 7]
855	5	[5 8]
298
214
594	5	[4 9]
515	5	[1 5]
788
317
072
856	5	[6 8]
568	5	[6 8]
411
073
497
724
953	5	[3 9]
945	5	[4 9]
465	5	[4 6]
047
202
858	5	[8 8]
150	5	[0 1]
576	5	[6 7]
916
606
955	5	[5 9]
219
732
972
142
839
499
060
892
845	5	[4 8]
720
891
956	5	[6 9]
722
759	5	[7 9]
778
992
734
301
636
965	5	[6 9]
608
242
643
408
083
037
343
822
770
391
398
811
817
110
168
126
034
275	5	[2 7]
763
863
660
185	5	[1 8]
774
306
525	5	[2 5]
618
495	5	[4 9]
361
577	5	[7 7]
564	5	[4 6]
621
059	5	[0 9]
202
373
367
084
143
545	5	[4 5]
842
270
741
412
744
455	5	[4 5]
455	5	[4 5]
974
919
300
327
919
056	5	[0 6]
131
193
935	5	[3 9]
874
591	5	[1 9]
668
907
699
042
798
017
585	5	[5 8]
847
458	5	[4 8]
551	5	[1 5]
593	5	[3 9]
283
416
218
140
829
544	5	[4 4]
870
911
376
081
593	5	[3 9]
788
348
827
293
573	5	[3 7]
882
275	5	[2 7]
863
814
865	5	[6 8]
455	5	[4 5]
555	5	[5 5]
201
822
646
779
593	5	[3 9]
818
546	5	[4 6]
803
437
064
962
038
656	5	[6 6]
885	5	[8 8]
161
666
402
266
200
562	5	[2 6]
595	5	[5 9]
328
146
822
036
363
020
599	5	[9 9]
620
288
154	5	[1 4]
926
996
058	5	[0 8]
753	5	[3 7]
753	5	[3 7]
144
540	5	[0 4]
824
860
284
256	5	[2 6]
436
181
226
675	5	[6 7]
507	5	[0 7]
186
122
876
651	5	[1 6]
531	5	[1 3]
095	5	[0 9]
103
593	5	[3 9]
449
750	5	[0 7]
324
268
933
719
519	5	[1 9]
250	5	[0 2]
932
213
213
556	5	[5 6]
723
831
201
461
999
327
200
725	5	[2 7]
733
655	5	[5 6]
292
192
280
970
461
783
003
411
306
994
628
424
836
042
118
982
974
479
380
994
887
335	5	[3 3]
488
521	5	[1 2]
760
686
805	5	[0 8]
531	5	[1 3]
418
047
378
424
475	5	[4 7]
166
510	5	[0 1]
288
907
335	5	[3 3]
530	5	[0 3]
801
434
658	5	[6 8]
361
343
267
386
757	5	[7 7]
214
078
221
001
934
517	5	[1 7]
384
984
200
164
998
806
312
960
052	5	[0 2]
085	5	[0 8]
265	5	[2 6]
986
001
380
065	5	[0 6]
880
578	5	[7 8]
520	5	[0 2]
855	5	[5 8]
469
925	5	[2 9]
146
313
915	5	[1 9]
967
890
925	5	[2 9]
751	5	[1 7]
181
460
482
336
037
216
138
631
856	5	[6 8]
353	5	[3 3]
202
751	5	[1 7]
197
937
974
782
617
516	5	[1 6]
778
323
919
719
569	5	[6 9]
988
615	5	[1 6]
231
941
820
020
438
209
120
008
722
135	5	[1 3]
991
506	5	[0 6]
209
876
323
828
269
606
328
377
844
111
319
880
453	5	[3 4]
387
457	5	[4 7]
166
671
852	5	[2 8]
404
842
232
564	5	[4 6]
164
035	5	[0 3]
242
096
972
330
593	5	[3 9]
163
405	5	[0 4]
011
824
451	5	[1 4]
353	5	[3 3]
207
053	5	[0 3]
236
971
410
303
523	5	[2 3]
577	5	[7 7]
318
244
549	5	[4 9]
382
105	5	[0 1]
120
515	5	[1 5]
053	5	[0 3]
990
298
105	5	[0 1]
507	5	[0 7]
808
962
965	5	[6 9]
665	5	[6 6]
700
431
806
155	5	[1 5]
851	5	[1 8]
770
563	5	[3 6]
377
339
379
969
547	5	[4 7]
458	5	[4 8]
888
345	5	[3 4]
768
166
197
683
067
057	5	[0 7]
332
290
520	5	[0 2]
225	5	[2 2]
279
874
118
897
727
169
431
098
162
007
369
145	5	[1 4]
604
604
663
379
948
561	5	[1 6]
178
394
160
252	5	[2 2]
946
190
754	5	[4 7]
647
216
561	5	[1 6]
416
339
148
313
232
017
810
325	5	[2 3]
489
380
006
347
364
307
119
992
197
542	5	[2 4]
257	5	[2 7]
674
116
964
571	5	[1 7]
100
595	5	[5 9]
886
409
921
884
056	5	[0 6]
994
850	5	[0 8]
936
981
299
607
753	5	[3 7]
630
624
443
116
221
614
301
625	5	[2 6]
879
836
559	5	[5 9]
002
320
917
709
748
727
555	5	[5 5]
879
606
131
400
695	5	[6 9]
176
867
469
414
465	5	[4 6]
245	5	[2 4]
385	5	[3 8]
024
527	5	[2 7]
210
892
962
400
123
371
894
981
051	5	[0 1]
318
940
743
994
233
818
492
357	5	[3 7]
837
662
638
362
995	5	[9 9]
509	5	[0 9]
694
657	5	[6 7]
540	5	[0 4]
810
935	5	[3 9]
398
874
813
985	5	[8 9]
714
986
091
825	5	[2 8]
693
026
289
983
753	5	[3 7]
217
133
725	5	[2 7]
605	5	[0 6]
576	5	[6 7]
004
079
140
588	5	[8 8]
814
143
953	5	[3 9]
561	5	[1 6]
262
025	5	[0 2]
682
197
046
279
767
133
818
710
519	5	[1 9]
945	5	[4 9]
475	5	[4 7]
546	5	[4 6]
830
378
846
422
052	5	[0 2]
585	5	[5 8]
321
716
589	5	[8 9]
894
888
929
266
093
426
287
239
591	5	[1 9]
961
642
984
803
981
935	5	[3 9]
586	5	[6 8]
633
543	5	[3 4]
417
805	5	[0 8]
668
007
112
385	5	[3 8]
178
411
724
794
775	5	[7 7]
890
086
297
676
573	5	[3 7]
020
884
308
388
682
347
126
086
343
009
218
723
228
083
631
464
803
872
073
701
951	5	[1 9]
130
925	5	[2 9]
569	5	[6 9]
250	5	[0 2]
048
552	5	[2 5]
513	5	[1 3]
724
066
155	5	[1 5]
918
488
475	5	[4 7]
998
007
817
844
551	5	[1 5]
049
894
014
071
926
559	5	[5 9]
380
151	5	[1 1]
702
212
545	5	[4 5]
755	5	[5 7]
769
798
224
476
852	5	[2 8]
322
704
508	5	[0 8]
010
075	5	[0 7]
352	5	[2 3]
589	5	[8 9]
643
877
186
034
977
343
320
553	5	[3 5]
270
975	5	[7 9]
288
505	5	[0 5]
125	5	[1 2]
849
833
882
739
101
772
451	5	[1 4]
682
076
495	5	[4 9]
837
534	5	[3 4]
311
714
613
935	5	[3 9]
524	5	[2 4]
524	5	[2 4]
011
421
081
971
565	5	[5 6]
786
789
307
429
739
085	5	[0 8]
077
275	5	[2 7]
780
163
930
444
231
253	5	[2 3]
936
841
442
123
713
369
848
749
711
286
233
507	5	[0 7]
510	5	[0 1]
809
258	5	[2 8]
415	5	[1 4]
255	5	[2 5]
194
705	5	[0 7]
886
804
033
434
756	5	[6 7]
385	5	[3 8]
051	5	[0 1]
726
999
569	5	[6 9]
103
007
045	5	[0 4]
540	5	[0 4]
685	5	[6 8]
207
278
528	5	[2 8]
801
831
998
506	5	[0 6]
502	5	[0 2]
778
553	5	[3 5]
453	5	[3 4]
102
017
544	5	[4 4]
173
372
636
110
944
487
679
960
545	5	[4 5]
769
441
384
181
193
738
609
529	5	[2 9]
130
753	5	[3 7]
932
222
236
712
677
243
152	5	[1 2]
345	5	[3 4]
801
386
845	5	[4 8]
435	5	[3 4]
711
578	5	[7 8]
936
837
834
248
396
398
018
047
586	5	[6 8]
702
395	5	[3 9]
094
509	5	[0 9]
989
502	5	[0 2]
974
639
957	5	[7 9]
882
132
835	5	[3 8]
209
209
757	5	[7 7]
154	5	[1 4]
873
701
228
774
283
682
915	5	[1 9]
705	5	[0 7]
572	5	[2 7]
715	5	[1 7]
169
133
023
378
038
804
794
077
644
302
813
476
791
646
960
460
674
492
886
222
801
098
219
120
503	5	[0 3]
855	5	[5 8]
541	5	[1 4]
459	5	[4 9]
123
945	5	[4 9]
299
276
905	5	[0 9]
524	5	[2 4]
183
264
464
114
457	5	[4 7]
494
000
190
506	5	[0 6]
122
265	5	[2 6]
761
839
913
385	5	[3 8]
382
592	5	[2 9]
280
830
656	5	[6 6]
579	5	[7 9]
396
154	5	[1 4]
286
576	5	[6 7]
906
120
356	5	[3 6]
419
360
607
821
090
820
561	5	[1 6]
283
961
102
782
219
135	5	[1 3]
772
152	5	[1 2]
532	5	[2 3]
570	5	[0 7]
335	5	[3 3]
540	5	[0 4]
812
404
254	5	[2 4]
513	5	[1 3]
471
229
994
807
684
019
421
801
116
470
273
382
955	5	[5 9]
997
622
236
539	5	[3 9]
526	5	[2 6]
395	5	[3 9]
903
773
711
260
747
502	5	[0 2]
228
138
056	5	[0 6]
043
705	5	[0 7]
667
009
991
258	5	[2 8]
027
145	5	[1 4]
523	5	[2 3]
095	5	[0 9]
656	5	[6 6]
731
571	5	[1 7]
899
518	5	[1 8]
463
520	5	[0 2]
874
252	5	[2 2]
038
174
019
553	5	[3 5]
844
192
900
999
890
351	5	[1 3]
968
056	5	[0 6]
221
858	5	[8 8]
295	5	[2 9]
302
930
960
081
729
543	5	[3 4]
920
621
656	5	[6 6]
467
365	5	[3 6]
564	5	[4 6]
679
088
068
077
569	5	[6 9]
603
644
357	5	[3 7]
220
652	5	[2 6]
818
291
561	5	[1 6]
494
979
094
240
486
044
491
161
844
936
601
282
751	5	[1 7]
769
028
524	5	[2 4]
772
102
487
338
932
211
795	5	[7 9]
883
441
457	5	[4 7]
975	5	[7 9]
250	5	[0 2]
316
226
656	5	[6 6]
264
001
009
153	5	[1 3]
364
466
664
969
325	5	[2 3]
080
528	5	[2 8]
087
563	5	[3 6]
706
240
889
749
758	5	[7 8]
487
453	5	[3 4]
942
150	5	[0 1]
695	5	[6 9]
262
695	5	[6 9]
569	5	[6 9]
774
127
678
547	5	[4 7]
592	5	[2 9]
544	5	[4 4]
992
335	5	[3 3]
501	5	[0 1]
455	5	[4 5]
050	5	[0 0]
817
410
953	5	[3 9]
310
063
613
079
156	5	[1 6]
725	5	[2 7]
371
859	5	[8 9]
261
850	5	[0 8]
921
423
765	5	[6 7]
826
063
558	5	[5 8]
610
967
005	5	[0 0]
303
146
814
272
458	5	[4 8]
933
049
259	5	[2 9]
034
774
242
761
280
926
546	5	[4 6]
493
418
888
730
389
965	5	[6 9]
484
371
322
187
248
605	5	[0 6]
249
536	5	[3 6]
813
372
288
299
112
327
839
495	5	[4 9]
364
211
015	5	[0 1]
494
416
884
327
853	5	[3 8]
286
974
491
513	5	[1 3]
325	5	[2 3]
985	5	[8 9]
737
757	5	[7 7]
742
464
659	5	[6 9]
016
258	5	[2 8]
631
484
731
682
490
742
083
502	5	[0 2]
712
516	5	[1 6]
136
400
955	5	[5 9]
039
827
520	5	[0 2]
054	5	[0 4]
501	5	[0 1]
020
949
152	5	[1 2]
468
184
949
063
616
680
763
723
167
763
400
130
254	5	[2 4]
764
563	5	[3 6]
286
321
917
733
318
384
432
333
541	5	[1 4]
140
972
468
117
486
300
613
546	5	[4 6]
875	5	[7 8]
171
897
304
844
098
691
543	5	[3 4]
113
001
750	5	[0 7]
609
672
506	5	[0 6]
489
202
640
264
159	5	[1 9]
704
026
801
428
230
981
912
621
358	5	[3 8]
035	5	[0 3]
591	5	[1 9]
433
653	5	[3 6]
157	5	[1 7]
303
626
868
703
733
517	5	[1 7]
976
928
382
245	5	[2 4]
220
398
249
969
952	5	[2 9]
371
019
648
575	5	[5 7]
554	5	[4 5]
952	5	[2 9]
706
004
871
450	5	[0 4]
405	5	[0 4]
874
139
167
882
544	5	[4 4]
419
898
294
650	5	[0 6]
393
674
703
762
943
020
923
682
385	5	[3 8]
864
518	5	[1 8]
287
188
667
960
329
967
715	5	[1 7]
377
835	5	[3 8]
480
768
804
507	5	[0 7]
375	5	[3 7]
874
144
717
804
856	5	[6 8]
057	5	[0 7]
288
803
924
820
614
552	5	[2 5]
355	5	[3 5]
150	5	[0 1]
305	5	[0 3]
687
173
888
953	5	[3 9]
902
069
673
225	5	[2 2]
882
451	5	[1 4]
287
156	5	[1 6]
424
000
798
954	5	[4 9]
587	5	[7 8]
518	5	[1 8]
376
522	5	[2 2]
186
253	5	[2 3]
480
922
642
456	5	[4 6]
576	5	[6 7]
698
037
079
390
772
399
049
302
649
196
738
578	5	[7 8]
808
695	5	[6 9]
369
280
096
666
555	5	[5 5]
121
163
341
405	5	[0 4]
417
229
770
616
995	5	[9 9]
405	5	[0 4]
328
041
480
683
076
145	5	[1 4]
971
444
443
510	5	[0 1]
535	5	[3 5]
897
299
971
751	5	[1 7]
444
934
555	5	[5 5]
311
468
568	5	[6 8]
157	5	[1 7]
831
327
806
332
685	5	[6 8]
203
083
795	5	[7 9]
528	5	[2 8]
057	5	[0 7]
705	5	[0 7]
830
121
551	5	[1 5]
697
112
186
538	5	[3 8]
753	5	[3 7]
181
152	5	[1 2]
956	5	[6 9]
087
765	5	[6 7]
408
895	5	[8 9]
884
788
677
750	5	[0 7]
102
670
911
368
369
735	5	[3 7]
401
941
861
546	5	[4 6]
529	5	[2 9]
140
332
569	5	[6 9]
163
154	5	[1 4]
005	5	[0 0]
087
008
507	5	[0 7]
384
726
780
628
192
057	5	[0 7]
724
421
562	5	[2 6]
624
638
270
657	5	[6 7]
918
926
683
554	5	[4 5]
928
671
276
961
041
557	5	[5 7]
389
259	5	[2 9]
556	5	[5 6]
600
921
528	5	[2 8]
215	5	[1 2]
379
710
425	5	[2 4]
742
479
583	5	[3 8]
257	5	[2 7]
481
538	5	[3 8]
227
876
960
581	5	[1 8]
154	5	[1 4]
764
234
106
733
702
905	5	[0 9]
236
968
927
617
357	5	[3 7]
393
629
627
263
891
606
181
315	5	[1 3]
768
121
846
159	5	[1 9]
299
436
487
955	5	[5 9]
071
886
833
663
107
507	5	[0 7]
744
015	5	[0 1]
054	5	[0 4]
801
104
189
560	5	[0 6]
138
100
702
997
854	5	[4 8]
424
623
338
656	5	[6 6]
627
013
020
837
173
943
524	5	[2 4]
087
019
890
046
704
741
310
847
907
826
585	5	[5 8]
515	5	[1 5]
335	5	[3 3]
448
272
570	5	[0 7]
240
064
214
739
863
540	5	[0 4]
571	5	[1 7]
179
897
487
006
363
962
393
087
383
176
613
890
162
356	5	[3 6]
959	5	[9 9]
495	5	[4 9]
288
580	5	[0 8]
690
462
406
261
036
083
243
294
597	5	[7 9]
853	5	[3 8]
110
065	5	[0 6]
967
604
657	5	[6 7]
878
716
214
725	5	[2 7]
490
574	5	[4 7]
251	5	[1 2]
190
184
307
975	5	[7 9]
796
526	5	[2 6]
391
705	5	[0 7]
574	5	[4 7]
407
428
469
932
885	5	[8 8]
185	5	[1 8]
916
335	5	[3 3]
062
446
493
223
491
319
247
523	5	[2 3]
774
427
377
553	5	[3 5]
103
561	5	[1 6]
837
607
524	5	[2 4]
483
764
914
661
004
584	5	[4 8]
918
130
913
288
389
675	5	[6 7]
115	5	[1 1]
540	5	[0 4]
548	5	[4 8]
017
843
775	5	[7 7]
184
485	5	[4 8]
718
545	5	[4 5]
877
267
233
734
025	5	[0 2]
935	5	[3 9]
030
721
913
514	5	[1 4]
350	5	[0 3]
557	5	[5 7]
469
139
067
369
702
887
471
922
155	5	[1 5]
552	5	[2 5]
986
426
152	5	[1 2]
598	5	[8 9]
639
378
724
197
076
731
886
886
856	5	[6 8]
155	5	[1 5]
255	5	[2 5]
446
262
726
724
160
292
084
980
178
162
055	5	[0 5]
070
359	5	[3 9]
634
574	5	[4 7]
661
028
049
048
054	5	[0 4]
349
927
061
134
491
051	5	[0 1]
615	5	[1 6]
512	5	[1 2]
482
754	5	[4 7]
502	5	[0 2]
071
849
303
542	5	[2 4]
664
201
338
792
694
875	5	[7 8]
381
826
911
188
489
104
305	5	[0 3]
114
691
861
116
241
364
518	5	[1 8]
734
199
707
720
966
653	5	[3 6]
695	5	[6 9]
807
670
170
520	5	[0 2]
467
755	5	[5 7]
893
691
518	5	[1 8]
194
472
482
756	5	[6 7]
854	5	[4 8]
835	5	[3 8]
189
303
310
158	5	[1 8]
996
563	5	[3 6]
349
352	5	[2 3]
174
424
781
931
501	5	[0 1]
121
678
780
422
217
428
044
007
259	5	[2 9]
845	5	[4 8]
109
131
079
660
179
223
951	5	[1 9]
254	5	[2 4]
515	5	[1 5]
005	5	[0 0]
875	5	[7 8]
818
716
804
282
165	5	[1 6]
157	5	[1 7]
064
390
438
393
820
097
001
607
564	5	[4 6]
644
625	5	[2 6]
118
507	5	[0 7]
691
427
641
279
760
075	5	[0 7]
646
844
073
575	5	[5 7]
241
759	5	[7 9]
148
304
582	5	[2 8]
534	5	[3 4]
217
178
089
248
184
864
156	5	[1 6]
929
935	5	[3 9]
444
082
907
748
993
783
623
705	5	[0 7]
949
219
475	5	[4 7]
718
938
626
031
234
640
170
841
787
261
682
720
175	5	[1 7]
827
531	5	[1 3]
636
563	5	[3 6]
194
249
487
536	5	[3 6]
865	5	[6 8]
711
958	5	[8 9]
876
814
174
502	5	[0 2]
232
769
468
701
982
554	5	[4 5]
150	5	[0 1]
401
840
880
780
222
970
523	5	[2 3]
735	5	[3 7]
504	5	[0 4]
881
550	5	[0 5]
280
371
047
022
905	5	[0 9]
415	5	[1 4]
301
958	5	[8 9]
323
273
726
466
321
188
216
475	5	[4 7]
423
370
807
369
164
465	5	[4 6]
566	5	[6 6]
786
795	5	[7 9]
241
883
221
081
710
082
086
952	5	[2 9]
751	5	[1 7]
132
110
441
396
645	5	[4 6]
014
160
292
134
834
846
643
254	5	[2 4]
297
403
296
522	5	[2 2]
559	5	[5 9]
949
636
650	5	[0 6]
261
591	5	[1 9]
285	5	[2 8]
915	5	[1 9]
984
436
883
512	5	[1 2]
824
292
878
401
426
411
428
329
739
705	5	[0 7]
794
181
002
586	5	[6 8]
578	5	[7 8]
221
545	5	[4 5]
835	5	[3 8]
905	5	[0 9]
764
437
811
119
607
758	5	[7 8]
930
797
587	5	[7 8]
894
531	5	[1 3]
376
369
479
139
821
486
180
592	5	[2 9]
175	5	[1 7]
159	5	[1 9]
548	5	[4 8]
338
305	5	[0 3]
705	5	[0 7]
420
387
717
840
376
685	5	[6 8]
066
479
720
216
034
537	5	[3 7]
733
091
321
729
478
547	5	[4 7]
412
103
333
681
857	5	[7 8]
475	5	[4 7]
146
951	5	[1 9]
671
232
119
377
773
526	5	[2 6]
931
904
467
103
732
539	5	[3 9]
545	5	[4 5]
024
548	5	[4 8]
484
664
624
642
144
214
483
599	5	[9 9]
931
388
562	5	[2 6]
588	5	[8 8]
483
225	5	[2 2]
475	5	[4 7]
344
559	5	[5 9]
346
923
392
386
041
917
154	5	[1 4]
799
586	5	[6 8]
346
386
327
431
184
275	5	[2 7]
476
135	5	[1 3]
111
613
612
595	5	[5 9]
531	5	[1 3]
332
756	5	[6 7]
399
375	5	[3 7]
681
268
678
662
247
721
667
564	5	[4 6]
144
254	5	[2 4]
941
741
027
921
585	5	[5 8]
208
037
160
396
932
226
182
013
490
843
255	5	[2 5]
219
942
906
229
011
299
879
754	5	[4 7]
259	5	[2 9]
059	5	[0 9]
114
471
964
464
704
465	5	[4 6]
440
244
485	5	[4 8]
374
532	5	[2 3]
277
576	5	[6 7]
504	5	[0 4]
821
337
219
704
317
439
767
211
167
167
999
578	5	[7 8]
358	5	[3 8]
141
513	5	[1 3]
689
991
017
944
660
788
696
248
967
383
044
797
124
931
946
557	5	[5 7]
973
726
046
977
892
484
434
310
456	5	[4 6]
244
846
773
777
963
785	5	[7 8]
608
452	5	[2 4]
762
879
146
510	5	[0 1]
438
906
364
211
159	5	[1 9]
881
337
152	5	[1 2]
191
247
180
796
232
612
142
452	5	[2 4]
642
121
984
541	5	[1 4]
818
182
743
527	5	[2 7]
769
736
294
100
969
094
261
749
165	5	[1 6]
031
532	5	[2 3]
590	5	[0 9]
340
218
976
420
984
161
105	5	[0 1]
406
542	5	[2 4]
243
178
241
365	5	[3 6]
183
323
040
610
510	5	[0 1]
350	5	[0 3]
539	5	[3 9]
073
636
243
464
430
042
068
891
561	5	[1 6]
868
449
360
750	5	[0 7]
860
807
233
192
989
446
808
071
649
411
617
859	5	[8 9]
303
079
153	5	[1 3]
314
671
961
205	5	[0 2]
162
830
920
766
480
271
127
171
598	5	[8 9]
103
033
204
083
222
167
257	5	[2 7]
092
818
094
476
492
390
757	5	[7 7]
831
992
218
292
730
718
182
484
745	5	[4 7]
963
908
052	5	[0 2]
062
932
583	5	[3 8]
744
028
146
749
598	5	[8 9]
973
706
965	5	[6 9]
346
577	5	[7 7]
531	5	[1 3]
094
967
311
383
763
523	5	[2 3]
520	5	[0 2]
869
302
220
469
991
566	5	[6 6]
418
945	5	[4 9]
642
831
869
811
592	5	[2 9]
717
809
891
773
192
574	5	[4 7]
696
856	5	[6 8]
347
119
465	5	[4 6]
465	5	[4 6]
983
672
140
533	5	[3 3]
863
404
141
327
743
675	5	[6 7]
896
757	5	[7 7]
075	5	[0 7]
578	5	[7 8]
110
488
448
533	5	[3 3]
958	5	[8 9]
876
825	5	[2 8]
336
565	5	[5 6]
812
331
043
605	5	[0 6]
324
720
406
272
965	5	[6 9]
933
017
277
639
199
056	5	[0 6]
562	5	[2 6]
094
377
071
063
596	5	[6 9]
034
297
797
605	5	[0 6]
590	5	[0 9]
345	5	[3 4]
130
795	5	[7 9]
824
242
138
528	5	[2 8]
580	5	[0 8]
410
506	5	[0 6]
368
394
627
965	5	[6 9]
876
856	5	[6 8]
015	5	[0 1]
770
338
028
459	5	[4 9]
261
162
897
764
212
229
486
211
037
027
373
731
704
952	5	[2 9]
080
998
206
167
827
058	5	[0 8]
725	5	[2 7]
419
840
292
407
227
904
827
886
602
439
741
864
175	5	[1 7]
002
906
957	5	[7 9]
308
422
937
177
665	5	[6 6]
128
310
717
157	5	[1 7]
854	5	[4 8]
163
701
230
525	5	[2 5]
640
484
628
581	5	[1 8]
426
489
134
824
565	5	[5 6]
151	5	[1 1]
708
059	5	[0 9]
208
310
440
109
795	5	[7 9]
464
197
886
513	5	[1 3]
274
221
215	5	[1 2]
427
966
992
733
800
503	5	[0 3]
990
105	5	[0 1]
731
508	5	[0 8]
999
542	5	[2 4]
917
171
565	5	[5 6]
896
764
178
806
439
797
144
759	5	[7 9]
527	5	[2 7]
066
004
725	5	[2 7]
961
358	5	[3 8]
687
631
581	5	[1 8]
670
946
403
406
266
148
404
206
690
974
900
076
348
353	5	[3 3]
009
304
682
644
754	5	[4 7]
236
010
776
162
363
683
118
116
880
099
457	5	[4 7]
389
311
825	5	[2 8]
955	5	[5 9]
937
843
601
354	5	[3 4]
527	5	[2 7]
525	5	[2 5]
359	5	[3 9]
870
051	5	[0 1]
017
717
694
306
839
784
492
725	5	[2 7]
902
515	5	[1 5]
387
173
102
010
563	5	[3 6]
522	5	[2 2]
440
184
421
053	5	[0 3]
992
814
691
285	5	[2 8]
101
282
331
346
241
638
749
363
522	5	[2 2]
039
891
151	5	[1 1]
579	5	[7 9]
017
558	5	[5 8]
666
636
504	5	[0 4]
737
742
176
093
411
171
273
526	5	[2 6]
562	5	[2 6]
096
300
218
295	5	[2 9]
831
031
984
537	5	[3 7]
634
649
997
245	5	[2 4]
478
129
901
448
423
732
988
417
290
114
690
279
475	5	[4 7]
401
029
355	5	[3 5]
362
559	5	[5 9]
200
278
081
764
038
349
000
853	5	[3 8]
397
212
707
971
800
355	5	[3 5]
962
599	5	[9 9]
038
535	5	[3 5]
239
964
650	5	[0 6]
590	5	[0 9]
464
531	5	[1 3]
865	5	[6 8]
697
961
864
731
851	5	[1 8]
590	5	[0 9]
793
128
918
517	5	[1 7]
726
800
480
722
249
399
863
918
485	5	[4 8]
326
982
682
437
057	5	[0 7]
527	5	[2 7]
625	5	[2 6]
709
615	5	[1 6]
599	5	[9 9]
939
152	5	[1 2]
923
868
039
204
818
829
445	5	[4 4]
516	5	[1 6]
939
270
023
970
343
596	5	[6 9]
228
833
896
559	5	[5 9]
305	5	[0 3]
357	5	[3 7]
299
590	5	[0 9]
527	5	[2 7]
002
592	5	[2 9]
664
163
835	5	[3 8]
587	5	[7 8]
335	5	[3 3]
362
708
534	5	[3 4]
659	5	[6 9]
901
113
712
083
151	5	[1 1]
298
048
719
697
671
350	5	[0 3]
679
155	5	[1 5]
749
803
982
981
895	5	[8 9]
490
163
911
829
663
545	5	[4 5]
385	5	[3 8]
901
810
191
448
191
179
666
220
385	5	[3 8]
911
276
162
812
398
468
486
527	5	[2 7]
942
583	5	[3 8]
027
176
559	5	[5 9]
129
844
726
451	5	[1 4]
248
168
354	5	[3 4]
558	5	[5 8]
056	5	[0 6]
474
701
309
814
114
367
427
024
453	5	[3 4]
817
477
927
990
877
439
771
039
748
852	5	[2 8]
263
205	5	[0 2]
943
242
376
877
118
801
791
369
221
395	5	[3 9]
107
731
316
991
648
729
733
471
132
019
215	5	[1 2]
620
265	5	[2 6]
183
793
905	5	[0 9]
311
365	5	[3 6]
389
685	5	[6 8]
576	5	[6 7]
991
355	5	[3 5]
919
540	5	[0 4]
695	5	[6 9]
003
665	5	[6 6]
241
680
324
066
189
339
476
903
279
949
057	5	[0 7]
226
826
211
951	5	[1 9]
102
391
137
017
655	5	[5 6]
511	5	[1 1]
358	5	[3 8]
468
049
069
494
745	5	[4 7]
751	5	[1 7]
854	5	[4 8]
636
651	5	[1 6]
348
146
259	5	[2 9]
360
853	5	[3 8]
743
236
673
901
159	5	[1 9]
418
443
003
511	5	[1 1]
387
808
283
258	5	[2 8]
086
915	5	[1 9]
750	5	[0 7]
761
639
247
792
328
493
131
332
218
700
036
438
463
103
313
013
744
060
909
301
146
589	5	[8 9]
011
012
852	5	[2 8]
050	5	[0 0]
783
941
294
114
020
930
925	5	[2 9]
113
039
904
733
157	5	[1 7]
267
824
309
152	5	[1 2]
668
750	5	[0 7]
445	5	[4 4]
101
806
275	5	[2 7]
508	5	[0 8]
255	5	[2 5]
986
932
156	5	[1 6]
366
498
730
739
563	5	[3 6]
622
027
226
219
511	5	[1 1]
767
208
045	5	[0 4]
913
680
012
956	5	[6 9]
393
940
109
644
854	5	[4 8]
810
598	5	[8 9]
143
513	5	[1 3]
394
556	5	[5 6]
719
757	5	[7 7]
517	5	[1 7]
093
457	5	[4 7]
087
266
469
679
180
005	5	[0 0]
957	5	[7 9]
093
882
452	5	[2 4]
092
066
401
063
730
135	5	[1 3]
971
446
142
540	5	[0 4]
363
491
780
674
867
048
390
096
295	5	[2 9]
778
397
977
975	5	[7 9]
027
854	5	[4 8]
744
633
599	5	[9 9]
454	5	[4 4]
088
601
907
189
772
201
740
109
120
198
605	5	[0 6]
486
756	5	[6 7]
887
816
253	5	[2 3]
933
842
773
597	5	[7 9]
241
166
324
820
588	5	[8 8]
107
885	5	[8 8]
588	5	[8 8]
800
049
685	5	[6 8]
251	5	[1 2]
563	5	[3 6]
308
446
246
928
937
323
660
532	5	[2 3]
360
648
842
414
863
706
117
834
373
494
144
644
904
918
322
977
047
807
679
828
780
293
360
107
253	5	[2 3]
995	5	[9 9]
113
850	5	[0 8]
695	5	[6 9]
310
367
621
813
235	5	[2 3]
457	5	[4 7]
089
807
259	5	[2 9]
079
008
045	5	[0 4]
197
342
251	5	[1 2]
681
124
918
363
854	5	[4 8]
930
607
920
962
811
085	5	[0 8]
659	5	[6 9]
996
676
496
442
487
095	5	[0 9]
126
356	5	[3 6]
462
950	5	[0 9]
261
196
274
339
693
584	5	[4 8]
657	5	[6 7]
336
952	5	[2 9]
683
606
530	5	[0 3]
044
377
631
438
782
790
689
561	5	[1 6]
134
340
404
560	5	[0 6]
438
453	5	[3 4]
370
968
406
461
245	5	[2 4]
200
913
321
463
788
338
727
094
915	5	[1 9]
934
994
797
412
939
998
231
886
