904
117
587
108
484
173	3	[1 7]
033	3	[0 3]
632	3	[2 6]
793	3	[7 9]
606
982
348	3	[4 8]
018
211
549
559
177
495
648
521
502
182
762
415
728
617
152
600
734	3	[4 7]
245
514
597
576
217
700
981
097
560
089
307	3	[0 7]
138	3	[1 8]
006
841
113	3	[1 1]
337	3	[3 7]
592
309	3	[0 9]
436	3	[4 6]
289
851
121
184
538	3	[5 8]
170
514
348	3	[4 8]
443	3	[4 4]
129
459
321	3	[1 2]
818
957
788
481
012
433	3	[3 4]
879
626
677
069
004
949
490
378	3	[7 8]
712
495
424
464
373	3	[3 7]
988
119
776
359	3	[5 9]
037	3	[0 7]
584
300	3	[0 0]
337	3	[3 7]
140
565
453	3	[4 5]
671
910
820
834	3	[4 8]
152
600
199
592
185
120
745
464
601
349	3	[4 9]
784
921
827
042
072
453	3	[4 5]
602
694
517
797
698
405
221
194
283	3	[2 8]
877
263	3	[2 6]
139	3	[1 9]
486
076
354	3	[4 5]
234	3	[2 4]
835	3	[5 8]
383	3	[3 8]
984
450
361	3	[1 6]
231	3	[1 2]
815
653	3	[5 6]
032	3	[0 2]
228
973	3	[7 9]
417
298
456
130	3	[0 1]
597
537	3	[5 7]
407
824
520
850
956
470
927
359	3	[5 9]
693	3	[6 9]
797
532	3	[2 5]
177
353	3	[3 5]
588
209
868
854
568
567
597
101
858
003	3	[0 0]
381	3	[1 8]
377	3	[7 7]
051
866
726
096
238	3	[2 8]
728
619
381	3	[1 8]
597
150
059
979
507
337	3	[3 7]
959
554
039	3	[0 9]
403	3	[0 4]
745
097
881
786
351	3	[1 5]
841
771
168
592
604
838	3	[8 8]
888
344	3	[4 4]
749
501
884
315	3	[1 5]
265
882
266
522
105
894
627
255
275
323	3	[2 3]
569
306	3	[0 6]
870
458
042
953	3	[5 9]
212
265
898
770
681
260
441
589
602
249
353	3	[3 5]
288
580
578
640
762
936	3	[6 9]
580
502
350	3	[0 5]
988
108
392	3	[2 9]
743	3	[4 7]
438	3	[4 8]
487
321	3	[1 2]
106
358	3	[5 8]
380	3	[0 8]
514
932	3	[2 9]
181
933	3	[3 9]
574
245
403	3	[0 4]
053	3	[0 5]
649
450
606
455
677
005
445
117
229
500
235	3	[2 5]
096
291
618
808
851
057
225
804
947
861
977
535	3	[5 5]
589
506
580
848
415
647
287
246
994
648
981
375	3	[5 7]
181
777
875
862
022
358	3	[5 8]
832	3	[2 8]
771
836	3	[6 8]
703	3	[0 7]
778
049
122
535	3	[5 5]
329	3	[2 9]
625
547
653	3	[5 6]
343	3	[3 4]
059
327	3	[2 7]
817
786
205
378	3	[7 8]
143	3	[1 4]
702
909
167
158
696
553	3	[5 5]
342	3	[2 4]
921
867
990
131	3	[1 1]
981
622
654
736	3	[6 7]
849
392	3	[2 9]
191
408
401
616
628
611
362	3	[2 6]
452
634	3	[4 6]
248
651
574
996
949
956
940
220
753	3	[5 7]
989
900
987
617
794
079
448
696
479
726
845
101
521
940
263	3	[2 6]
411
464
190
826
598
018
010
416
075
341	3	[1 4]
790
308	3	[0 8]
489
909
607
418
576
271
235	3	[2 5]
499
621
588
228
418
945
152
216
163	3	[1 6]
695
202
407
798
613	3	[1 6]
325	3	[2 5]
962
617
510
197
505
587
367	3	[6 7]
269
315	3	[1 5]
924
121
241
226
506
628
350	3	[0 5]
159
812
926
937	3	[7 9]
550
210
168
613	3	[1 6]
430	3	[0 4]
945
219
522
877
637	3	[6 7]
545
086
323	3	[2 3]
520
053	3	[0 5]
601
251
423	3	[2 4]
744
609
772
332	3	[2 3]
891
701
947
466
235	3	[2 5]
308	3	[0 8]
636	3	[6 6]
654
329	3	[2 9]
547
608
857
797
819
010
767
910
802
761
705
832	3	[2 8]
670
917
702
941
816
543	3	[4 5]
985
887
297
162
486
117
603	3	[0 6]
758
457
871
107
215
678
928
914
990
831	3	[1 8]
574
724
238	3	[2 8]
420
141
076
967
126
707
831	3	[1 8]
270
935	3	[5 9]
537	3	[5 7]
881
973	3	[7 9]
817
077
411
117
281
198
595
185
579
554
445
294
810
636	3	[6 6]
838	3	[8 8]
609
899
729
815
834	3	[4 8]
861
587
296
740
682
555
868
046
479
457
493	3	[4 9]
851
539	3	[5 9]
804
707
593	3	[5 9]
066
724
372	3	[2 7]
342	3	[2 4]
641
643	3	[4 6]
297
712
967
389	3	[8 9]
622
658
348	3	[4 8]
261
184
072
154
662
286
046
365	3	[5 6]
344	3	[4 4]
511
146
695
852
936	3	[6 9]
807
495
630	3	[0 6]
239	3	[2 9]
418
830	3	[0 8]
984
700
917
854
499
103	3	[0 1]
756
658
823	3	[2 8]
380	3	[0 8]
776
967
202
519
510
597
280
896
167
314	3	[1 4]
853	3	[5 8]
989
914
494
628
200
897
177
443	3	[4 4]
718
279
118
104
427
173	3	[1 7]
287
448
169
831	3	[1 8]
419
603	3	[0 6]
311	3	[1 1]
015
803	3	[0 8]
022
971
762
590
964
984
974
646
186
462
084
255
525
980
095
380	3	[0 8]
128
201
534	3	[4 5]
330	3	[0 3]
512
129
867
509
342	3	[2 4]
587
383	3	[3 8]
811
630	3	[0 6]
006
906
503	3	[0 5]
559
855
959
902
860
334	3	[3 4]
402
856
099
494
921
328	3	[2 8]
172
961
898
092
883	3	[8 8]
523	3	[2 5]
464
881
110
566
846
177
044
660
773	3	[7 7]
672
769
953	3	[5 9]
604
950
359	3	[5 9]
178
950
756
129
097
261
467
798
943	3	[4 9]
902
322	3	[2 2]
359	3	[5 9]
814
827
021
300	3	[0 0]
036	3	[0 6]
966
185
103	3	[0 1]
382	3	[2 8]
098
036	3	[0 6]
084
440
481
402
962
667
754
814
178
017
460
804
305	3	[0 5]
301	3	[0 1]
160
653	3	[5 6]
005
194
515
862
252
382	3	[2 8]
050
621
542
574
350	3	[0 5]
193	3	[1 9]
389	3	[8 9]
083	3	[0 8]
065
618
575
974
305	3	[0 5]
871
510
578
938	3	[8 9]
041
313	3	[1 3]
276
090
156
833	3	[3 8]
787
719
233	3	[2 3]
772
844
949
906
306	3	[0 6]
987
025
921
954
335	3	[3 5]
225
185
744
279
479
221
388	3	[8 8]
006
817
215
075
028
189
259
853	3	[5 8]
297
874
872
534	3	[4 5]
979
811
946
955
871
271
299
382	3	[2 8]
458
797
603	3	[0 6]
202
201
777
643	3	[4 6]
672
261
196
220
507
521
417
154
130	3	[0 1]
618
617
785
340	3	[0 4]
711
545
248
950
837	3	[7 8]
171
468
594
166
949
461
909
585
964
386	3	[6 8]
526
058
939	3	[9 9]
559
744
627
537	3	[5 7]
432	3	[2 4]
909
848
369	3	[6 9]
441
990
148
792
531	3	[1 5]
912
135	3	[1 5]
339	3	[3 9]
031	3	[0 1]
983	3	[8 9]
991
429
778
663	3	[6 6]
288
465
976
970
087
890
676
122
204
943	3	[4 9]
715
767
797
355	3	[5 5]
698
769
072
495
342	3	[2 4]
104
291
118
783	3	[7 8]
384	3	[4 8]
053	3	[0 5]
794
530	3	[0 5]
554
043	3	[0 4]
993	3	[9 9]
878
962
075
931	3	[1 9]
043	3	[0 4]
074
321	3	[1 2]
909
490
627
942
997
031	3	[0 1]
758
948
385	3	[5 8]
976
870
876
346	3	[4 6]
947
008
524
628
412
482
414
397	3	[7 9]
792
689
385	3	[5 8]
260
122
017
668
174
312	3	[1 2]
032	3	[0 2]
873	3	[7 8]
119
852
837	3	[7 8]
056
944
998
891
415
327	3	[2 7]
173	3	[1 7]
479
300	3	[0 0]
641
501
439	3	[4 9]
087
146
379	3	[7 9]
128
689
574
537	3	[5 7]
622
692
556
460
012
153	3	[1 5]
954
849
217
337	3	[3 7]
208
892
220
230	3	[0 2]
410
824
481
243	3	[2 4]
829
414
360	3	[0 6]
817
736	3	[6 7]
054
837	3	[7 8]
561
318	3	[1 8]
281
969
693	3	[6 9]
418
268
912
872
766
556
275
526
976
199
114
713	3	[1 7]
396	3	[6 9]
818
386	3	[6 8]
368	3	[6 8]
817
295
642
053	3	[0 5]
034	3	[0 4]
226
225
607
700
789
181
539	3	[5 9]
149
035	3	[0 5]
607
314	3	[1 4]
954
878
028
949
821
625
525
533	3	[3 5]
944
589
028
492
113	3	[1 1]
049
307	3	[0 7]
947
895
137	3	[1 7]
189
678
152
062
397	3	[7 9]
403	3	[0 4]
419
030	3	[0 0]
889
532	3	[2 5]
571
192
072
061
377	3	[7 7]
519
798
543	3	[4 5]
691
797
762
015
862
119
950
157
919
410
143	3	[1 4]
886
575
730	3	[0 7]
471
618
479
268
401
162
930	3	[0 9]
495
209
773	3	[7 7]
339	3	[3 9]
256
375	3	[5 7]
504
058
542
097
167
025
456
518
337	3	[3 7]
070
210
612
110
821
373	3	[3 7]
124
766
934	3	[4 9]
852
112
635	3	[5 6]
132	3	[1 2]
446
941
493	3	[4 9]
422
539	3	[5 9]
232	3	[2 2]
525
688
203	3	[0 2]
236	3	[2 6]
669
710
366	3	[6 6]
696
262
283	3	[2 8]
883	3	[8 8]
416
358	3	[5 8]
742
392	3	[2 9]
342	3	[2 4]
098
525
041
444
617
181
432	3	[2 4]
553	3	[5 5]
724
877
506
096
928
927
806
956
896
569
224
431	3	[1 4]
348	3	[4 8]
037	3	[0 7]
301	3	[0 1]
798
933	3	[3 9]
281
221
194
173	3	[1 7]
491
503	3	[0 5]
435	3	[4 5]
710
937	3	[7 9]
675
313	3	[1 3]
421
011
641
805
530	3	[0 5]
914
625
164
566
982
878
268
256
951
815
845
608
617
448
744
160
008
346	3	[4 6]
489
155
885
089
661
594
848
179
517
550
811
002
263	3	[2 6]
907
364	3	[4 6]
673	3	[6 7]
676
747
729
763	3	[6 7]
807
621
576
960
351	3	[1 5]
750
149
058
493	3	[4 9]
387	3	[7 8]
822
110
409
084
690
569
441
991
317	3	[1 7]
041
792
582
966
314	3	[1 4]
555
089
175
438	3	[4 8]
960
913	3	[1 9]
501
878
366	3	[6 6]
880
776
975
823	3	[2 8]
167
782
352	3	[2 5]
444
765
671
351	3	[1 5]
517
215
206
232	3	[2 2]
711
901
718
560
487
218
245
531	3	[1 5]
170
046
065
653	3	[5 6]
471
103	3	[0 1]
894
134	3	[1 4]
322	3	[2 2]
501
683	3	[6 8]
082
990
375	3	[5 7]
236	3	[2 6]
104
010
765
047
828
966
148
191
134	3	[1 4]
594
091
559
721
880
077
011
405
126
149
631	3	[1 6]
253	3	[2 5]
476
005
526
908
464
492
284
286
264
744
922
136	3	[1 6]
782
870
998
889
480
969
733	3	[3 7]
493	3	[4 9]
505
108
511
044
070
052
334	3	[3 4]
088
256
063	3	[0 6]
582
326	3	[2 6]
696
162
806
137	3	[1 7]
819
091
348	3	[4 8]
161
931	3	[1 9]
382	3	[2 8]
665
331	3	[1 3]
826
034	3	[0 4]
927
918
481
821
314	3	[1 4]
178
522
252
856
881
321	3	[1 2]
699
562
982
022
032	3	[0 2]
122
817
631	3	[1 6]
151
457
657
191
368	3	[6 8]
100
068
727
064
124
208
389	3	[8 9]
529
278
948
422
624
920
289
559
766
776
661
602
290
336	3	[3 6]
297
209
602
466
077
504
834	3	[4 8]
040
995
462
759
828
973	3	[7 9]
677
845
309	3	[0 9]
167
141
060
818
497
248
982
101
533	3	[3 5]
054
010
774
391	3	[1 9]
910
093	3	[0 9]
779
197
248
719
556
897
798
886
650
625
213	3	[1 2]
240
204
158
842
327	3	[2 7]
505
690
341	3	[1 4]
668
045
470
597
141
555
222
979
036	3	[0 6]
313	3	[1 3]
967
898
608
467
942
904
720
691
754
473	3	[4 7]
484
769
114
313	3	[1 3]
314	3	[1 4]
709
140
826
727
759
266
778
405
827
472
188
273	3	[2 7]
180
340	3	[0 4]
392	3	[2 9]
217
713	3	[1 7]
708
311	3	[1 1]
457
265
395	3	[5 9]
921
555
858
574
219
809
077
661
515
645
812
747
578
202
450
354	3	[4 5]
811
745
764
706
429
501
128
365	3	[5 6]
513	3	[1 5]
667
538	3	[5 8]
019
785
009
510
040
435	3	[4 5]
317	3	[1 7]
882
108
398	3	[8 9]
414
461
994
568
373	3	[3 7]
706
005
650
891
061
316	3	[1 6]
477
156
171
769
900
066
959
588
888
301	3	[0 1]
568
392	3	[2 9]
070
335	3	[3 5]
458
793	3	[7 9]
886
116
592
335	3	[3 5]
701
151
570
770
954
995
112
083	3	[0 8]
067
425
161
513	3	[1 5]
592
137	3	[1 7]
960
451
037	3	[0 7]
200
418
764
648
245
267
748
257
532	3	[2 5]
096
691
408
151
748
234	3	[2 4]
597
278
547
704
363	3	[3 6]
890
224
948
930	3	[0 9]
757
152
694
090
041
995
489
824
679
027
259
280
501
231	3	[1 2]
794
181
930	3	[0 9]
793	3	[7 9]
685
185
120
199
909
840
889
598
945
084
598
618
192
596
903	3	[0 9]
484
334	3	[3 4]
792
707
349	3	[4 9]
936	3	[6 9]
075
966
772
939	3	[9 9]
057
522
433	3	[3 4]
104
994
875
230	3	[0 2]
640
518
798
720
487
099
158
643	3	[4 6]
043	3	[0 4]
973	3	[7 9]
308	3	[0 8]
752
889
039	3	[0 9]
093	3	[0 9]
675
681
801
680
494
887
139	3	[1 9]
716
250
010
027
659
501
948
253	3	[2 5]
788
863	3	[6 8]
234	3	[2 4]
470
557
703	3	[0 7]
340	3	[0 4]
856
792
332	3	[2 3]
169
673	3	[6 7]
235	3	[2 5]
172
498
494
204
695
661
200
712
112
815
783	3	[7 8]
417
611
092
482
147
848
873	3	[7 8]
598
660
275
045
054
644
295
965
570
977
546
946
646
514
274
252
841
549
168
933	3	[3 9]
136	3	[1 6]
401
171
089
083	3	[0 8]
943	3	[4 9]
596
551
299
752
690
944
835	3	[5 8]
408
996
005
786
474
834	3	[4 8]
640
187
137	3	[1 7]
693	3	[6 9]
558
368	3	[6 8]
597
896
467
638	3	[6 8]
487
799
300	3	[0 0]
758
254
948
583	3	[5 8]
745
526
010
414
788
407
441
109
933	3	[3 9]
334	3	[3 4]
212
031	3	[0 1]
342	3	[2 4]
464
527
882
015
572
229
111
456
345	3	[4 5]
148
473	3	[4 7]
974
418
659
119
725
064
218
771
918
394	3	[4 9]
282
081
028
880
338	3	[3 8]
272
012
485
189
330	3	[0 3]
436	3	[4 6]
138	3	[1 8]
863	3	[6 8]
684
284
816
023	3	[0 2]
650
223	3	[2 2]
801
963	3	[6 9]
056
104
269
838	3	[8 8]
287
751
327	3	[2 7]
591
257
162
718
254
088
854
745
410
015
468
031	3	[0 1]
892
839	3	[8 9]
283	3	[2 8]
836	3	[6 8]
912
357	3	[5 7]
424
501
028
199
359	3	[5 9]
502
604
092
631	3	[1 6]
031	3	[0 1]
168
960
709
318	3	[1 8]
313	3	[1 3]
649
768
097
721
178
555
502
604
469
125
690
155
412
741
457
802
883	3	[8 8]
252
857
606
773	3	[7 7]
131	3	[1 1]
959
834	3	[4 8]
831	3	[1 8]
185
933	3	[3 9]
279
753	3	[5 7]
459
242
895
543	3	[4 5]
887
107
888
971
871
211
555
049
923	3	[2 9]
579
035	3	[0 5]
991
718
159
399	3	[9 9]
097
781
056
070
150
597
089
414
635	3	[5 6]
331	3	[1 3]
633	3	[3 6]
918
413	3	[1 4]
203	3	[0 2]
679
757
085
307	3	[0 7]
986
866
727
500
102
382	3	[2 8]
190
109
638	3	[6 8]
052
334	3	[3 4]
472
536	3	[5 6]
315	3	[1 5]
383	3	[3 8]
716
095
957
098
494
066
089
378	3	[7 8]
675
007
665
922
697
035	3	[0 5]
547
964
687
686
345	3	[4 5]
602
379	3	[7 9]
938	3	[8 9]
259
060
063	3	[0 6]
045
341	3	[1 4]
626
396	3	[6 9]
220
178
834	3	[4 8]
795
046
729
754
384	3	[4 8]
668
506
565
168
444
176
729
788
527
917
201
068
938	3	[8 9]
165
252
988
054
858
324	3	[2 4]
211
066
038	3	[0 8]
584
977
790
178
113	3	[1 1]
710
101
344	3	[4 4]
091
620
293	3	[2 9]
561
935	3	[5 9]
677
218
515
499
908
100
412
840
670
831	3	[1 8]
484
610
989
147
821
940
006
941
029
313	3	[1 3]
614
788
079
116
970
212
055
504
621
488
679
613	3	[1 6]
752
913	3	[1 9]
345	3	[4 5]
269
759
165
029
447
892
427
626
912
713	3	[1 7]
761
013	3	[0 1]
799
755
785
821
203	3	[0 2]
156
145
204
134	3	[1 4]
945
857
852
682
685
838	3	[8 8]
452
789
362	3	[2 6]
901
408
998
104
905
169
470
454
611
645
302	3	[0 2]
336	3	[3 6]
623	3	[2 6]
783	3	[7 8]
530	3	[0 5]
308	3	[0 8]
988
339	3	[3 9]
879
127
194
731	3	[1 7]
158
198
180
389	3	[8 9]
453	3	[4 5]
057
265
371	3	[1 7]
000
922
200
463	3	[4 6]
363	3	[3 6]
731	3	[1 7]
857
572
337	3	[3 7]
383	3	[3 8]
439	3	[4 9]
954
156
049
374	3	[4 7]
930	3	[0 9]
550
594
230	3	[0 2]
920
621
738	3	[7 8]
741
534	3	[4 5]
684
811
537	3	[5 7]
717
781
728
002
044
790
637	3	[6 7]
260
549
677
107
737	3	[7 7]
999
144
328	3	[2 8]
288
166
727
257
610
311	3	[1 1]
124
789
850
309	3	[0 9]
499
934	3	[4 9]
187
252
914
945
538	3	[5 8]
373	3	[3 7]
357	3	[5 7]
552
793	3	[7 9]
408
396	3	[6 9]
329	3	[2 9]
625
220
363	3	[3 6]
503	3	[0 5]
859
481
826
520
326	3	[2 6]
880
508
851
370	3	[0 7]
913	3	[1 9]
014
172
560
625
333	3	[3 3]
679
263	3	[2 6]
004
742
075
412
398	3	[8 9]
277
930	3	[0 9]
981
417
440
018
839	3	[8 9]
162
395	3	[5 9]
944
981
937	3	[7 9]
273	3	[2 7]
355	3	[5 5]
916
088
243	3	[2 4]
450
661
136	3	[1 6]
554
397	3	[7 9]
489
417
727
317	3	[1 7]
400
657
793	3	[7 9]
369	3	[6 9]
732	3	[2 7]
321	3	[1 2]
107
684
604
511
639	3	[6 9]
351	3	[1 5]
775
846
431	3	[1 4]
255
499
714
227
204
950
830	3	[0 8]
758
917
247
196
255
930	3	[0 9]
570
645
383	3	[3 8]
941
264
562
478
281
972
010
800
007
800
244
834	3	[4 8]
765
908
848
061
630	3	[0 6]
399	3	[9 9]
124
819
594
769
647
131	3	[1 1]
764
942
121
759
103	3	[0 1]
970
376	3	[6 7]
954
706
906
056
093	3	[0 9]
958
523	3	[2 5]
962
739	3	[7 9]
678
853	3	[5 8]
564
808
136	3	[1 6]
348	3	[4 8]
166
835	3	[5 8]
939	3	[9 9]
717
759
713	3	[1 7]
543	3	[4 5]
919
240
284
431	3	[1 4]
912
623	3	[2 6]
810
108
642
686
421
324	3	[2 4]
313	3	[1 3]
141
378	3	[7 8]
315	3	[1 5]
901
306	3	[0 6]
724
658
985
280
600
880
381	3	[1 8]
784
929
444
469
429
785
644
377	3	[7 7]
280
687
114
404
710
740
465
006
507
675
263	3	[2 6]
328	3	[2 8]
091
384	3	[4 8]
208
718
781
448
973	3	[7 9]
722
751
568
540
955
404
688
524
554
790
915
197
565
823	3	[2 8]
640
390	3	[0 9]
423	3	[2 4]
718
889
187
434	3	[4 4]
782
840
096
109
388	3	[8 8]
002
181
868
524
104
642
489
825
733	3	[3 7]
080
511
976
387	3	[7 8]
309	3	[0 9]
392	3	[2 9]
875
053	3	[0 5]
471
282
892
000
293	3	[2 9]
445
689
090
520
611
051
018
148
882
388	3	[8 8]
766
510
597
916
953	3	[5 9]
381	3	[1 8]
068
744
331	3	[1 3]
162
212
053	3	[0 5]
401
810
995
657
225
307	3	[0 7]
092
526
578
549
033	3	[0 3]
757
731	3	[1 7]
546
387	3	[7 8]
948
686
876
074
163	3	[1 6]
651
427
848
712
705
439	3	[4 9]
208
638	3	[6 8]
405
506
087
267
720
442
285
610
162
879
923	3	[2 9]
897
073	3	[0 7]
064
098
157
533	3	[3 5]
686
449
755
477
381	3	[1 8]
601
772
389	3	[8 9]
927
967
562
876
245
693	3	[6 9]
881
961
077
121
493	3	[4 9]
262
929
028
627
000
807
799
349	3	[4 9]
850
673	3	[6 7]
655
099
509
394	3	[4 9]
459
595
452
255
306	3	[0 6]
857
107
137	3	[1 7]
394	3	[4 9]
942
460
850
696
484
289
396	3	[6 9]
691
563	3	[5 6]
582
931	3	[1 9]
845
831	3	[1 8]
055
887
494
048
301	3	[0 1]
442
265
128
523	3	[2 5]
926
923	3	[2 9]
525
250
920
375	3	[5 7]
478
537	3	[5 7]
516
384	3	[4 8]
726
762
272
757
420
049
279
922
323	3	[2 3]
064
961
851
289
394	3	[4 9]
954
038	3	[0 8]
981
443	3	[4 4]
583	3	[5 8]
246
635	3	[5 6]
561
570
653	3	[5 6]
777
369	3	[6 9]
110
419
578
550
718
736	3	[6 7]
080
836	3	[6 8]
796
042
588
038	3	[0 8]
462
811
412
188
247
016
717
684
958
410
165
747
597
098
526
910
265
574
041
157
070
193	3	[1 9]
317	3	[1 7]
786
798
868
542
288
444
781
942
084
602
011
924
128
752
369	3	[6 9]
304	3	[0 4]
035	3	[0 5]
080
037	3	[0 7]
863	3	[6 8]
562
129
631	3	[1 6]
812
604
793	3	[7 9]
872
124
116
359	3	[5 9]
347	3	[4 7]
203	3	[0 2]
014
268
532	3	[2 5]
136	3	[1 6]
394	3	[4 9]
735	3	[5 7]
252
729
007
816
921
475
349	3	[4 9]
711
018
438	3	[4 8]
438	3	[4 8]
375	3	[5 7]
943	3	[4 9]
253	3	[2 5]
519
305	3	[0 5]
594
294
701
823	3	[2 8]
367	3	[6 7]
037	3	[0 7]
403	3	[0 4]
553	3	[5 5]
449
714
600
811
456
323	3	[2 3]
279
199
665
747
743	3	[4 7]
752
913	3	[1 9]
628
835	3	[5 8]
401
679
109
400
869
927
800
763	3	[6 7]
757
901
453	3	[4 5]
658
045
174
714
938	3	[8 9]
730	3	[0 7]
662
972
610
599
331	3	[1 3]
565
518
380	3	[0 8]
415
166
232	3	[2 2]
639	3	[6 9]
184
767
595
554
782
957
089
672
110
633	3	[3 6]
728
222
201
654
341	3	[1 4]
394	3	[4 9]
562
565
377	3	[7 7]
720
219
196
906
857
357	3	[5 7]
020
717
423	3	[2 4]
205
224
699
042
496
236	3	[2 6]
591
918
633	3	[3 6]
337	3	[3 7]
208
924
523	3	[2 5]
098
904
332	3	[2 3]
906
611
837	3	[7 8]
028
538	3	[5 8]
944
695
535	3	[5 5]
262
786
146
363	3	[3 6]
397	3	[7 9]
738	3	[7 8]
098
150
348	3	[4 8]
607
336	3	[3 6]
357	3	[5 7]
243	3	[2 4]
533	3	[3 5]
449
328	3	[2 8]
881
919
664
781
613	3	[1 6]
847
480
339	3	[3 9]
217
884
103	3	[0 1]
889
683	3	[6 8]
023	3	[0 2]
510
249
947
277
054
570
131	3	[1 1]
751
081
359	3	[5 9]
891
278
563	3	[5 6]
911
597
368	3	[6 8]
115
546
929
865
583	3	[5 8]
148
304	3	[0 4]
400
812
717
190
903	3	[0 9]
710
539	3	[5 9]
433	3	[3 4]
243	3	[2 4]
431	3	[1 4]
232	3	[2 2]
922
133	3	[1 3]
657
560
436	3	[4 6]
880
938	3	[8 9]
610
093	3	[0 9]
450
188
421
708
084
726
129
111
728
582
303	3	[0 3]
806
158
065
836	3	[6 8]
239	3	[2 9]
423	3	[2 4]
593	3	[5 9]
447
003	3	[0 0]
082
561
227
051
059
013	3	[0 1]
757
242
989
784
175
731	3	[1 7]
649
926
878
352	3	[2 5]
264
411
838	3	[8 8]
246
597
705
640
049
932	3	[2 9]
244
860
924
758
138	3	[1 8]
980
009
999
703	3	[0 7]
439	3	[4 9]
866
328	3	[2 8]
186
287
112
933	3	[3 9]
252
807
030	3	[0 0]
941
036	3	[0 6]
051
757
032	3	[0 2]
473	3	[4 7]
992
312	3	[1 2]
331	3	[1 3]
149
724
897
559
912
544
807
335	3	[3 5]
393	3	[3 9]
213	3	[1 2]
731	3	[1 7]
671
215
453	3	[4 5]
329	3	[2 9]
832	3	[2 8]
669
781
927
294
671
442
956
012
266
850
452
798
586
680
060
763	3	[6 7]
085
833	3	[3 8]
178
107
138	3	[1 8]
188
600
713	3	[1 7]
675
457
382	3	[2 8]
495
631	3	[1 6]
858
747
409
105
168
562
317	3	[1 7]
459
586
453	3	[4 5]
498
569
393	3	[3 9]
428
859
000
305	3	[0 5]
729
617
054
617
995
881
238	3	[2 8]
531	3	[1 5]
680
615
982
205
163	3	[1 6]
564
969
825
901
865
944
884
758
956
538	3	[5 8]
199
064
188
313	3	[1 3]
703	3	[0 7]
180
553	3	[5 5]
185
466
288
392	3	[2 9]
353	3	[3 5]
814
450
270
260
624
517
536	3	[5 6]
943	3	[4 9]
827
199
722
435	3	[4 5]
546
233	3	[2 3]
397	3	[7 9]
227
012
849
219
702
195
420
205
759
212
692
661
640
203	3	[0 2]
071
406
821
173	3	[1 7]
412
479
043	3	[0 4]
084
939	3	[9 9]
933	3	[3 9]
005
763	3	[6 7]
662
883	3	[8 8]
098
637	3	[6 7]
713	3	[1 7]
567
422
143	3	[1 4]
671
370	3	[0 7]
788
047
315	3	[1 5]
573	3	[5 7]
714
403	3	[0 4]
201
275
043	3	[0 4]
486
451
570
031	3	[0 1]
818
161
100
610
611
972
990
682
301	3	[0 1]
298
245
238	3	[2 8]
766
101
579
885
989
842
097
911
875
208
946
985
594
860
978
861
390	3	[0 9]
400
376	3	[6 7]
085
481
607
050
747
596
166
713	3	[1 7]
372	3	[2 7]
575
044
502
290
388	3	[8 8]
741
656
987
006
314	3	[1 4]
393	3	[3 9]
557
576
367	3	[6 7]
605
116
261
168
950
961
391	3	[1 9]
832	3	[2 8]
778
068
417
237	3	[2 7]
072
193	3	[1 9]
229
612
831	3	[1 8]
982
161
120
028
517
582
409
302	3	[0 2]
082
320	3	[0 2]
073	3	[0 7]
084
226
995
938	3	[8 9]
116
049
786
260
091
922
256
701
099
933	3	[3 9]
856
681
853	3	[5 8]
975
297
066
701
267
588
218
321	3	[1 2]
192
853	3	[5 8]
701
116
657
035	3	[0 5]
718
605
935	3	[5 9]
577
328	3	[2 8]
059
713	3	[1 7]
237	3	[2 7]
883	3	[8 8]
018
010
252
341	3	[1 4]
933	3	[3 9]
203	3	[0 2]
780
209
560
941
764
241
695
707
584
505
269
495
810
127
698
054
185
224
481
911
859
492
907
517
324	3	[2 4]
246
873	3	[7 8]
271
645
128
325	3	[2 5]
861
336	3	[3 6]
723	3	[2 7]
174
266
755
521
882
948
800
622
912
300	3	[0 0]
100
982
232	3	[2 2]
638	3	[6 8]
888
683	3	[6 8]
135	3	[1 5]
224
486
500
181
326	3	[2 6]
965
982
131	3	[1 1]
322	3	[2 2]
496
932	3	[2 9]
737	3	[7 7]
777
186
292
591
964
467
531	3	[1 5]
254
446
194
307	3	[0 7]
584
719
383	3	[3 8]
109
397	3	[7 9]
974
040
892
153	3	[1 5]
011
022
904
052
848
991
846
936	3	[6 9]
595
914
078
348	3	[4 8]
806
145
619
840
925
680
110
730	3	[0 7]
213	3	[1 2]
119
515
690
921
442
917
263	3	[2 6]
650
328	3	[2 8]
662
055
479
807
241
097
809
129
524
038	3	[0 8]
903	3	[0 9]
121
012
292
354	3	[4 5]
222
654
544
503	3	[0 5]
047
976
646
906
566
145
465
634	3	[4 6]
040
601
068
989
260
654
314	3	[1 4]
041
248
441
055
870
684
403	3	[0 4]
484
076
333	3	[3 3]
084
862
887
420
054
944
977
010
576
517
971
845
588
579
052
714
783	3	[7 8]
082
716
845
703	3	[0 7]
914
818
783	3	[7 8]
328	3	[2 8]
967
147
053	3	[0 5]
284
261
488
757
300	3	[0 0]
882
727
049
180
034	3	[0 4]
569
438	3	[4 8]
866
492
583	3	[5 8]
645
801
613	3	[1 6]
473	3	[4 7]
610
391	3	[1 9]
169
622
021
318	3	[1 8]
014
096
336	3	[3 6]
154
774
821
649
849
320	3	[0 2]
624
428
910
406
300	3	[0 0]
581
513	3	[1 5]
428
243	3	[2 4]
287
489
623	3	[2 6]
580
828
813	3	[1 8]
330	3	[0 3]
626
985
773	3	[7 7]
188
054
829
835	3	[5 8]
272
825
830	3	[0 8]
486
760
891
616
422
339	3	[3 9]
165
946
249
184
793	3	[7 9]
459
403	3	[0 4]
657
360	3	[0 6]
238	3	[2 8]
322	3	[2 2]
462
438	3	[4 8]
498
210
832	3	[2 8]
328	3	[2 8]
749
534	3	[4 5]
436	3	[4 6]
586
529
041
678
085
863	3	[6 8]
811
797
108
485
759
710
832	3	[2 8]
848
743	3	[4 7]
390	3	[0 9]
306	3	[0 6]
750
993	3	[9 9]
347	3	[4 7]
251
688
269
112
442
630	3	[0 6]
721
395	3	[5 9]
999
689
124
448
933	3	[3 9]
552
480
320	3	[0 2]
203	3	[0 2]
509
203	3	[0 2]
686
153	3	[1 5]
344	3	[4 4]
349	3	[4 9]
340	3	[0 4]
021
345	3	[4 5]
565
913	3	[1 9]
780
842
322	3	[2 2]
427
083	3	[0 8]
760
562
664
294
644
590
551
730	3	[0 7]
895
047
239	3	[2 9]
209
253	3	[2 5]
087
841
999
361	3	[1 6]
011
955
335	3	[3 5]
888
173	3	[1 7]
725
144
585
014
486
504
203	3	[0 2]
823	3	[2 8]
462
649
094
030	3	[0 0]
007
483	3	[4 8]
992
111
505
476
783	3	[7 8]
197
519
098
141
603	3	[0 6]
671
131	3	[1 1]
603	3	[0 6]
391	3	[1 9]
004
639	3	[6 9]
638	3	[6 8]
162
525
095
530	3	[0 5]
573	3	[5 7]
436	3	[4 6]
757
744
518
232	3	[2 2]
471
490
773	3	[7 7]
318	3	[1 8]
194
298
936	3	[6 9]
387	3	[7 8]
584
811
419
732	3	[2 7]
686
274
976
973	3	[7 9]
416
153	3	[1 5]
688
753	3	[5 7]
722
459
146
639	3	[6 9]
579
966
237	3	[2 7]
030	3	[0 0]
316	3	[1 6]
139	3	[1 9]
225
045
351	3	[1 5]
402
235	3	[2 5]
294
478
098
681
485
302	3	[0 2]
191
552
261
984
475
735	3	[5 7]
941
169
162
267
753	3	[5 7]
676
020
884
473	3	[4 7]
179
291
500
915
306	3	[0 6]
835	3	[5 8]
811
804
456
111
303	3	[0 3]
543	3	[4 5]
299
819
501
791
239	3	[2 9]
947
860
147
149
154
265
991
950
022
377	3	[7 7]
618
917
005
419
539	3	[5 9]
292
973	3	[7 9]
097
048
007
777
092
329	3	[2 9]
706
487
243	3	[2 4]
027
829
451
468
886
201
340	3	[0 4]
049
860
946
866
875
471
329	3	[2 9]
244
288
734	3	[4 7]
768
921
652
478
540
014
119
277
712
803	3	[0 8]
680
050
139	3	[1 9]
624
763	3	[6 7]
510
076
461
740
407
199
478
415
148
814
644
448
934	3	[4 9]
256
265
007
918
958
239	3	[2 9]
908
064
746
556
225
445
071
505
422
768
857
149
783	3	[7 8]
262
547
256
925
985
662
177
743	3	[4 7]
736	3	[6 7]
103	3	[0 1]
698
401
762
500
441
649
811
880
697
030	3	[0 0]
914
392	3	[2 9]
152
517
917
935	3	[5 9]
888
966
020
485
963	3	[6 9]
873	3	[7 8]
920
395	3	[5 9]
377	3	[7 7]
538	3	[5 8]
858
865
851
122
353	3	[3 5]
013	3	[0 1]
558
699
039	3	[0 9]
173	3	[1 7]
130	3	[0 1]
112
295
922
872
040
668
732	3	[2 7]
683	3	[6 8]
031	3	[0 1]
023	3	[0 2]
500
335	3	[3 5]
724
806
991
616
657
688
010
113	3	[1 1]
794
625
221
646
184
808
652
244
877
621
164
133	3	[1 3]
620
825
284
317	3	[1 7]
560
381	3	[1 8]
739	3	[7 9]
528
358	3	[5 8]
170
021
014
199
440
042
183	3	[1 8]
458
618
687
127
449
908
374	3	[4 7]
616
812
191
717
370	3	[0 7]
476
720
386	3	[6 8]
948
378	3	[7 8]
363	3	[3 6]
197
665
709
019
722
398	3	[8 9]
147
559
914
338	3	[3 8]
124
541
971
432	3	[2 4]
964
477
079
868
841
867
447
488
225
986
710
233	3	[2 3]
185
940
316	3	[1 6]
808
907
809
898
043	3	[0 4]
026
277
569
977
298
242
438	3	[4 8]
089
812
084
340	3	[0 4]
877
549
958
193	3	[1 9]
747
429
133	3	[1 3]
568
089
208
596
949
372	3	[2 7]
808
772
927
376	3	[6 7]
541
386	3	[6 8]
675
192
703	3	[0 7]
139	3	[1 9]
238	3	[2 8]
496
878
612
444
127
288
425
481
009
653	3	[5 6]
687
610
157
869
417
350	3	[0 5]
939	3	[9 9]
413	3	[1 4]
394	3	[4 9]
121
960
518
273	3	[2 7]
709
232	3	[2 2]
991
470
324	3	[2 4]
309	3	[0 9]
551
698
144
242
406
662
420
536	3	[5 6]
231	3	[1 2]
661
568
958
061
475
764
667
966
368	3	[6 8]
584
232	3	[2 2]
855
808
887
113	3	[1 1]
153	3	[1 5]
179
956
874
474
351	3	[1 5]
717
103	3	[0 1]
460
174
142
760
842
175
057
455
110
776
340	3	[0 4]
376	3	[6 7]
022
179
399	3	[9 9]
515
996
773	3	[7 7]
821
217
705
617
664
276
437	3	[4 7]
620
919
230	3	[0 2]
992
396	3	[6 9]
291
927
716
530	3	[0 5]
014
883	3	[8 8]
646
004
671
822
094
764
749
495
380	3	[0 8]
792
380	3	[0 8]
987
055
349	3	[4 9]
139	3	[1 9]
267
797
393	3	[3 9]
766
149
486
078
863	3	[6 8]
718
222
740
445
173	3	[1 7]
808
369	3	[6 9]
167
409
287
691
895
211
923	3	[2 9]
485
988
523	3	[2 5]
062
557
662
269
428
737	3	[7 7]
507
979
782
310	3	[0 1]
829
962
440
783	3	[7 8]
019
057
076
894
474
615
768
806
865
799
847
979
613	3	[1 6]
044
018
917
421
834	3	[4 8]
780
904
132	3	[1 2]
822
063	3	[0 6]
142
909
342	3	[2 4]
408
678
094
186
023	3	[0 2]
016
193	3	[1 9]
668
839	3	[8 9]
391	3	[1 9]
931	3	[1 9]
731	3	[1 7]
110
842
539	3	[5 9]
623	3	[2 6]
090
256
457
929
787
439	3	[4 9]
905
066
523	3	[2 5]
012
588
260
126
615
967
799
161
534	3	[4 5]
297
915
920
451
974
226
151
268
246
268
166
286
108
382	3	[2 8]
457
372	3	[2 7]
438	3	[4 8]
383	3	[3 8]
131	3	[1 1]
170
634	3	[4 6]
516
447
421
115
765
523	3	[2 5]
158
649
381	3	[1 8]
539	3	[5 9]
222
097
702
170
055
671
285
881
174
195
214
600
776
106
138	3	[1 8]
046
606
860
511
137	3	[1 7]
254
312	3	[1 2]
302	3	[0 2]
112
801
322	3	[2 2]
124
816
544
340	3	[0 4]
579
127
211
717
387	3	[7 8]
228
158
780
273	3	[2 7]
567
002
342	3	[2 4]
166
632	3	[2 6]
794
470
859
675
688
345	3	[4 5]
162
091
158
718
119
050
700
286
596
637	3	[6 7]
806
285
719
419
384	3	[4 8]
202
194
253	3	[2 5]
427
009
686
208
827
341	3	[1 4]
111
289
572
400
141
344	3	[4 4]
572
197
046
717
588
823	3	[2 8]
057
365	3	[5 6]
933	3	[3 9]
738	3	[7 8]
395	3	[5 9]
841
519
984
645
779
962
414
051
975
202
705
036	3	[0 6]
629
958
872
756
676
662
239	3	[2 9]
015
662
767
952
444
326	3	[2 6]
723	3	[2 7]
471
804
636	3	[6 6]
671
514
462
324	3	[2 4]
452
884
449
980
969
211
636	3	[6 6]
906
176
032	3	[0 2]
343	3	[3 4]
740
388	3	[8 8]
928
703	3	[0 7]
338	3	[3 8]
605
828
947
580
739	3	[7 9]
332	3	[2 3]
951
214
525
046
724
162
801
820
938	3	[8 9]
957
705
927
193	3	[1 9]
849
840
941
884
205
070
022
674
857
993	3	[9 9]
815
932	3	[2 9]
237	3	[2 7]
148
087
720
362	3	[2 6]
926
684
283	3	[2 8]
994
600
285
021
759
604
045
863	3	[6 8]
593	3	[5 9]
017
314	3	[1 4]
097
271
223	3	[2 2]
361	3	[1 6]
323	3	[2 3]
976
469
617
687
006
460
917
480
025
582
439	3	[4 9]
850
471
171
481
575
627
158
906
888
396	3	[6 9]
676
642
872
279
784
788
354	3	[4 5]
244
425
788
503	3	[0 5]
444
275
170
475
238	3	[2 8]
193	3	[1 9]
077
871
924
937	3	[7 9]
835	3	[5 8]
449
052
340	3	[0 4]
820
397	3	[7 9]
189
668
947
449
278
054
235	3	[2 5]
215
970
027
168
855
582
972
163	3	[1 6]
518
872
146
612
534	3	[4 5]
311	3	[1 1]
291
422
689
638	3	[6 8]
752
288
427
972
546
534	3	[4 5]
094
512
981
793	3	[7 9]
586
646
014
778
457
124
956
205
382	3	[2 8]
427
595
068
943	3	[4 9]
453	3	[4 5]
794
699
837	3	[7 8]
033	3	[0 3]
341	3	[1 4]
652
497
503	3	[0 5]
518
940
101
714
869
873	3	[7 8]
286
384	3	[4 8]
490
886
641
376	3	[6 7]
886
436	3	[4 6]
582
619
159
106
774
218
611
746
227
307	3	[0 7]
824
318	3	[1 8]
376	3	[6 7]
026
217
826
125
825
007
573	3	[5 7]
554
016
148
960
437	3	[4 7]
340	3	[0 4]
341	3	[1 4]
171
601
127
976
517
661
615
955
962
892
811
164
149
648
918
715
234	3	[2 4]
617
956
299
866
217
568
430	3	[0 4]
955
292
374	3	[4 7]
359	3	[5 9]
694
924
131	3	[1 1]
920
484
109
302	3	[0 2]
530	3	[0 5]
658
873	3	[7 8]
801
620
069
022
100
266
256
686
971
898
132	3	[1 2]
711
634	3	[4 6]
174
013	3	[0 1]
227
247
408
991
463	3	[4 6]
899
412
763	3	[6 7]
452
219
916
950
065
932	3	[2 9]
455
787
264
659
135	3	[1 5]
037	3	[0 7]
610
377	3	[7 7]
549
058
717
273	3	[2 7]
052
703	3	[0 7]
075
232	3	[2 2]
186
628
344	3	[4 4]
938	3	[8 9]
708
449
860
931	3	[1 9]
178
071
296
697
383	3	[3 8]
768
989
243	3	[2 4]
164
033	3	[0 3]
756
872
402
739	3	[7 9]
372	3	[2 7]
150
397	3	[7 9]
617
177
474
338	3	[3 8]
131	3	[1 1]
386	3	[6 8]
493	3	[4 9]
176
208
682
304	3	[0 4]
588
604
996
469
510
076
387	3	[7 8]
755
895
914
325	3	[2 5]
545
278
119
903	3	[0 9]
408
231	3	[1 2]
593	3	[5 9]
627
890
010
533	3	[3 5]
446
734	3	[4 7]
067
126
874
594
055
989
618
789
246
761
928
310	3	[0 1]
574
924
100
859
726
848
988
837	3	[7 8]
840
118
048
129
193	3	[1 9]
664
194
697
695
669
954
161
125
908
784
728
933	3	[3 9]
895
477
199
764
760
497
764
382	3	[2 8]
352	3	[2 5]
227
216
958
425
879
134	3	[1 4]
441
473	3	[4 7]
556
164
534	3	[4 5]
957
863	3	[6 8]
743	3	[4 7]
397	3	[7 9]
888
735	3	[5 7]
499
089
355	3	[5 5]
618
001
193	3	[1 9]
913	3	[1 9]
228
091
483	3	[4 8]
951
671
482
035	3	[0 5]
190
545
348	3	[4 8]
537	3	[5 7]
189
520
199
311	3	[1 1]
704
338	3	[3 8]
498
059
060
391	3	[1 9]
435	3	[4 5]
792
975
190
620
260
470
858
865
660
554
736	3	[6 7]
721
901
467
023	3	[0 2]
452
008
982
521
007
986
010
384	3	[4 8]
971
137	3	[1 7]
706
350	3	[0 5]
343	3	[3 4]
758
129
645
695
160
104
827
696
444
429
427
288
990
289
820
321	3	[1 2]
457
670
635	3	[5 6]
453	3	[4 5]
674
913	3	[1 9]
422
561
111
507
399	3	[9 9]
171
537	3	[5 7]
336	3	[3 6]
796
627
902
283	3	[2 8]
087
187
245
816
624
430	3	[0 4]
160
852
021
836	3	[6 8]
661
190
730	3	[0 7]
840
831	3	[1 8]
924
803	3	[0 8]
270
542
660
393	3	[3 9]
667
565
202
226
329	3	[2 9]
568
841
056
308	3	[0 8]
661
542
133	3	[1 3]
425
475
090
439	3	[4 9]
603	3	[0 6]
040
408
369	3	[6 9]
401
251
270
983	3	[8 9]
397	3	[7 9]
833	3	[3 8]
650
466
276
047
163	3	[1 6]
542
825
724
075
038	3	[0 8]
157
676
941
141
999
985
798
181
358	3	[5 8]
728
926
529
170
917
854
317	3	[1 7]
498
292
276
698
659
841
487
131	3	[1 1]
003	3	[0 0]
277
656
899
165
733	3	[3 7]
608
889
872
669
650
456
547
699
218
789
732	3	[2 7]
456
787
722
437	3	[4 7]
592
316	3	[1 6]
745
345	3	[4 5]
547
297
905
327	3	[2 7]
680
990
818
496
629
701
539	3	[5 9]
978
662
635	3	[5 6]
938	3	[8 9]
396	3	[6 9]
542
563	3	[5 6]
517
297
281
517
085
210
073	3	[0 7]
957
360	3	[0 6]
523	3	[2 5]
719
476
448
734	3	[4 7]
728
919
089
474
525
444
560
745
537	3	[5 7]
756
352	3	[2 5]
292
646
399	3	[9 9]
057
170
393	3	[3 9]
335	3	[3 5]
543	3	[4 5]
276
037	3	[0 7]
124
042
879
167
747
558
412
441
655
006
983	3	[8 9]
918
925
006
590
195
068
243	3	[2 4]
987
042
116
599
481
322	3	[2 2]
108
009
523	3	[2 5]
937	3	[7 9]
156
598
483	3	[4 8]
321	3	[1 2]
242
319	3	[1 9]
649
174
258
621
532	3	[2 5]
441
587
083	3	[0 8]
179
549
353	3	[3 5]
583	3	[5 8]
410
771
567
036	3	[0 6]
125
391	3	[1 9]
971
014
859
596
471
391	3	[1 9]
496
954
707
406
605
681
830	3	[0 8]
707
174
855
682
400
894
896
091
292
590
895
617
317	3	[1 7]
236	3	[2 6]
984
826
613	3	[1 6]
734	3	[4 7]
103	3	[0 1]
273	3	[2 7]
713	3	[1 7]
238	3	[2 8]
678
218
451
141
157
017
283	3	[2 8]
684
676
857
732	3	[2 7]
059
099
928
578
736	3	[6 7]
455
387	3	[7 8]
380	3	[0 8]
519
262
923	3	[2 9]
427
255
442
458
096
376	3	[6 7]
017
246
045
481
384	3	[4 8]
205
658
199
708
459
979
019
931	3	[1 9]
942
995
237	3	[2 7]
481
018
474
204
347	3	[4 7]
700
119
836	3	[6 8]
508
225
775
740
374	3	[4 7]
148
979
008
276
887
507
745
501
622
776
474
898
016
048
116
277
987
661
444
205
524
902
777
346	3	[4 6]
721
003	3	[0 0]
438	3	[4 8]
632	3	[2 6]
680
477
665
450
428
554
485
069
038	3	[0 8]
397	3	[7 9]
697
367	3	[6 7]
707
326	3	[2 6]
207
648
272
141
780
399	3	[9 9]
526
375	3	[5 7]
636	3	[6 6]
166
589
740
106
733	3	[3 7]
189
313	3	[1 3]
845
274
760
691
409
091
590
075
886
734	3	[4 7]
320	3	[0 2]
641
523	3	[2 5]
744
609
068
399	3	[9 9]
584
912
216
888
145
536	3	[5 6]
017
848
927
362	3	[2 6]
305	3	[0 5]
085
420
279
334	3	[3 4]
177
625
235	3	[2 5]
762
372	3	[2 7]
290
305	3	[0 5]
455
215
641
276
285
243	3	[2 4]
024
348	3	[4 8]
565
423	3	[2 4]
860
693	3	[6 9]
346	3	[4 6]
532	3	[2 5]
353	3	[3 5]
307	3	[0 7]
176
723	3	[2 7]
299
876
991
978
157
878
558
554
424
615
481
423	3	[2 4]
425
948
533	3	[3 5]
474
339	3	[3 9]
177
056
578
380	3	[0 8]
441
404
789
216
582
503	3	[0 5]
797
327	3	[2 7]
340	3	[0 4]
647
230	3	[0 2]
600
174
727
169
206
071
904
529
062
604
770
497
626
653	3	[5 6]
867
750
803	3	[0 8]
804
539	3	[5 9]
550
705
325	3	[2 5]
229
444
481
023	3	[0 2]
990
308	3	[0 8]
771
869
990
117
479
025
911
771
595
135	3	[1 5]
852
680
935	3	[5 9]
076
038	3	[0 8]
396	3	[6 9]
842
617
798
075
093	3	[0 9]
584
481
292
431	3	[1 4]
707
290
251
626
985
780
825
510
110
121
035	3	[0 5]
716
230	3	[0 2]
479
592
289
609
980
199
502
773	3	[7 7]
560
540
303	3	[0 3]
933	3	[3 9]
983	3	[8 9]
297
132	3	[1 2]
208
409
004
478
130	3	[0 1]
058
995
521
310	3	[0 1]
648
468
920
609
749
773	3	[7 7]
125
754
538	3	[5 8]
459
334	3	[3 4]
894
396	3	[6 9]
340	3	[0 4]
092
360	3	[0 6]
393	3	[3 9]
514
176
236	3	[2 6]
077
366	3	[6 6]
686
883	3	[8 8]
156
132	3	[1 2]
259
220
171
018
499
506
100
239	3	[2 9]
284
161
674
813	3	[1 8]
260
176
314	3	[1 4]
499
529
008
203	3	[0 2]
032	3	[0 2]
266
522
482
176
921
479
632	3	[2 6]
083	3	[0 8]
043	3	[0 4]
959
498
537	3	[5 7]
746
885
389	3	[8 9]
058
663	3	[6 6]
956
791
037	3	[0 7]
234	3	[2 4]
598
181
349	3	[4 9]
844
640
231	3	[1 2]
176
783	3	[7 8]
852
204
871
054
959
323	3	[2 3]
619
378	3	[7 8]
483	3	[4 8]
783	3	[7 8]
917
535	3	[5 5]
115
182
376	3	[6 7]
501
280
482
630	3	[0 6]
448
247
023	3	[0 2]
009
053	3	[0 5]
125
470
717
254
986
706
961
686
160
451
235	3	[2 5]
272
820
885
111
916
893	3	[8 9]
246
913	3	[1 9]
030	3	[0 0]
133	3	[1 3]
145
915
923	3	[2 9]
957
065
150
680
148
248
140
862
435	3	[4 5]
078
568
019
848
059
256
166
244
852
687
173	3	[1 7]
274
944
747
058
583	3	[5 8]
404
578
133	3	[1 3]
005
282
087
651
731	3	[1 7]
845
473	3	[4 7]
190
522
468
949
452
533	3	[3 5]
741
369	3	[6 9]
850
412
264
337	3	[3 7]
161
897
915
531	3	[1 5]
328	3	[2 8]
241
987
434	3	[4 4]
132	3	[1 2]
091
332	3	[2 3]
675
742
182
759
945
228
432	3	[2 4]
676
869
483	3	[4 8]
412
135	3	[1 5]
380	3	[0 8]
518
536	3	[5 6]
783	3	[7 8]
710
959
632	3	[2 6]
837	3	[7 8]
372	3	[2 7]
214
689
011
937	3	[7 9]
581
033	3	[0 3]
778
900
352	3	[2 5]
437	3	[4 7]
833	3	[3 8]
886
311	3	[1 1]
723	3	[2 7]
831	3	[1 8]
158
625
422
412
102
607
068
975
664
492
970
587
554
369	3	[6 9]
488
072
191
601
162
614
354	3	[4 5]
310	3	[0 1]
736	3	[6 7]
119
880
663	3	[6 6]
061
500
537	3	[5 7]
020
434	3	[4 4]
284
929
642
954
879
800
658
776
480
772
374	3	[4 7]
525
332	3	[2 3]
241
129
929
817
646
747
646
186
375	3	[5 7]
697
077
911
473	3	[4 7]
352	3	[2 5]
155
135	3	[1 5]
588
580
486
869
504
450
355	3	[5 5]
473	3	[4 7]
233	3	[2 3]
466
049
162
762
585
537	3	[5 7]
253	3	[2 5]
805
886
792
336	3	[3 6]
305	3	[0 5]
081
596
918
768
930	3	[0 9]
627
129
149
705
765
048
008
984
777
320	3	[0 2]
513	3	[1 5]
533	3	[3 5]
917
490
363	3	[3 6]
002
961
417
178
454
910
703	3	[0 7]
358	3	[5 8]
264
084
597
975
386	3	[6 8]
800
586
433	3	[3 4]
334	3	[3 4]
169
927
782
413	3	[1 4]
559
934	3	[4 9]
651
356	3	[5 6]
535	3	[5 5]
372	3	[2 7]
083	3	[0 8]
208
862
098
989
231	3	[1 2]
445
503	3	[0 5]
976
523	3	[2 5]
645
048
771
623	3	[2 6]
396	3	[6 9]
706
355	3	[5 5]
811
982
964
975
683	3	[6 8]
867
914
716
928
745
882
053	3	[0 5]
860
825
136	3	[1 6]
983	3	[8 9]
308	3	[0 8]
250
091
921
388	3	[8 8]
493	3	[4 9]
056
383	3	[3 8]
640
896
019
912
050
214
189
447
512
318	3	[1 8]
615
882
889
684
667
448
323	3	[2 3]
486
900
657
849
890
170
135	3	[1 5]
111
160
113	3	[1 1]
055
463	3	[4 6]
659
388	3	[8 8]
860
410
798
973	3	[7 9]
529
523	3	[2 5]
925
644
709
396	3	[6 9]
507
669
703	3	[0 7]
394	3	[4 9]
956
027
997
465
786
027
040
372	3	[2 7]
963	3	[6 9]
256
799
231	3	[1 2]
990
734	3	[4 7]
113	3	[1 1]
254
387	3	[7 8]
346	3	[4 6]
626
844
108
035	3	[0 5]
461
610
757
573	3	[5 7]
009
696
896
571
186
588
426
164
625
193	3	[1 9]
049
585
626
514
374	3	[4 7]
177
691
374	3	[4 7]
366	3	[6 6]
990
015
192
573	3	[5 7]
200
590
071
967
006
383	3	[3 8]
881
441
013	3	[0 1]
831	3	[1 8]
367	3	[6 7]
769
593	3	[5 9]
517
119
482
447
788
621
541
058
841
481
817
030	3	[0 0]
037	3	[0 7]
242
995
758
586
369	3	[6 9]
511
527
932	3	[2 9]
925
517
615
234	3	[2 4]
796
368	3	[6 8]
482
263	3	[2 6]
864
733	3	[3 7]
400
014
094
867
186
082
448
039	3	[0 9]
875
356	3	[5 6]
856
835	3	[5 8]
724
686
933	3	[3 9]
173	3	[1 7]
181
543	3	[4 5]
386	3	[6 8]
707
250
367	3	[6 7]
765
965
199
765
616
849
136	3	[1 6]
586
797
998
562
479
523	3	[2 5]
905
423	3	[2 4]
973	3	[7 9]
346	3	[4 6]
185
166
352	3	[2 5]
377	3	[7 7]
489
146
728
022
204
156
548
376	3	[6 7]
318	3	[1 8]
834	3	[4 8]
249
258
098
888
363	3	[3 6]
444
693	3	[6 9]
318	3	[1 8]
260
705
390	3	[0 9]
029
376	3	[6 7]
975
142
172
921
811
871
223	3	[2 2]
171
123	3	[1 2]
289
758
853	3	[5 8]
687
058
482
646
392	3	[2 9]
077
114
663	3	[6 6]
608
434	3	[4 4]
132	3	[1 2]
514
166
952
921
946
080
253	3	[2 5]
215
916
095
638	3	[6 8]
332	3	[2 3]
881
234	3	[2 4]
488
892
265
972
860
787
220
091
219
672
455
187
294
469
121
807
788
470
097
547
171
706
763	3	[6 7]
761
742
640
275
975
041
199
048
931	3	[1 9]
221
772
965
039	3	[0 9]
607
359	3	[5 9]
560
830	3	[0 8]
811
086
416
564
528
608
024
169
939	3	[9 9]
322	3	[2 2]
437	3	[4 7]
735	3	[5 7]
222
127
715
291
242
479
720
553	3	[5 5]
115
626
074
588
783	3	[7 8]
302	3	[0 2]
009
987
724
633	3	[3 6]
356	3	[5 6]
583	3	[5 8]
655
161
516
525
220
102
590
262
539	3	[5 9]
047
143	3	[1 4]
069
322	3	[2 2]
146
450
643	3	[4 6]
382	3	[2 8]
967
309	3	[0 9]
533	3	[3 5]
730	3	[0 7]
179
472
239	3	[2 9]
449
171
628
688
230	3	[0 2]
508
197
540
527
542
775
509
786
569
226
879
341	3	[1 4]
680
811
897
698
877
433	3	[3 4]
261
979
396	3	[6 9]
111
548
382	3	[2 8]
532	3	[2 5]
203	3	[0 2]
292
526
770
749
438	3	[4 8]
519
510
577
024
641
268
033	3	[0 3]
569
475
607
646
242
833	3	[3 8]
570
812
858
680
438	3	[4 8]
071
984
941
231	3	[1 2]
113	3	[1 1]
949
866
274
061
122
432	3	[2 4]
209
465
414
861
337	3	[3 7]
257
126
595
241
235	3	[2 5]
185
972
208
814
681
713	3	[1 7]
955
091
552
935	3	[5 9]
324	3	[2 4]
499
519
109
075
665
575
958
175
636	3	[6 6]
666
876
262
634	3	[4 6]
756
659
197
817
045
265
119
204
054
997
841
977
740
847
185
805
903	3	[0 9]
163	3	[1 6]
847
536	3	[5 6]
697
411
742
611
414
952
383	3	[3 8]
160
780
539	3	[5 9]
422
962
888
959
371	3	[1 7]
846
140
492
653	3	[5 6]
504
851
956
397	3	[7 9]
022
391	3	[1 9]
976
860
864
541
154
144
507
192
847
756
272
044
472
407
779
125
609
185
958
265
591
722
807
353	3	[3 5]
589
272
051
438	3	[4 8]
421
637	3	[6 7]
118
557
057
670
199
209
229
782
825
855
899
710
001
904
809
503	3	[0 5]
538	3	[5 8]
220
737	3	[7 7]
427
562
019
089
630	3	[0 6]
244
071
117
824
383	3	[3 8]
389	3	[8 9]
964
970
368	3	[6 8]
794
307	3	[0 7]
466
892
482
853	3	[5 8]
264
967
549
904
362	3	[2 6]
475
388	3	[8 8]
287
186
800
795
506
797
921
681
844
147
621
833	3	[3 8]
475
557
908
739	3	[7 9]
037	3	[0 7]
479
311	3	[1 1]
731	3	[1 7]
366	3	[6 6]
612
571
430	3	[0 4]
210
328	3	[2 8]
283	3	[2 8]
658
204
578
671
720
405
858
680
241
162
379	3	[7 9]
403	3	[0 4]
787
594
462
415
456
368	3	[6 8]
114
152
121
956
984
853	3	[5 8]
777
594
310	3	[0 1]
105
538	3	[5 8]
553	3	[5 5]
491
199
804
779
104
775
121
492
171
004
509
195
760
271
882
052
845
871
679
575
541
392	3	[2 9]
252
602
569
707
634	3	[4 6]
952
904
924
018
342	3	[2 4]
022
983	3	[8 9]
486
978
864
599
414
329	3	[2 9]
584
890
022
940
411
207
377	3	[7 7]
639	3	[6 9]
744
435	3	[4 5]
363	3	[3 6]
268
272
651
053	3	[0 5]
781
078
967
961
490
162
770
179
965
218
925
251
795
741
330	3	[0 3]
510
053	3	[0 5]
584
367	3	[6 7]
804
470
629
268
958
238	3	[2 8]
464
923	3	[2 9]
241
845
386	3	[6 8]
625
677
919
836	3	[6 8]
096
312	3	[1 2]
330	3	[0 3]
549
766
160
473	3	[4 7]
328	3	[2 8]
926
841
730	3	[0 7]
959
564
047
886
752
027
085
620
737	3	[7 7]
529
170
869
996
807
818
386	3	[6 8]
619
468
926
402
453	3	[4 5]
134	3	[1 4]
790
640
790
052
632	3	[2 6]
820
525
403	3	[0 4]
126
150
139	3	[1 9]
601
513	3	[1 5]
368	3	[6 8]
059
253	3	[2 5]
887
907
460
692
535	3	[5 5]
001
811
835	3	[5 8]
648
387	3	[7 8]
827
204
113	3	[1 1]
945
368	3	[6 8]
504
678
133	3	[1 3]
054
042
567
977
246
737	3	[7 7]
413	3	[1 4]
184
827
794
301	3	[0 1]
339	3	[3 9]
263	3	[2 6]
323	3	[2 3]
232	3	[2 2]
811
871
753	3	[5 7]
506
760
628
250
819
548
976
516
411
430	3	[0 4]
541
594
559
170
888
740
776
918
097
987
681
720
138	3	[1 8]
006
659
417
183	3	[1 8]
033	3	[0 3]
363	3	[3 6]
880
765
410
573	3	[5 7]
527
396	3	[6 9]
048
127
626
237	3	[2 7]
864
678
402
831	3	[1 8]
967
389	3	[8 9]
611
661
032	3	[0 2]
892
551
066
139	3	[1 9]
415
246
422
934	3	[4 9]
323	3	[2 3]
288
204
124
624
306	3	[0 6]
478
869
237	3	[2 7]
254
231	3	[1 2]
589
713	3	[1 7]
993	3	[9 9]
339	3	[3 9]
254
520
886
905
453	3	[4 5]
462
011
408
754
495
470
534	3	[4 5]
896
696
001
565
468
101
760
947
337	3	[3 7]
640
201
152
732	3	[2 7]
353	3	[3 5]
833	3	[3 8]
162
800
606
266
627
380	3	[0 8]
992
458
023	3	[0 2]
491
028
317	3	[1 7]
287
198
872
835	3	[5 8]
460
648
602
015
162
421
421
444
623	3	[2 6]
638	3	[6 8]
731	3	[1 7]
965
740
825
824
408
947
156
752
169
666
952
294
397	3	[7 9]
170
739	3	[7 9]
336	3	[3 6]
163	3	[1 6]
505
023	3	[0 2]
114
810
876
385	3	[5 8]
440
943	3	[4 9]
036	3	[0 6]
976
783	3	[7 8]
816
616
546
660
611
682
939	3	[9 9]
783	3	[7 8]
680
682
937	3	[7 9]
017
318	3	[1 8]
849
526
102
725
497
700
220
396	3	[6 9]
749
653	3	[5 6]
923	3	[2 9]
825
787
657
163	3	[1 6]
043	3	[0 4]
331	3	[1 3]
663	3	[6 6]
374	3	[4 7]
421
583	3	[5 8]
970
184
073	3	[0 7]
499
902
410
425
425
446
156
887
351	3	[1 5]
439	3	[4 9]
280
536	3	[5 6]
184
224
176
426
088
631	3	[1 6]
012
083	3	[0 8]
721
223	3	[2 2]
287
379	3	[7 9]
356	3	[5 6]
597
661
264
998
507
971
371	3	[1 7]
748
987
839	3	[8 9]
709
518
352	3	[2 5]
809
364	3	[4 6]
637	3	[6 7]
088
279
278
286
895
241
022
287
839	3	[8 9]
419
211
474
025
814
167
845
651
751
315	3	[1 5]
595
124
228
359	3	[5 9]
639	3	[6 9]
416
013	3	[0 1]
133	3	[1 3]
714
773	3	[7 7]
788
153	3	[1 5]
426
833	3	[3 8]
350	3	[0 5]
749
868
346	3	[4 6]
277
995
542
782
216
045
582
670
260
534	3	[4 5]
217
426
535	3	[5 5]
975
955
933	3	[3 9]
462
817
064
933	3	[3 9]
976
156
077
148
433	3	[3 4]
980
058
964
440
812
176
665
272
552
886
601
760
997
414
988
056
223	3	[2 2]
803	3	[0 8]
211
838	3	[8 8]
386	3	[6 8]
004
940
773	3	[7 7]
522
960
554
878
268
228
213	3	[1 2]
046
860
033	3	[0 3]
926
910
896
957
346	3	[4 6]
832	3	[2 8]
591
786
884
455
050
333	3	[3 3]
777
987
613	3	[1 6]
679
688
191
186
546
833	3	[3 8]
708
302	3	[0 2]
830	3	[0 8]
143	3	[1 4]
037	3	[0 7]
090
142
158
025
825
998
230	3	[0 2]
668
817
568
991
739	3	[7 9]
526
032	3	[0 2]
871
675
612
741
591
414
794
269
877
715
389	3	[8 9]
225
193	3	[1 9]
249
660
754
436	3	[4 6]
272
714
771
148
361	3	[1 6]
654
660
825
957
819
755
303	3	[0 3]
357	3	[5 7]
839	3	[8 9]
689
762
913	3	[1 9]
354	3	[4 5]
546
985
824
948
132	3	[1 2]
713	3	[1 7]
549
959
719
296
975
257
198
651
195
221
704
596
651
754
637	3	[6 7]
367	3	[6 7]
163	3	[1 6]
173	3	[1 7]
217
784
470
531	3	[1 5]
573	3	[5 7]
557
723	3	[2 7]
461
790
013	3	[0 1]
805
839	3	[8 9]
443	3	[4 4]
036	3	[0 6]
850
157
858
696
972
041
307	3	[0 7]
170
129
466
001
419
372	3	[2 7]
560
548
362	3	[2 6]
341	3	[1 4]
199
155
230	3	[0 2]
357	3	[5 7]
813	3	[1 8]
423	3	[2 4]
697
119
238	3	[2 8]
652
214
661
405
943	3	[4 9]
898
532	3	[2 5]
097
637	3	[6 7]
344	3	[4 4]
681
777
287
129
615
047
616
058
076
302	3	[0 2]
063	3	[0 6]
376	3	[6 7]
435	3	[4 5]
691
778
278
094
992
955
044
020
847
479
762
121
063	3	[0 6]
332	3	[2 3]
271
158
644
014
738	3	[7 8]
829
684
876
159
886
688
011
259
115
740
525
838	3	[8 8]
132	3	[1 2]
856
778
201
169
409
915
481
415
299
619
989
361	3	[1 6]
915
285
187
227
784
884
950
603	3	[0 6]
585
688
035	3	[0 5]
221
301	3	[0 1]
272
108
253	3	[2 5]
245
666
975
724
704
766
834	3	[4 8]
019
628
364	3	[4 6]
935	3	[5 9]
154
426
367	3	[6 7]
411
877
793	3	[7 9]
211
941
594
827
296
818
270
385	3	[5 8]
779
989
436	3	[4 6]
280
628
213	3	[1 2]
320	3	[0 2]
382	3	[2 8]
397	3	[7 9]
671
500
300	3	[0 0]
804
048
834	3	[4 8]
431	3	[1 4]
572
384	3	[4 8]
345	3	[4 5]
900
793	3	[7 9]
719
040
143	3	[1 4]
773	3	[7 7]
582
422
341	3	[1 4]
747
617
350	3	[0 5]
618
787
388	3	[8 8]
735	3	[5 7]
751
833	3	[3 8]
465
689
481
244
310	3	[0 1]
009
347	3	[4 7]
906
138	3	[1 8]
028
026
369	3	[6 9]
976
569
669
503	3	[0 5]
384	3	[4 8]
941
604
615
514
338	3	[3 8]
045
769
685
152
107
598
262
219
155
480
620
208
867
402
440
080
257
797
516
088
454
108
541
561
525
765
034	3	[0 4]
611
283	3	[2 8]
376	3	[6 7]
723	3	[2 7]
302	3	[0 2]
177
510
069
623	3	[2 6]
204
458
940
693	3	[6 9]
358	3	[5 8]
973	3	[7 9]
945
486
707
330	3	[0 3]
035	3	[0 5]
878
066
147
302	3	[0 2]
518
568
463	3	[4 6]
657
208
137	3	[1 7]
109
394	3	[4 9]
669
569
722
044
282
976
694
178
302	3	[0 2]
292
898
131	3	[1 1]
913	3	[1 9]
059
471
468
318	3	[1 8]
837	3	[7 8]
544
246
786
657
944
901
129
032	3	[0 2]
315	3	[1 5]
090
212
119
972
608
807
047
826
307	3	[0 7]
955
035	3	[0 5]
301	3	[0 1]
790
474
124
021
271
688
317	3	[1 7]
303	3	[0 3]
566
331	3	[1 3]
908
561
963	3	[6 9]
078
726
002
757
933	3	[3 9]
916
700
554
636	3	[6 6]
187
258
378	3	[7 8]
944
498
291
519
478
414
150
474
131	3	[1 1]
361	3	[1 6]
150
146
716
750
982
063	3	[0 6]
093	3	[0 9]
471
318	3	[1 8]
923	3	[2 9]
513	3	[1 5]
918
359	3	[5 9]
655
057
652
299
402
975
229
573	3	[5 7]
630	3	[0 6]
016
381	3	[1 8]
167
549
072
917
771
726
159
643	3	[4 6]
877
031	3	[0 1]
115
170
553	3	[5 5]
536	3	[5 6]
492
674
243	3	[2 4]
928
466
763	3	[6 7]
920
982
188
564
244
474
373	3	[3 7]
376	3	[6 7]
272
186
268
040
679
767
999
750
910
594
420
472
439	3	[4 9]
606
278
164
057
320	3	[0 2]
810
449
414
676
544
591
175
730	3	[0 7]
654
420
047
691
480
971
465
789
916
675
300	3	[0 0]
989
957
106
969
373	3	[3 7]
223	3	[2 2]
331	3	[1 3]
026
488
756
324	3	[2 4]
461
095
121
703	3	[0 7]
468
746
598
397	3	[7 9]
667
098
071
802
794
372	3	[2 7]
163	3	[1 6]
960
588
877
169
026
570
057
619
068
080
702
552
820
387	3	[7 8]
551
252
237	3	[2 7]
744
443	3	[4 4]
275
682
571
069
151
661
491
000
706
898
235	3	[2 5]
201
260
367	3	[6 7]
696
798
481
853	3	[5 8]
127
392	3	[2 9]
722
805
264
324	3	[2 4]
915
139	3	[1 9]
170
335	3	[3 5]
313	3	[1 3]
480
497
580
711
860
972
631	3	[1 6]
986
944
478
447
825
871
664
518
171
679
995
159
214
923	3	[2 9]
511
338	3	[3 8]
008
884
933	3	[3 9]
469
637	3	[6 7]
001
838	3	[8 8]
459
133	3	[1 3]
733	3	[3 7]
235	3	[2 5]
175
160
495
748
563	3	[5 6]
713	3	[1 7]
519
859
947
130	3	[0 1]
359	3	[5 9]
384	3	[4 8]
849
111
639	3	[6 9]
062
369	3	[6 9]
191
124
908
583	3	[5 8]
646
183	3	[1 8]
825
956
862
734	3	[4 7]
213	3	[1 2]
397	3	[7 9]
042
372	3	[2 7]
446
910
971
859
584
823	3	[2 8]
986
657
798
636	3	[6 6]
305	3	[0 5]
845
939	3	[9 9]
886
936	3	[6 9]
426
307	3	[0 7]
684
543	3	[4 5]
194
001
480
215
743	3	[4 7]
445
132	3	[1 2]
618
394	3	[4 9]
626
507
074
318	3	[1 8]
711
051
601
879
860
155
106
980
046
847
217
379	3	[7 9]
038	3	[0 8]
867
096
160
874
257
079
936	3	[6 9]
609
272
676
654
255
099
528
199
580
283	3	[2 8]
124
463	3	[4 6]
047
853	3	[5 8]
856
750
989
173	3	[1 7]
889
654
296
721
969
717
197
582
418
138	3	[1 8]
204
187
657
757
761
745
845
708
875
035	3	[0 5]
977
737	3	[7 7]
879
160
221
204
449
282
137	3	[1 7]
211
731	3	[1 7]
802
871
276
709
389	3	[8 9]
775
699
273	3	[2 7]
824
440
676
389	3	[8 9]
021
343	3	[3 4]
706
200
366	3	[6 6]
264
407
925
949
434	3	[4 4]
182
709
426
043	3	[0 4]
862
103	3	[0 1]
697
386	3	[6 8]
126
427
031	3	[0 1]
224
986
638	3	[6 8]
108
776
249
314	3	[1 4]
448
615
519
389	3	[8 9]
826
852
113	3	[1 1]
425
520
996
157
786
414
944
176
538	3	[5 8]
711
982
837	3	[7 8]
690
657
864
098
061
041
969
925
247
941
492
050
744
475
806
525
737	3	[7 7]
563	3	[5 6]
332	3	[2 3]
658
076
948
317	3	[1 7]
658
248
458
060
603	3	[0 6]
672
529
584
487
255
063	3	[0 6]
749
993	3	[9 9]
354	3	[4 5]
048
616
282
885
057
968
481
191
905
756
437	3	[4 7]
025
245
822
009
915
684
699
587
032	3	[0 2]
064
975
292
399	3	[9 9]
047
051
251
229
389	3	[8 9]
943	3	[4 9]
542
405
510
185
861
415
097
952
447
078
433	3	[3 4]
325	3	[2 5]
184
608
552
873	3	[7 8]
744
463	3	[4 6]
912
835	3	[5 8]
757
345	3	[4 5]
357	3	[5 7]
288
066
860
235	3	[2 5]
662
066
514
705
245
816
658
012
875
178
429
049
845
324	3	[2 4]
547
847
953	3	[5 9]
099
523	3	[2 5]
678
724
103	3	[0 1]
497
193	3	[1 9]
560
562
785
886
283	3	[2 8]
334	3	[3 4]
545
932	3	[2 9]
226
106
800
443	3	[4 4]
481
314	3	[1 4]
987
650
312	3	[1 2]
767
974
193	3	[1 9]
226
082
564
810
964
847
898
452
607
346	3	[4 6]
866
256
147
039	3	[0 9]
418
755
306	3	[0 6]
714
407
011
297
452
684
429
558
378	3	[7 8]
818
419
798
676
189
346	3	[4 6]
616
591
678
203	3	[0 2]
034	3	[0 4]
248
023	3	[0 2]
142
131	3	[1 1]
192
281
428
720
326	3	[2 6]
220
744
113	3	[1 1]
209
812
568
328	3	[2 8]
200
704
763	3	[6 7]
847
368	3	[6 8]
130	3	[0 1]
271
837	3	[7 8]
618
598
611
267
325	3	[2 5]
665
091
303	3	[0 3]
807
420
607
023	3	[0 2]
411
021
006
597
471
218
528
286
595
889
959
586
055
865
322	3	[2 2]
464
780
943	3	[4 9]
104
780
863	3	[6 8]
206
356	3	[5 6]
998
856
291
106
322	3	[2 2]
477
358	3	[5 8]
932	3	[2 9]
699
850
794
130	3	[0 1]
153	3	[1 5]
459
918
062
603	3	[0 6]
925
134	3	[1 4]
538	3	[5 8]
608
451
157
607
923	3	[2 9]
489
989
715
182
320	3	[0 2]
460
230	3	[0 2]
557
441
052
209
944
791
418
062
969
989
453	3	[4 5]
791
269
615
605
284
586
104
103	3	[0 1]
486
014
153	3	[1 5]
077
818
107
774
169
081
720
513	3	[1 5]
389	3	[8 9]
613	3	[1 6]
363	3	[3 6]
624
277
860
994
330	3	[0 3]
481
380	3	[0 8]
826
752
030	3	[0 0]
649
433	3	[3 4]
638	3	[6 8]
261
213	3	[1 2]
471
858
778
644
081
835	3	[5 8]
119
947
055
893	3	[8 9]
769
218
161
921
651
982
432	3	[2 4]
858
138	3	[1 8]
723	3	[2 7]
808
205
207
884
973	3	[7 9]
325	3	[2 5]
143	3	[1 4]
398	3	[8 9]
672
698
232	3	[2 2]
256
924
039	3	[0 9]
270
971
623	3	[2 6]
264
615
480
108
666
768
245
703	3	[0 7]
368	3	[6 8]
677
482
386	3	[6 8]
225
221
312	3	[1 2]
352	3	[2 5]
433	3	[3 4]
743	3	[4 7]
623	3	[2 6]
606
943	3	[4 9]
444
675
187
830	3	[0 8]
662
654
588
558
249
966
115
776
496
183	3	[1 8]
508
309	3	[0 9]
791
475
511
396	3	[6 9]
099
708
590
498
980
941
528
936	3	[6 9]
954
832	3	[2 8]
230	3	[0 2]
968
793	3	[7 9]
868
369	3	[6 9]
807
294
049
944
998
690
133	3	[1 3]
956
959
530	3	[0 5]
314	3	[1 4]
842
317	3	[1 7]
421
037	3	[0 7]
715
128
933	3	[3 9]
119
550
096
260
232	3	[2 2]
941
553	3	[5 5]
606
876
891
864
889
070
420
225
880
936	3	[6 9]
958
714
010
919
333	3	[3 3]
885
074
171
343	3	[3 4]
184
244
627
742
134	3	[1 4]
324	3	[2 4]
710
913	3	[1 9]
352	3	[2 5]
455
532	3	[2 5]
804
928
506
910
492
116
222
873	3	[7 8]
860
546
067
553	3	[5 5]
233	3	[2 3]
496
312	3	[1 2]
082
781
266
713	3	[1 7]
865
927
504
657
083	3	[0 8]
716
610
631	3	[1 6]
771
399	3	[9 9]
659
263	3	[2 6]
948
480
639	3	[6 9]
220
364	3	[4 6]
916
230	3	[0 2]
421
483	3	[4 8]
611
177
313	3	[1 3]
769
605
738	3	[7 8]
668
647
429
489
086
053	3	[0 5]
116
707
148
100
101
833	3	[3 8]
096
475
502
802
291
816
998
113	3	[1 1]
450
580
419
425
257
249
701
736	3	[6 7]
075
664
759
693	3	[6 9]
223	3	[2 2]
128
004
748
524
778
532	3	[2 5]
313	3	[1 3]
111
392	3	[2 9]
996
037	3	[0 7]
865
462
338	3	[3 8]
526
360	3	[0 6]
040
666
116
881
116
804
279
150
615
565
083	3	[0 8]
417
212
790
039	3	[0 9]
895
642
342	3	[2 4]
252
612
716
273	3	[2 7]
825
077
789
611
507
168
708
703	3	[0 7]
863	3	[6 8]
144
013	3	[0 1]
320	3	[0 2]
957
861
999
159
404
742
958
063	3	[0 6]
528
753	3	[5 7]
479
619
254
150
091
200
288
703	3	[0 7]
046
478
541
108
143	3	[1 4]
361	3	[1 6]
636	3	[6 6]
972
890
590
376	3	[6 7]
654
656
817
933	3	[3 9]
303	3	[0 3]
730	3	[0 7]
821
442
540
735	3	[5 7]
814
563	3	[5 6]
605
074
232	3	[2 2]
371	3	[1 7]
691
439	3	[4 9]
530	3	[0 5]
745
845
699
792
111
635	3	[5 6]
246
173	3	[1 7]
574
321	3	[1 2]
800
271
126
111
184
151
019
262
308	3	[0 8]
889
360	3	[0 6]
662
597
181
573	3	[5 7]
360	3	[0 6]
521
449
716
884
203	3	[0 2]
221
401
051
953	3	[5 9]
161
290
367	3	[6 7]
187
072
655
197
309	3	[0 9]
553	3	[5 5]
580
384	3	[4 8]
634	3	[4 6]
197
206
753	3	[5 7]
914
064
918
435	3	[4 5]
671
302	3	[0 2]
850
486
348	3	[4 8]
075
526
445
760
777
395	3	[5 9]
542
276
629
529
118
409
288
372	3	[2 7]
565
261
789
320	3	[0 2]
367	3	[6 7]
975
301	3	[0 1]
593	3	[5 9]
106
043	3	[0 4]
120
816
962
967
571
704
710
008
004
286
556
581
674
203	3	[0 2]
200
527
541
883	3	[8 8]
679
441
931	3	[1 9]
905
327	3	[2 7]
691
104
621
324	3	[2 4]
039	3	[0 9]
971
027
301	3	[0 1]
797
476
307	3	[0 7]
033	3	[0 3]
867
768
550
205
023	3	[0 2]
344	3	[4 4]
729
739	3	[7 9]
212
390	3	[0 9]
350	3	[0 5]
200
511
741
222
941
841
823	3	[2 8]
301	3	[0 1]
151
805
908
755
067
905
720
211
534	3	[4 5]
241
539	3	[5 9]
150
079
811
658
753	3	[5 7]
595
613	3	[1 6]
883	3	[8 8]
174
954
751
414
961
381	3	[1 8]
393	3	[3 9]
710
608
985
211
392	3	[2 9]
555
255
315	3	[1 5]
950
431	3	[1 4]
230	3	[0 2]
067
842
438	3	[4 8]
976
217
668
988
202
688
428
014
508
589
518
282
374	3	[4 7]
928
761
676
873	3	[7 8]
559
374	3	[4 7]
616
173	3	[1 7]
224
993	3	[9 9]
125
627
786
536	3	[5 6]
832	3	[2 8]
994
026
657
606
814
327	3	[2 7]
492
668
252
735	3	[5 7]
303	3	[0 3]
809
750
200
022
219
466
643	3	[4 6]
709
590
783	3	[7 8]
951
684
304	3	[0 4]
968
058
426
148
847
500
928
878
384	3	[4 8]
462
244
726
472
317	3	[1 7]
756
635	3	[5 6]
273	3	[2 7]
918
836	3	[6 8]
983	3	[8 9]
399	3	[9 9]
079
674
581
063	3	[0 6]
784
620
530	3	[0 5]
612
707
354	3	[4 5]
169
362	3	[2 6]
738	3	[7 8]
415
246
246
923	3	[2 9]
787
939	3	[9 9]
983	3	[8 9]
957
903	3	[0 9]
870
710
068
673	3	[6 7]
076
889
315	3	[1 5]
349	3	[4 9]
101
774
183	3	[1 8]
229
630	3	[0 6]
581
964
322	3	[2 2]
588
738	3	[7 8]
399	3	[9 9]
331	3	[1 3]
172
549
222
750
197
144
723	3	[2 7]
653	3	[5 6]
558
624
034	3	[0 4]
385	3	[5 8]
805
422
726
748
551
976
251
956
975
183	3	[1 8]
994
408
782
117
598
154
514
538	3	[5 8]
898
501
381	3	[1 8]
997
081
999
040
458
896
543	3	[4 5]
371	3	[1 7]
034	3	[0 4]
452
014
993	3	[9 9]
193	3	[1 9]
481
636	3	[6 6]
065
441
526
831	3	[1 8]
623	3	[2 6]
659
073	3	[0 7]
858
385	3	[5 8]
193	3	[1 9]
953	3	[5 9]
604
937	3	[7 9]
972
223	3	[2 2]
191
448
106
925
013	3	[0 1]
229
921
968
164
203	3	[0 2]
549
345	3	[4 5]
351	3	[1 5]
016
232	3	[2 2]
885
691
824
346	3	[4 6]
976
073	3	[0 7]
717
470
685
636	3	[6 6]
683	3	[6 8]
927
437	3	[4 7]
510
248
326	3	[2 6]
528
729
070
729
487
344	3	[4 4]
062
181
343	3	[3 4]
619
824
182
518
331	3	[1 3]
138	3	[1 8]
342	3	[2 4]
617
325	3	[2 5]
243	3	[2 4]
587
526
663	3	[6 6]
755
486
178
086
761
075
037	3	[0 7]
706
503	3	[0 5]
198
407
713	3	[1 7]
773	3	[7 7]
552
003	3	[0 0]
950
910
773	3	[7 7]
309	3	[0 9]
868
375	3	[5 7]
247
686
383	3	[3 8]
169
800
128
675
540
138	3	[1 8]
074
283	3	[2 8]
627
815
989
344	3	[4 4]
185
078
229
800
849
151
983	3	[8 9]
638	3	[6 8]
014
865
285
975
552
791
261
883	3	[8 8]
866
160
726
433	3	[3 4]
165
870
205
778
601
500
110
417
981
923	3	[2 9]
779
063	3	[0 6]
091
043	3	[0 4]
011
795
823	3	[2 8]
163	3	[1 6]
005
869
763	3	[6 7]
525
270
818
109
618
453	3	[4 5]
835	3	[5 8]
374	3	[4 7]
363	3	[3 6]
980
919
020
034	3	[0 4]
500
452
270
150
428
894
098
178
732	3	[2 7]
918
542
352	3	[2 5]
878
863	3	[6 8]
758
666
357	3	[5 7]
661
585
322	3	[2 2]
419
224
377	3	[7 7]
628
575
863	3	[6 8]
373	3	[3 7]
509
755
458
282
393	3	[3 9]
978
292
123	3	[1 2]
610
573	3	[5 7]
880
529
589
536	3	[5 6]
332	3	[2 3]
322	3	[2 2]
879
367	3	[6 7]
561
712
297
519
602
878
250
869
822
304	3	[0 4]
368	3	[6 8]
285
330	3	[0 3]
515
491
476
278
996
862
225
595
057
104
680
294
192
461
752
961
092
502
018
353	3	[3 5]
074
880
818
505
859
137	3	[1 7]
952
396	3	[6 9]
483	3	[4 8]
106
005
871
689
283	3	[2 8]
064
727
361	3	[1 6]
084
349	3	[4 9]
134	3	[1 4]
882
702
981
713	3	[1 7]
669
654
634	3	[4 6]
293	3	[2 9]
878
772
039	3	[0 9]
930	3	[0 9]
636	3	[6 6]
752
590
270
484
773	3	[7 7]
892
822
664
932	3	[2 9]
869
844
651
601
407
563	3	[5 6]
628
860
231	3	[1 2]
291
231	3	[1 2]
960
410
657
947
110
304	3	[0 4]
145
142
664
315	3	[1 5]
471
018
562
994
362	3	[2 6]
342	3	[2 4]
866
875
357	3	[5 7]
048
706
197
545
945
718
205
176
603	3	[0 6]
302	3	[0 2]
466
015
001
978
585
300	3	[0 0]
919
887
216
632	3	[2 6]
920
253	3	[2 5]
880
325	3	[2 5]
363	3	[3 6]
910
191
558
997
786
593	3	[5 9]
866
541
210
277
802
828
330	3	[0 3]
105
647
953	3	[5 9]
651
766
685
131	3	[1 1]
362	3	[2 6]
504
533	3	[3 5]
464
171
279
043	3	[0 4]
664
138	3	[1 8]
516
471
424
143	3	[1 4]
652
997
005
357	3	[5 7]
749
550
117
819
847
553	3	[5 5]
715
588
297
555
650
368	3	[6 8]
715
597
661
255
225
008
326	3	[2 6]
924
086
691
984
886
581
838	3	[8 8]
656
556
984
222
288
579
188
242
220
772
161
683	3	[6 8]
086
426
207
723	3	[2 7]
725
333	3	[3 3]
824
442
196
380	3	[0 8]
524
173	3	[1 7]
047
249
542
737	3	[7 7]
983	3	[8 9]
391	3	[1 9]
401
708
782
290
275
443	3	[4 4]
100
137	3	[1 7]
482
221
484
972
243	3	[2 4]
118
094
208
502
961
308	3	[0 8]
551
018
124
902
166
977
158
693	3	[6 9]
625
649
328	3	[2 8]
066
602
184
787
601
789
860
396	3	[6 9]
943	3	[4 9]
155
771
856
569
168
063	3	[0 6]
278
269
869
942
907
677
278
809
816
270
914
039	3	[0 9]
211
021
645
188
035	3	[0 5]
104
217
847
874
459
925
638	3	[6 8]
989
119
973	3	[7 9]
915
353	3	[3 5]
398	3	[8 9]
986
196
569
610
708
530	3	[0 5]
880
350	3	[0 5]
760
133	3	[1 3]
954
028
127
107
300	3	[0 0]
737	3	[7 7]
240
140
533	3	[3 5]
369	3	[6 9]
598
327	3	[2 7]
101
684
913	3	[1 9]
822
623	3	[2 6]
709
647
511
678
312	3	[1 2]
498
802
841
605
350	3	[0 5]
481
389	3	[8 9]
766
416
883	3	[8 8]
335	3	[3 5]
195
890
903	3	[0 9]
771
641
556
033	3	[0 3]
290
466
971
596
202
459
961
855
086
508
075
708
527
075
371	3	[1 7]
345	3	[4 5]
125
669
221
671
960
049
154
715
648
372	3	[2 7]
720
908
405
704
702
808
541
737	3	[7 7]
461
226
111
614
114
479
855
270
291
942
553	3	[5 5]
839	3	[8 9]
651
807
304	3	[0 4]
886
930	3	[0 9]
188
776
621
629
671
188
790
315	3	[1 5]
773	3	[7 7]
172
736	3	[6 7]
975
804
279
847
596
993	3	[9 9]
031	3	[0 1]
960
350	3	[0 5]
018
547
388	3	[8 8]
378	3	[7 8]
769
823	3	[2 8]
888
580
116
215
299
547
193	3	[1 9]
020
174
250
284
012
138	3	[1 8]
162
807
151
197
231	3	[1 2]
468
718
224
034	3	[0 4]
185
496
339	3	[3 9]
542
589
558
338	3	[3 8]
876
433	3	[3 4]
346	3	[4 6]
775
144
665
111
473	3	[4 7]
048
266
813	3	[1 8]
212
446
699
618
811
393	3	[3 9]
178
091
910
961
216
157
191
631	3	[1 6]
207
113	3	[1 1]
466
755
853	3	[5 8]
966
815
910
134	3	[1 4]
631	3	[1 6]
112
054
484
219
646
135	3	[1 5]
885
374	3	[4 7]
605
093	3	[0 9]
583	3	[5 8]
403	3	[0 4]
946
276
588
014
577
282
068
705
311	3	[1 1]
134	3	[1 4]
246
156
002
225
039	3	[0 9]
118
023	3	[0 2]
494
918
440
780
532	3	[2 5]
762
123	3	[1 2]
144
740
492
846
876
826
844
830	3	[0 8]
064
805
910
397	3	[7 9]
374	3	[4 7]
745
661
204
392	3	[2 9]
204
715
094
028
482
809
707
323	3	[2 3]
282
818
287
139	3	[1 9]
254
884
149
625
275
676
949
628
819
362	3	[2 6]
843	3	[4 8]
548
152
840
324	3	[2 4]
647
659
765
222
489
375	3	[5 7]
929
747
321	3	[1 2]
613	3	[1 6]
774
606
556
960
396	3	[6 9]
201
833	3	[3 8]
363	3	[3 6]
214
776
786
163	3	[1 6]
827
614
023	3	[0 2]
684
662
238	3	[2 8]
186
652
096
760
740
235	3	[2 5]
451
682
375	3	[5 7]
532	3	[2 5]
287
044
289
111
210
561
390	3	[0 9]
780
499
257
374	3	[4 7]
120
270
437	3	[4 7]
820
214
732	3	[2 7]
645
059
569
601
510
519
325	3	[2 5]
881
724
197
564
950
641
957
044
251
715
203	3	[0 2]
525
709
320	3	[0 2]
807
814
511
796
940
753	3	[5 7]
234	3	[2 4]
724
524
833	3	[3 8]
509
128
698
204
090
772
241
949
854
915
715
910
314	3	[1 4]
488
605
154
677
429
885
471
847
212
219
348	3	[4 8]
505
832	3	[2 8]
904
896
751
633	3	[3 6]
606
165
190
523	3	[2 5]
166
667
616
014
988
502
918
153	3	[1 5]
676
217
252
084
569
827
240
280
905
098
341	3	[1 4]
552
657
023	3	[0 2]
966
738	3	[7 8]
008
615
993	3	[9 9]
871
952
816
536	3	[5 6]
626
834	3	[4 8]
830	3	[0 8]
809
862
502
989
251
051
025
205
992
492
294
097
613	3	[1 6]
008
894
635	3	[5 6]
808
419
512
081
111
098
793	3	[7 9]
408
225
597
501
745
618
771
469
935	3	[5 9]
032	3	[0 2]
652
060
805
547
103	3	[0 1]
386	3	[6 8]
752
266
891
801
734	3	[4 7]
754
474
888
360	3	[0 6]
138	3	[1 8]
882
076
072
477
669
233	3	[2 3]
580
669
721
559
226
081
900
206
421
902
932	3	[2 9]
218
783	3	[7 8]
907
873	3	[7 8]
910
413	3	[1 4]
523	3	[2 5]
141
564
133	3	[1 3]
783	3	[7 8]
011
687
189
622
566
862
428
309	3	[0 9]
201
322	3	[2 2]
925
085
178
857
461
495
219
593	3	[5 9]
129
009
454
271
544
099
220
032	3	[0 2]
086
208
341	3	[1 4]
377	3	[7 7]
666
997
341	3	[1 4]
067
914
631	3	[1 6]
623	3	[2 6]
803	3	[0 8]
095
509
898
082
581
348	3	[4 8]
734	3	[4 7]
472
797
817
454
353	3	[3 5]
636	3	[6 6]
169
068
012
966
673	3	[6 7]
082
579
883	3	[8 8]
180
001
613	3	[1 6]
940
511
149
020
651
592
164
769
868
437	3	[4 7]
936	3	[6 9]
759
094
777
031	3	[0 1]
696
386	3	[6 8]
507
705
910
941
105
614
022
376	3	[6 7]
539	3	[5 9]
434	3	[4 4]
894
873	3	[7 8]
272
079
587
157
420
845
987
063	3	[0 6]
799
487
594
709
314	3	[1 4]
297
402
245
747
717
944
529
025
613	3	[1 6]
634	3	[4 6]
455
914
283	3	[2 8]
460
221
272
215
376	3	[6 7]
282
089
292
915
526
110
727
833	3	[3 8]
201
021
555
828
449
231	3	[1 2]
533	3	[3 5]
279
377	3	[7 7]
251
823	3	[2 8]
062
630	3	[0 6]
611
059
719
191
091
907
392	3	[2 9]
610
103	3	[0 1]
150
582
427
824
795
747
131	3	[1 1]
053	3	[0 5]
843	3	[4 8]
491
462
196
398	3	[8 9]
551
392	3	[2 9]
012
723	3	[2 7]
816
224
532	3	[2 5]
034	3	[0 4]
958
487
188
319	3	[1 9]
019
429
931	3	[1 9]
424
988
522
327	3	[2 7]
163	3	[1 6]
863	3	[6 8]
938	3	[8 9]
539	3	[5 9]
913	3	[1 9]
847
541
918
009
141
138	3	[1 8]
764
579
765
211
377	3	[7 7]
204
466
747
241
443	3	[4 4]
008
690
682
401
359	3	[5 9]
436	3	[4 6]
121
451
360	3	[0 6]
245
912
588
140
424
574
359	3	[5 9]
524
782
016
487
998
931	3	[1 9]
832	3	[2 8]
894
009
409
814
195
156
516
958
824
707
412
506
437	3	[4 7]
613	3	[1 6]
009
132	3	[1 2]
308	3	[0 8]
026
788
617
207
020
463	3	[4 6]
146
073	3	[0 7]
213	3	[1 2]
798
641
897
260
040
588
539	3	[5 9]
441
195
708
060
779
996
121
093	3	[0 9]
120
600
824
127
514
358	3	[5 8]
045
394	3	[4 9]
429
873	3	[7 8]
881
887
370	3	[0 7]
192
382	3	[2 8]
912
648
031	3	[0 1]
010
262
318	3	[1 8]
452
494
817
452
938	3	[8 9]
034	3	[0 4]
895
909
401
205
687
985
590
677
112
116
191
352	3	[2 5]
825
018
130	3	[0 1]
193	3	[1 9]
892
451
766
538	3	[5 8]
598
229
986
083	3	[0 8]
587
516
540
156
436	3	[4 6]
587
733	3	[3 7]
840
506
145
714
689
192
363	3	[3 6]
298
325	3	[2 5]
079
778
651
329	3	[2 9]
995
822
877
846
088
490
627
095
944
027
932	3	[2 9]
914
439	3	[4 9]
704
633	3	[3 6]
866
524
839	3	[8 9]
048
517
992
357	3	[5 7]
330	3	[0 3]
719
359	3	[5 9]
799
648
818
517
784
938	3	[8 9]
647
083	3	[0 8]
788
407
087
268
098
330	3	[0 3]
546
479
068
679
188
087
207
247
451
691
725
844
776
546
854
361	3	[1 6]
309	3	[0 9]
012
626
960
096
850
611
111
851
423	3	[2 4]
106
586
983	3	[8 9]
999
758
427
830	3	[0 8]
803	3	[0 8]
972
660
580
901
472
602
741
005
932	3	[2 9]
577
864
206
746
906
495
516
690
840
782
286
892
761
077
439	3	[4 9]
624
778
628
404
206
666
242
258
896
472
291
380	3	[0 8]
423	3	[2 4]
307	3	[0 7]
562
610
326	3	[2 6]
036	3	[0 6]
729
896
711
553	3	[5 5]
916
654
723	3	[2 7]
996
974
248
932	3	[2 9]
846
976
879
453	3	[4 5]
530	3	[0 5]
545
208
458
738	3	[7 8]
154
600
594
254
709
954
029
816
530	3	[0 5]
460
832	3	[2 8]
067
022
846
418
756
994
000
854
916
603	3	[0 6]
831	3	[1 8]
285
531	3	[1 5]
917
626
819
806
704
708
758
694
535	3	[5 5]
618
389	3	[8 9]
835	3	[5 8]
422
872
702
495
209
477
693	3	[6 9]
705
395	3	[5 9]
260
578
349	3	[4 9]
887
263	3	[2 6]
191
951
468
516
222
081
167
130	3	[0 1]
633	3	[3 6]
575
882
404
734	3	[4 7]
711
487
302	3	[0 2]
617
733	3	[3 7]
278
416
132	3	[1 2]
650
629
165
915
414
138	3	[1 8]
363	3	[3 6]
975
280
103	3	[0 1]
251
491
735	3	[5 7]
819
445
635	3	[5 6]
131	3	[1 1]
929
343	3	[3 4]
539	3	[5 9]
609
622
803	3	[0 8]
307	3	[0 7]
747
089
243	3	[2 4]
553	3	[5 5]
651
871
963	3	[6 9]
454
321	3	[1 2]
541
564
744
332	3	[2 3]
801
636	3	[6 6]
664
329	3	[2 9]
240
467
125
549
754
991
284
119
990
947
644
196
433	3	[3 4]
206
685
871
915
788
531	3	[1 5]
909
921
351	3	[1 5]
070
641
627
068
659
936	3	[6 9]
495
457
034	3	[0 4]
399	3	[9 9]
390	3	[0 9]
493	3	[4 9]
057
327	3	[2 7]
206
720
990
468
022
495
533	3	[3 5]
090
171
994
316	3	[1 6]
015
287
300	3	[0 0]
219
341	3	[1 4]
618
635	3	[5 6]
526
375	3	[5 7]
257
904
225
805
421
166
561
682
282
855
199
146
284
359	3	[5 9]
733	3	[3 7]
329	3	[2 9]
867
116
746
008
103	3	[0 1]
369	3	[6 9]
789
708
797
517
222
416
198
128
212
735	3	[5 7]
639	3	[6 9]
659
959
558
974
435	3	[4 5]
520
295
275
989
938	3	[8 9]
784
278
240
405
511
562
749
726
114
682
881
474
875
013	3	[0 1]
932	3	[2 9]
512
035	3	[0 5]
064
911
522
552
281
553	3	[5 5]
020
803	3	[0 8]
469
605
556
278
867
142
779
574
698
180
991
206
765
829
176
186
323	3	[2 3]
032	3	[0 2]
626
417
817
729
977
067
046
600
275
703	3	[0 7]
925
119
371	3	[1 7]
245
022
337	3	[3 7]
693	3	[6 9]
321	3	[1 2]
520
355	3	[5 5]
797
170
768
484
657
232	3	[2 2]
017
344	3	[4 4]
780
894
127
009
191
435	3	[4 5]
742
283	3	[2 8]
632	3	[2 6]
599
757
971
733	3	[3 7]
480
729
477
982
415
809
170
740
518
002
371	3	[1 7]
521
167
518
398	3	[8 9]
582
432	3	[2 4]
793	3	[7 9]
897
180
834	3	[4 8]
839	3	[8 9]
471
342	3	[2 4]
678
072
629
266
237	3	[2 7]
056
926
067
882
307	3	[0 7]
778
936	3	[6 9]
503	3	[0 5]
100
766
797
062
218
791
339	3	[3 9]
547
858
065
886
386	3	[6 8]
378	3	[7 8]
243	3	[2 4]
519
177
814
047
779
401
709
800
023	3	[0 2]
237	3	[2 7]
297
325	3	[2 5]
915
559
393	3	[3 9]
503	3	[0 5]
231	3	[1 2]
178
370	3	[0 7]
930	3	[0 9]
670
923	3	[2 9]
130	3	[0 1]
370	3	[0 7]
230	3	[0 2]
767
415
275
407
238	3	[2 8]
110
001
683	3	[6 8]
873	3	[7 8]
019
170
974
299
228
860
211
736	3	[6 7]
370	3	[0 7]
562
769
986
454
059
341	3	[1 4]
672
739	3	[7 9]
542
658
716
433	3	[3 4]
985
301	3	[0 1]
452
368	3	[6 8]
857
176
191
348	3	[4 8]
334	3	[3 4]
882
714
405
986
396	3	[6 9]
887
262
692
806
473	3	[4 7]
087
534	3	[4 5]
782
983	3	[8 9]
111
837	3	[7 8]
072
174
688
503	3	[0 5]
255
862
996
433	3	[3 4]
633	3	[3 6]
531	3	[1 5]
925
697
774
373	3	[3 7]
359	3	[5 9]
235	3	[2 5]
838	3	[8 8]
288
831	3	[1 8]
801
883	3	[8 8]
740
990
128
179
672
626
710
471
245
593	3	[5 9]
554
133	3	[1 3]
366	3	[6 6]
911
318	3	[1 8]
623	3	[2 6]
472
906
595
161
461
913	3	[1 9]
607
250
641
160
745
545
972
923	3	[2 9]
606
874
735	3	[5 7]
990
333	3	[3 3]
045
107
534	3	[4 5]
112
172
858
446
529
449
336	3	[3 6]
077
231	3	[1 2]
317	3	[1 7]
736	3	[6 7]
424
396	3	[6 9]
312	3	[1 2]
804
208
532	3	[2 5]
299
470
509
128
280
271
918
845
351	3	[1 5]
003	3	[0 0]
478
922
907
752
039	3	[0 9]
871
423	3	[2 4]
896
060
498
442
058
081
446
786
841
491
527
014
377	3	[7 7]
375	3	[5 7]
324	3	[2 4]
273	3	[2 7]
574
175
746
123	3	[1 2]
009
220
172
260
095
030	3	[0 0]
120
557
704
968
023	3	[0 2]
222
211
785
072
634	3	[4 6]
351	3	[1 5]
171
769
746
613	3	[1 6]
724
449
683	3	[6 8]
321	3	[1 2]
619
015
451
751
537	3	[5 7]
997
196
047
423	3	[2 4]
451
242
007
635	3	[5 6]
550
448
314	3	[1 4]
009
423	3	[2 4]
171
509
222
895
088
456
211
006
505
737	3	[7 7]
791
670
030	3	[0 0]
996
325	3	[2 5]
614
547
760
619
077
795
266
631	3	[1 6]
701
861
654
018
824
236	3	[2 6]
257
150
747
116
227
905
146
173	3	[1 7]
462
040
451
266
899
512
335	3	[3 5]
971
103	3	[0 1]
947
216
203	3	[0 2]
390	3	[0 9]
301	3	[0 1]
351	3	[1 5]
045
029
384	3	[4 8]
447
959
533	3	[3 5]
427
866
672
194
608
256
853	3	[5 8]
510
464
364	3	[4 6]
748
381	3	[1 8]
437	3	[4 7]
159
896
103	3	[0 1]
888
603	3	[0 6]
373	3	[3 7]
163	3	[1 6]
520
283	3	[2 8]
218
946
529
192
925
138	3	[1 8]
950
312	3	[1 2]
797
215
029
399	3	[9 9]
809
177
755
863	3	[6 8]
036	3	[0 6]
566
436	3	[4 6]
187
077
308	3	[0 8]
675
706
583	3	[5 8]
609
669
806
723	3	[2 7]
805
509
207
231	3	[1 2]
481
320	3	[0 2]
159
347	3	[4 7]
369	3	[6 9]
663	3	[6 6]
074
754
493	3	[4 9]
113	3	[1 1]
468
927
716
465
912
219
251
259
287
470
351	3	[1 5]
720
903	3	[0 9]
351	3	[1 5]
366	3	[6 6]
349	3	[4 9]
099
573	3	[5 7]
492
110
718
168
576
646
101
952
653	3	[5 6]
794
399	3	[9 9]
442
187
387	3	[7 8]
316	3	[1 6]
639	3	[6 9]
336	3	[3 6]
677
886
949
546
887
239	3	[2 9]
023	3	[0 2]
918
094
283	3	[2 8]
070
185
544
676
193	3	[1 9]
088
630	3	[0 6]
106
567
006
512
250
318	3	[1 8]
765
076
629
550
879
329	3	[2 9]
262
029
913	3	[1 9]
586
819
576
059
757
303	3	[0 3]
805
860
486
466
686
126
671
850
006
525
242
486
281
408
676
947
746
656
837	3	[7 8]
295
013	3	[0 1]
452
872
897
223	3	[2 2]
445
685
225
099
828
630	3	[0 6]
862
452
826
698
308	3	[0 8]
999
494
354	3	[4 5]
611
153	3	[1 5]
008
462
052
121
306	3	[0 6]
525
471
398	3	[8 9]
577
418
125
881
269
438	3	[4 8]
056
598
374	3	[4 7]
476
072
879
152
481
556
468
785
721
727
965
524
126
733	3	[3 7]
681
475
278
175
147
911
928
429
448
021
507
913	3	[1 9]
372	3	[2 7]
705
126
789
258
632	3	[2 6]
403	3	[0 4]
279
911
109
762
932	3	[2 9]
276
885
976
861
321	3	[1 2]
364	3	[4 6]
427
108
894
008
365	3	[5 6]
220
247
945
358	3	[5 8]
282
682
003	3	[0 0]
366	3	[6 6]
506
111
149
044
863	3	[6 8]
995
479
237	3	[2 7]
907
658
621
421
545
059
622
150
048
544
407
814
029
416
049
223	3	[2 2]
525
873	3	[7 8]
940
272
509
537	3	[5 7]
169
838	3	[8 8]
691
421
667
830	3	[0 8]
277
143	3	[1 4]
475
055
503	3	[0 5]
334	3	[3 4]
021
043	3	[0 4]
076
282
515
713	3	[1 7]
601
642
640
404
871
808
229
942
227
620
047
678
744
028
031	3	[0 1]
890
197
704
003	3	[0 0]
725
922
170
580
588
285
632	3	[2 6]
087
488
502
425
113	3	[1 1]
192
112
037	3	[0 7]
900
227
854
210
061
286
121
592
248
807
495
830	3	[0 8]
044
557
250
961
709
747
889
017
747
652
339	3	[3 9]
323	3	[2 3]
936	3	[6 9]
696
381	3	[1 8]
382	3	[2 8]
347	3	[4 7]
369	3	[6 9]
147
345	3	[4 5]
696
122
187
971
895
384	3	[4 8]
775
889
414
703	3	[0 7]
508
661
690
552
229
824
893	3	[8 9]
955
609
979
538	3	[5 8]
721
958
895
202
629
089
053	3	[0 5]
290
999
973	3	[7 9]
934	3	[4 9]
356	3	[5 6]
148
963	3	[6 9]
953	3	[5 9]
731	3	[1 7]
233	3	[2 3]
246
746
850
410
133	3	[1 3]
931	3	[1 9]
436	3	[4 6]
868
444
017
747
522
160
048
870
013	3	[0 1]
799
641
835	3	[5 8]
354	3	[4 5]
952
406
943	3	[4 9]
154
021
179
462
580
381	3	[1 8]
771
574
663	3	[6 6]
023	3	[0 2]
463	3	[4 6]
906
773	3	[7 7]
640
579
357	3	[5 7]
736	3	[6 7]
084
847
647
687
840
498
002
150
183	3	[1 8]
402
727
794
121
975
744
086
919
147
022
349	3	[4 9]
077
743	3	[4 7]
203	3	[0 2]
983	3	[8 9]
678
711
779
441
854
214
678
206
502
088
088
520
832	3	[2 8]
618
650
205
623	3	[2 6]
232	3	[2 2]
856
297
946
894
224
993	3	[9 9]
064
242
447
629
172
730	3	[0 7]
239	3	[2 9]
375	3	[5 7]
453	3	[4 5]
467
421
619
683	3	[6 8]
502
586
308	3	[0 8]
891
627
555
289
816
921
666
644
227
291
908
565
483	3	[4 8]
912
183	3	[1 8]
913	3	[1 9]
988
463	3	[4 6]
970
405
172
442
759
017
755
338	3	[3 8]
298
223	3	[2 2]
513	3	[1 5]
612
099
551
163	3	[1 6]
073	3	[0 7]
509
808
542
468
543	3	[4 5]
773	3	[7 7]
233	3	[2 3]
727
370	3	[0 7]
893	3	[8 9]
250
138	3	[1 8]
729
714
210
027
160
957
265
881
599
474
623	3	[2 6]
801
604
730	3	[0 7]
525
093	3	[0 9]
817
586
267
153	3	[1 5]
806
340	3	[0 4]
774
641
501
902
339	3	[3 9]
836	3	[6 8]
781
832	3	[2 8]
663	3	[6 6]
389	3	[8 9]
613	3	[1 6]
518
821
768
519
918
013	3	[0 1]
079
003	3	[0 0]
001
092
728
399	3	[9 9]
344	3	[4 4]
977
229
558
919
187
312	3	[1 2]
872
945
117
791
007
905
056
333	3	[3 3]
131	3	[1 1]
387	3	[7 8]
217
700
306	3	[0 6]
064
700
322	3	[2 2]
262
541
127
937	3	[7 9]
738	3	[7 8]
995
839	3	[8 9]
933	3	[3 9]
624
433	3	[3 4]
164
704
101
766
582
018
974
128
798
662
524
650
158
834	3	[4 8]
711
272
048
164
754
242
745
526
105
198
760
594
660
266
521
411
810
235	3	[2 5]
045
998
242
288
111
544
384	3	[4 8]
999
243	3	[2 4]
321	3	[1 2]
262
103	3	[0 1]
224
502
091
723	3	[2 7]
677
275
392	3	[2 9]
087
946
134	3	[1 4]
078
501
673	3	[6 7]
348	3	[4 8]
194
053	3	[0 5]
423	3	[2 4]
896
792
641
317	3	[1 7]
665
100
123	3	[1 2]
109
898
010
213	3	[1 2]
912
610
001
857
820
935	3	[5 9]
561
310	3	[0 1]
855
377	3	[7 7]
544
464
168
156
021
842
822
073	3	[0 7]
973	3	[7 9]
044
986
619
465
529
325	3	[2 5]
525
183	3	[1 8]
420
603	3	[0 6]
968
295
417
414
313	3	[1 3]
751
524
604
681
878
245
868
371	3	[1 7]
189
929
397	3	[7 9]
417
927
680
698
323	3	[2 3]
687
562
451
052
051
813	3	[1 8]
748
369	3	[6 9]
228
738	3	[7 8]
946
102
822
781
629
949
414
496
403	3	[0 4]
975
248
855
831	3	[1 8]
560
406
129
796
558
733	3	[3 7]
506
281
473	3	[4 7]
873	3	[7 8]
731	3	[1 7]
312	3	[1 2]
804
688
216
767
269
505
030	3	[0 0]
060
689
810
274
707
846
769
855
204
034	3	[0 4]
135	3	[1 5]
858
420
571
427
481
140
101
801
100
272
358	3	[5 8]
520
209
722
604
368	3	[6 8]
287
700
022
274
574
639	3	[6 9]
755
034	3	[0 4]
123	3	[1 2]
738	3	[7 8]
588
712
687
420
012
411
424
787
090
621
540
762
238	3	[2 8]
563	3	[5 6]
772
680
061
667
253	3	[2 5]
838	3	[8 8]
791
691
237	3	[2 7]
070
730	3	[0 7]
997
885
316	3	[1 6]
124
907
864
414
307	3	[0 7]
131	3	[1 1]
057
855
298
214
594
515
788
317	3	[1 7]
072
856
568
411
073	3	[0 7]
497
724
953	3	[5 9]
945
465
047
202
858
150
576
916
606
955
219
732	3	[2 7]
972
142
839	3	[8 9]
499
060
892
845
720
891
956
722
759
778
992
734	3	[4 7]
301	3	[0 1]
636	3	[6 6]
965
608
242
643	3	[4 6]
408
083	3	[0 8]
037	3	[0 7]
343	3	[3 4]
822
770
391	3	[1 9]
398	3	[8 9]
811
817
110
168
126
034	3	[0 4]
275
763	3	[6 7]
863	3	[6 8]
660
185
774
306	3	[0 6]
525
618
495
361	3	[1 6]
577
564
621
059
202
373	3	[3 7]
367	3	[6 7]
084
143	3	[1 4]
545
842
270
741
412
744
455
455
974
919
300	3	[0 0]
327	3	[2 7]
919
056
131	3	[1 1]
193	3	[1 9]
935	3	[5 9]
874
591
668
907
699
042
798
017
585
847
458
551
593	3	[5 9]
283	3	[2 8]
416
218
140
829
544
870
911
376	3	[6 7]
081
593	3	[5 9]
788
348	3	[4 8]
827
293	3	[2 9]
573	3	[5 7]
882
275
863	3	[6 8]
814
865
455
555
201
822
646
779
593	3	[5 9]
818
546
803	3	[0 8]
437	3	[4 7]
064
962
038	3	[0 8]
656
885
161
666
402
266
200
562
595
328	3	[2 8]
146
822
036	3	[0 6]
363	3	[3 6]
020
599
620
288
154
926
996
058
753	3	[5 7]
753	3	[5 7]
144
540
824
860
284
256
436	3	[4 6]
181
226
675
507
186
122
876
651
531	3	[1 5]
095
103	3	[0 1]
593	3	[5 9]
449
750
324	3	[2 4]
268
933	3	[3 9]
719
519
250
932	3	[2 9]
213	3	[1 2]
213	3	[1 2]
556
723	3	[2 7]
831	3	[1 8]
201
461
999
327	3	[2 7]
200
725
733	3	[3 7]
655
292
192
280
970
461
783	3	[7 8]
003	3	[0 0]
411
306	3	[0 6]
994
628
424
836	3	[6 8]
042
118
982
974
479
380	3	[0 8]
994
887
335	3	[3 5]
488
521
760
686
805
531	3	[1 5]
418
047
378	3	[7 8]
424
475
166
510
288
907
335	3	[3 5]
530	3	[0 5]
801
434	3	[4 4]
658
361	3	[1 6]
343	3	[3 4]
267
386	3	[6 8]
757
214
078
221
001
934	3	[4 9]
517
384	3	[4 8]
984
200
164
998
806
312	3	[1 2]
960
052
085
265
986
001
380	3	[0 8]
065
880
578
520
855
469
925
146
313	3	[1 3]
915
967
890
925
751
181
460
482
336	3	[3 6]
037	3	[0 7]
216
138	3	[1 8]
631	3	[1 6]
856
353	3	[3 5]
202
751
197
937	3	[7 9]
974
782
617
516
778
323	3	[2 3]
919
719
569
988
615
231	3	[1 2]
941
820
020
438	3	[4 8]
209
120
008
722
135	3	[1 5]
991
506
209
876
323	3	[2 3]
828
269
606
328	3	[2 8]
377	3	[7 7]
844
111
319	3	[1 9]
880
453	3	[4 5]
387	3	[7 8]
457
166
671
852
404
842
232	3	[2 2]
564
164
035	3	[0 5]
242
096
972
330	3	[0 3]
593	3	[5 9]
163	3	[1 6]
405
011
824
451
353	3	[3 5]
207
053	3	[0 5]
236	3	[2 6]
971
410
303	3	[0 3]
523	3	[2 5]
577
318	3	[1 8]
244
549
382	3	[2 8]
105
120
515
053	3	[0 5]
990
298
105
507
808
962
965
665
700
431	3	[1 4]
806
155
851
770
563	3	[5 6]
377	3	[7 7]
339	3	[3 9]
379	3	[7 9]
969
547
458
888
345	3	[4 5]
768
166
197
683	3	[6 8]
067
057
332	3	[2 3]
290
520
225
279
874
118
897
727
169
431	3	[1 4]
098
162
007
369	3	[6 9]
145
604
604
663	3	[6 6]
379	3	[7 9]
948
561
178
394	3	[4 9]
160
252
946
190
754
647
216
561
416
339	3	[3 9]
148
313	3	[1 3]
232	3	[2 2]
017
810
325	3	[2 5]
489
380	3	[0 8]
006
347	3	[4 7]
364	3	[4 6]
307	3	[0 7]
119
992
197
542
257
674
116
964
571
100
595
886
409
921
884
056
994
850
936	3	[6 9]
981
299
607
753	3	[5 7]
630	3	[0 6]
624
443	3	[4 4]
116
221
614
301	3	[0 1]
625
879
836	3	[6 8]
559
002
320	3	[0 2]
917
709
748
727
555
879
606
131	3	[1 1]
400
695
176
867
469
414
465
245
385	3	[5 8]
024
527
210
892
962
400
123	3	[1 2]
371	3	[1 7]
894
981
051
318	3	[1 8]
940
743	3	[4 7]
994
233	3	[2 3]
818
492
357	3	[5 7]
837	3	[7 8]
662
638	3	[6 8]
362	3	[2 6]
995
509
694
657
540
810
935	3	[5 9]
398	3	[8 9]
874
813	3	[1 8]
985
714
986
091
825
693	3	[6 9]
026
289
983	3	[8 9]
753	3	[5 7]
217
133	3	[1 3]
725
605
576
004
079
140
588
814
143	3	[1 4]
953	3	[5 9]
561
262
025
682
197
046
279
767
133	3	[1 3]
818
710
519
945
475
546
830	3	[0 8]
378	3	[7 8]
846
422
052
585
321	3	[1 2]
716
589
894
888
929
266
093	3	[0 9]
426
287
239	3	[2 9]
591
961
642
984
803	3	[0 8]
981
935	3	[5 9]
586
633	3	[3 6]
543	3	[4 5]
417
805
668
007
112
385	3	[5 8]
178
411
724
794
775
890
086
297
676
573	3	[5 7]
020
884
308	3	[0 8]
388	3	[8 8]
682
347	3	[4 7]
126
086
343	3	[3 4]
009
218
723	3	[2 7]
228
083	3	[0 8]
631	3	[1 6]
464
803	3	[0 8]
872
073	3	[0 7]
701
951
130	3	[0 1]
925
569
250
048
552
513	3	[1 5]
724
066
155
918
488
475
998
007
817
844
551
049
894
014
071
926
559
380	3	[0 8]
151
702
212
545
755
769
798
224
476
852
322	3	[2 2]
704
508
010
075
352	3	[2 5]
589
643	3	[4 6]
877
186
034	3	[0 4]
977
343	3	[3 4]
320	3	[0 2]
553	3	[5 5]
270
975
288
505
125
849
833	3	[3 8]
882
739	3	[7 9]
101
772
451
682
076
495
837	3	[7 8]
534	3	[4 5]
311	3	[1 1]
714
613	3	[1 6]
935	3	[5 9]
524
524
011
421
081
971
565
786
789
307	3	[0 7]
429
739	3	[7 9]
085
077
275
780
163	3	[1 6]
930	3	[0 9]
444
231	3	[1 2]
253	3	[2 5]
936	3	[6 9]
841
442
123	3	[1 2]
713	3	[1 7]
369	3	[6 9]
848
749
711
286
233	3	[2 3]
507
510
809
258
415
255
194
705
886
804
033	3	[0 3]
434	3	[4 4]
756
385	3	[5 8]
051
726
999
569
103	3	[0 1]
007
045
540
685
207
278
528
801
831	3	[1 8]
998
506
502
778
553	3	[5 5]
453	3	[4 5]
102
017
544
173	3	[1 7]
372	3	[2 7]
636	3	[6 6]
110
944
487
679
960
545
769
441
384	3	[4 8]
181
193	3	[1 9]
738	3	[7 8]
609
529
130	3	[0 1]
753	3	[5 7]
932	3	[2 9]
222
236	3	[2 6]
712
677
243	3	[2 4]
152
345	3	[4 5]
801
386	3	[6 8]
845
435	3	[4 5]
711
578
936	3	[6 9]
837	3	[7 8]
834	3	[4 8]
248
396	3	[6 9]
398	3	[8 9]
018
047
586
702
395	3	[5 9]
094
509
989
502
974
639	3	[6 9]
957
882
132	3	[1 2]
835	3	[5 8]
209
209
757
154
873	3	[7 8]
701
228
774
283	3	[2 8]
682
915
705
572
715
169
133	3	[1 3]
023	3	[0 2]
378	3	[7 8]
038	3	[0 8]
804
794
077
644
302	3	[0 2]
813	3	[1 8]
476
791
646
960
460
674
492
886
222
801
098
219
120
503	3	[0 5]
855
541
459
123	3	[1 2]
945
299
276
905
524
183	3	[1 8]
264
464
114
457
494
000
190
506
122
265
761
839	3	[8 9]
913	3	[1 9]
385	3	[5 8]
382	3	[2 8]
592
280
830	3	[0 8]
656
579
396	3	[6 9]
154
286
576
906
120
356	3	[5 6]
419
360	3	[0 6]
607
821
090
820
561
283	3	[2 8]
961
102
782
219
135	3	[1 5]
772
152
532	3	[2 5]
570
335	3	[3 5]
540
812
404
254
513	3	[1 5]
471
229
994
807
684
019
421
801
116
470
273	3	[2 7]
382	3	[2 8]
955
997
622
236	3	[2 6]
539	3	[5 9]
526
395	3	[5 9]
903	3	[0 9]
773	3	[7 7]
711
260
747
502
228
138	3	[1 8]
056
043	3	[0 4]
705
667
009
991
258
027
145
523	3	[2 5]
095
656
731	3	[1 7]
571
899
518
463	3	[4 6]
520
874
252
038	3	[0 8]
174
019
553	3	[5 5]
844
192
900
999
890
351	3	[1 5]
968
056
221
858
295
302	3	[0 2]
930	3	[0 9]
960
081
729
543	3	[4 5]
920
621
656
467
365	3	[5 6]
564
679
088
068
077
569
603	3	[0 6]
644
357	3	[5 7]
220
652
818
291
561
494
979
094
240
486
044
491
161
844
936	3	[6 9]
601
282
751
769
028
524
772
102
487
338	3	[3 8]
932	3	[2 9]
211
795
883	3	[8 8]
441
457
975
250
316	3	[1 6]
226
656
264
001
009
153	3	[1 5]
364	3	[4 6]
466
664
969
325	3	[2 5]
080
528
087
563	3	[5 6]
706
240
889
749
758
487
453	3	[4 5]
942
150
695
262
695
569
774
127
678
547
592
544
992
335	3	[3 5]
501
455
050
817
410
953	3	[5 9]
310	3	[0 1]
063	3	[0 6]
613	3	[1 6]
079
156
725
371	3	[1 7]
859
261
850
921
423	3	[2 4]
765
826
063	3	[0 6]
558
610
967
005
303	3	[0 3]
146
814
272
458
933	3	[3 9]
049
259
034	3	[0 4]
774
242
761
280
926
546
493	3	[4 9]
418
888
730	3	[0 7]
389	3	[8 9]
965
484
371	3	[1 7]
322	3	[2 2]
187
248
605
249
536	3	[5 6]
813	3	[1 8]
372	3	[2 7]
288
299
112
327	3	[2 7]
839	3	[8 9]
495
364	3	[4 6]
211
015
494
416
884
327	3	[2 7]
853	3	[5 8]
286
974
491
513	3	[1 5]
325	3	[2 5]
985
737	3	[7 7]
757
742
464
659
016
258
631	3	[1 6]
484
731	3	[1 7]
682
490
742
083	3	[0 8]
502
712
516
136	3	[1 6]
400
955
039	3	[0 9]
827
520
054
501
020
949
152
468
184
949
063	3	[0 6]
616
680
763	3	[6 7]
723	3	[2 7]
167
763	3	[6 7]
400
130	3	[0 1]
254
764
563	3	[5 6]
286
321	3	[1 2]
917
733	3	[3 7]
318	3	[1 8]
384	3	[4 8]
432	3	[2 4]
333	3	[3 3]
541
140
972
468
117
486
300	3	[0 0]
613	3	[1 6]
546
875
171
897
304	3	[0 4]
844
098
691
543	3	[4 5]
113	3	[1 1]
001
750
609
672
506
489
202
640
264
159
704
026
801
428
230	3	[0 2]
981
912
621
358	3	[5 8]
035	3	[0 5]
591
433	3	[3 4]
653	3	[5 6]
157
303	3	[0 3]
626
868
703	3	[0 7]
733	3	[3 7]
517
976
928
382	3	[2 8]
245
220
398	3	[8 9]
249
969
952
371	3	[1 7]
019
648
575
554
952
706
004
871
450
405
874
139	3	[1 9]
167
882
544
419
898
294
650
393	3	[3 9]
674
703	3	[0 7]
762
943	3	[4 9]
020
923	3	[2 9]
682
385	3	[5 8]
864
518
287
188
667
960
329	3	[2 9]
967
715
377	3	[7 7]
835	3	[5 8]
480
768
804
507
375	3	[5 7]
874
144
717
804
856
057
288
803	3	[0 8]
924
820
614
552
355	3	[5 5]
150
305	3	[0 5]
687
173	3	[1 7]
888
953	3	[5 9]
902
069
673	3	[6 7]
225
882
451
287
156
424
000
798
954
587
518
376	3	[6 7]
522
186
253	3	[2 5]
480
922
642
456
576
698
037	3	[0 7]
079
390	3	[0 9]
772
399	3	[9 9]
049
302	3	[0 2]
649
196
738	3	[7 8]
578
808
695
369	3	[6 9]
280
096
666
555
121
163	3	[1 6]
341	3	[1 4]
405
417
229
770
616
995
405
328	3	[2 8]
041
480
683	3	[6 8]
076
145
971
444
443	3	[4 4]
510
535	3	[5 5]
897
299
971
751
444
934	3	[4 9]
555
311	3	[1 1]
468
568
157
831	3	[1 8]
327	3	[2 7]
806
332	3	[2 3]
685
203	3	[0 2]
083	3	[0 8]
795
528
057
705
830	3	[0 8]
121
551
697
112
186
538	3	[5 8]
753	3	[5 7]
181
152
956
087
765
408
895
884
788
677
750
102
670
911
368	3	[6 8]
369	3	[6 9]
735	3	[5 7]
401
941
861
546
529
140
332	3	[2 3]
569
163	3	[1 6]
154
005
087
008
507
384	3	[4 8]
726
780
628
192
057
724
421
562
624
638	3	[6 8]
270
657
918
926
683	3	[6 8]
554
928
671
276
961
041
557
389	3	[8 9]
259
556
600
921
528
215
379	3	[7 9]
710
425
742
479
583	3	[5 8]
257
481
538	3	[5 8]
227
876
960
581
154
764
234	3	[2 4]
106
733	3	[3 7]
702
905
236	3	[2 6]
968
927
617
357	3	[5 7]
393	3	[3 9]
629
627
263	3	[2 6]
891
606
181
315	3	[1 5]
768
121
846
159
299
436	3	[4 6]
487
955
071
886
833	3	[3 8]
663	3	[6 6]
107
507
744
015
054
801
104
189
560
138	3	[1 8]
100
702
997
854
424
623	3	[2 6]
338	3	[3 8]
656
627
013	3	[0 1]
020
837	3	[7 8]
173	3	[1 7]
943	3	[4 9]
524
087
019
890
046
704
741
310	3	[0 1]
847
907
826
585
515
335	3	[3 5]
448
272
570
240
064
214
739	3	[7 9]
863	3	[6 8]
540
571
179
897
487
006
363	3	[3 6]
962
393	3	[3 9]
087
383	3	[3 8]
176
613	3	[1 6]
890
162
356	3	[5 6]
959
495
288
580
690
462
406
261
036	3	[0 6]
083	3	[0 8]
243	3	[2 4]
294
597
853	3	[5 8]
110
065
967
604
657
878
716
214
725
490
574
251
190
184
307	3	[0 7]
975
796
526
391	3	[1 9]
705
574
407
428
469
932	3	[2 9]
885
185
916
335	3	[3 5]
062
446
493	3	[4 9]
223	3	[2 2]
491
319	3	[1 9]
247
523	3	[2 5]
774
427
377	3	[7 7]
553	3	[5 5]
103	3	[0 1]
561
837	3	[7 8]
607
524
483	3	[4 8]
764
914
661
004
584
918
130	3	[0 1]
913	3	[1 9]
288
389	3	[8 9]
675
115
540
548
017
843	3	[4 8]
775
184
485
718
545
877
267
233	3	[2 3]
734	3	[4 7]
025
935	3	[5 9]
030	3	[0 0]
721
913	3	[1 9]
514
350	3	[0 5]
557
469
139	3	[1 9]
067
369	3	[6 9]
702
887
471
922
155
552
986
426
152
598
639	3	[6 9]
378	3	[7 8]
724
197
076
731	3	[1 7]
886
886
856
155
255
446
262
726
724
160
292
084
980
178
162
055
070
359	3	[5 9]
634	3	[4 6]
574
661
028
049
048
054
349	3	[4 9]
927
061
134	3	[1 4]
491
051
615
512
482
754
502
071
849
303	3	[0 3]
542
664
201
338	3	[3 8]
792
694
875
381	3	[1 8]
826
911
188
489
104
305	3	[0 5]
114
691
861
116
241
364	3	[4 6]
518
734	3	[4 7]
199
707
720
966
653	3	[5 6]
695
807
670
170
520
467
755
893	3	[8 9]
691
518
194
472
482
756
854
835	3	[5 8]
189
303	3	[0 3]
310	3	[0 1]
158
996
563	3	[5 6]
349	3	[4 9]
352	3	[2 5]
174
424
781
931	3	[1 9]
501
121
678
780
422
217
428
044
007
259
845
109
131	3	[1 1]
079
660
179
223	3	[2 2]
951
254
515
005
875
818
716
804
282
165
157
064
390	3	[0 9]
438	3	[4 8]
393	3	[3 9]
820
097
001
607
564
644
625
118
507
691
427
641
279
760
075
646
844
073	3	[0 7]
575
241
759
148
304	3	[0 4]
582
534	3	[4 5]
217
178
089
248
184
864
156
929
935	3	[5 9]
444
082
907
748
993	3	[9 9]
783	3	[7 8]
623	3	[2 6]
705
949
219
475
718
938	3	[8 9]
626
031	3	[0 1]
234	3	[2 4]
640
170
841
787
261
682
720
175
827
531	3	[1 5]
636	3	[6 6]
563	3	[5 6]
194
249
487
536	3	[5 6]
865
711
958
876
814
174
502
232	3	[2 2]
769
468
701
982
554
150
401
840
880
780
222
970
523	3	[2 5]
735	3	[5 7]
504
881
550
280
371	3	[1 7]
047
022
905
415
301	3	[0 1]
958
323	3	[2 3]
273	3	[2 7]
726
466
321	3	[1 2]
188
216
475
423	3	[2 4]
370	3	[0 7]
807
369	3	[6 9]
164
465
566
786
795
241
883	3	[8 8]
221
081
710
082
086
952
751
132	3	[1 2]
110
441
396	3	[6 9]
645
014
160
292
134	3	[1 4]
834	3	[4 8]
846
643	3	[4 6]
254
297
403	3	[0 4]
296
522
559
949
636	3	[6 6]
650
261
591
285
915
984
436	3	[4 6]
883	3	[8 8]
512
824
292
878
401
426
411
428
329	3	[2 9]
739	3	[7 9]
705
794
181
002
586
578
221
545
835	3	[5 8]
905
764
437	3	[4 7]
811
119
607
758
930	3	[0 9]
797
587
894
531	3	[1 5]
376	3	[6 7]
369	3	[6 9]
479
139	3	[1 9]
821
486
180
592
175
159
548
338	3	[3 8]
305	3	[0 5]
705
420
387	3	[7 8]
717
840
376	3	[6 7]
685
066
479
720
216
034	3	[0 4]
537	3	[5 7]
733	3	[3 7]
091
321	3	[1 2]
729
478
547
412
103	3	[0 1]
333	3	[3 3]
681
857
475
146
951
671
232	3	[2 2]
119
377	3	[7 7]
773	3	[7 7]
526
931	3	[1 9]
904
467
103	3	[0 1]
732	3	[2 7]
539	3	[5 9]
545
024
548
484
664
624
642
144
214
483	3	[4 8]
599
931	3	[1 9]
388	3	[8 8]
562
588
483	3	[4 8]
225
475
344	3	[4 4]
559
346	3	[4 6]
923	3	[2 9]
392	3	[2 9]
386	3	[6 8]
041
917
154
799
586
346	3	[4 6]
386	3	[6 8]
327	3	[2 7]
431	3	[1 4]
184
275
476
135	3	[1 5]
111
613	3	[1 6]
612
595
531	3	[1 5]
332	3	[2 3]
756
399	3	[9 9]
375	3	[5 7]
681
268
678
662
247
721
667
564
144
254
941
741
027
921
585
208
037	3	[0 7]
160
396	3	[6 9]
932	3	[2 9]
226
182
013	3	[0 1]
490
843	3	[4 8]
255
219
942
906
229
011
299
879
754
259
059
114
471
964
464
704
465
440
244
485
374	3	[4 7]
532	3	[2 5]
277
576
504
821
337	3	[3 7]
219
704
317	3	[1 7]
439	3	[4 9]
767
211
167
167
999
578
358	3	[5 8]
141
513	3	[1 5]
689
991
017
944
660
788
696
248
967
383	3	[3 8]
044
797
124
931	3	[1 9]
946
557
973	3	[7 9]
726
046
977
892
484
434	3	[4 4]
310	3	[0 1]
456
244
846
773	3	[7 7]
777
963	3	[6 9]
785
608
452
762
879
146
510
438	3	[4 8]
906
364	3	[4 6]
211
159
881
337	3	[3 7]
152
191
247
180
796
232	3	[2 2]
612
142
452
642
121
984
541
818
182
743	3	[4 7]
527
769
736	3	[6 7]
294
100
969
094
261
749
165
031	3	[0 1]
532	3	[2 5]
590
340	3	[0 4]
218
976
420
984
161
105
406
542
243	3	[2 4]
178
241
365	3	[5 6]
183	3	[1 8]
323	3	[2 3]
040
610
510
350	3	[0 5]
539	3	[5 9]
073	3	[0 7]
636	3	[6 6]
243	3	[2 4]
464
430	3	[0 4]
042
068
891
561
868
449
360	3	[0 6]
750
860
807
233	3	[2 3]
192
989
446
808
071
649
411
617
859
303	3	[0 3]
079
153	3	[1 5]
314	3	[1 4]
671
961
205
162
830	3	[0 8]
920
766
480
271
127
171
598
103	3	[0 1]
033	3	[0 3]
204
083	3	[0 8]
222
167
257
092
818
094
476
492
390	3	[0 9]
757
831	3	[1 8]
992
218
292
730	3	[0 7]
718
182
484
745
963	3	[6 9]
908
052
062
932	3	[2 9]
583	3	[5 8]
744
028
146
749
598
973	3	[7 9]
706
965
346	3	[4 6]
577
531	3	[1 5]
094
967
311	3	[1 1]
383	3	[3 8]
763	3	[6 7]
523	3	[2 5]
520
869
302	3	[0 2]
220
469
991
566
418
945
642
831	3	[1 8]
869
811
592
717
809
891
773	3	[7 7]
192
574
696
856
347	3	[4 7]
119
465
465
983	3	[8 9]
672
140
533	3	[3 5]
863	3	[6 8]
404
141
327	3	[2 7]
743	3	[4 7]
675
896
757
075
578
110
488
448
533	3	[3 5]
958
876
825
336	3	[3 6]
565
812
331	3	[1 3]
043	3	[0 4]
605
324	3	[2 4]
720
406
272
965
933	3	[3 9]
017
277
639	3	[6 9]
199
056
562
094
377	3	[7 7]
071
063	3	[0 6]
596
034	3	[0 4]
297
797
605
590
345	3	[4 5]
130	3	[0 1]
795
824
242
138	3	[1 8]
528
580
410
506
368	3	[6 8]
394	3	[4 9]
627
965
876
856
015
770
338	3	[3 8]
028
459
261
162
897
764
212
229
486
211
037	3	[0 7]
027
373	3	[3 7]
731	3	[1 7]
704
952
080
998
206
167
827
058
725
419
840
292
407
227
904
827
886
602
439	3	[4 9]
741
864
175
002
906
957
308	3	[0 8]
422
937	3	[7 9]
177
665
128
310	3	[0 1]
717
157
854
163	3	[1 6]
701
230	3	[0 2]
525
640
484
628
581
426
489
134	3	[1 4]
824
565
151
708
059
208
310	3	[0 1]
440
109
795
464
197
886
513	3	[1 5]
274
221
215
427
966
992
733	3	[3 7]
800
503	3	[0 5]
990
105
731	3	[1 7]
508
999
542
917
171
565
896
764
178
806
439	3	[4 9]
797
144
759
527
066
004
725
961
358	3	[5 8]
687
631	3	[1 6]
581
670
946
403	3	[0 4]
406
266
148
404
206
690
974
900
076
348	3	[4 8]
353	3	[3 5]
009
304	3	[0 4]
682
644
754
236	3	[2 6]
010
776
162
363	3	[3 6]
683	3	[6 8]
118
116
880
099
457
389	3	[8 9]
311	3	[1 1]
825
955
937	3	[7 9]
843	3	[4 8]
601
354	3	[4 5]
527
525
359	3	[5 9]
870
051
017
717
694
306	3	[0 6]
839	3	[8 9]
784
492
725
902
515
387	3	[7 8]
173	3	[1 7]
102
010
563	3	[5 6]
522
440
184
421
053	3	[0 5]
992
814
691
285
101
282
331	3	[1 3]
346	3	[4 6]
241
638	3	[6 8]
749
363	3	[3 6]
522
039	3	[0 9]
891
151
579
017
558
666
636	3	[6 6]
504
737	3	[7 7]
742
176
093	3	[0 9]
411
171
273	3	[2 7]
526
562
096
300	3	[0 0]
218
295
831	3	[1 8]
031	3	[0 1]
984
537	3	[5 7]
634	3	[4 6]
649
997
245
478
129
901
448
423	3	[2 4]
732	3	[2 7]
988
417
290
114
690
279
475
401
029
355	3	[5 5]
362	3	[2 6]
559
200
278
081
764
038	3	[0 8]
349	3	[4 9]
000
853	3	[5 8]
397	3	[7 9]
212
707
971
800
355	3	[5 5]
962
599
038	3	[0 8]
535	3	[5 5]
239	3	[2 9]
964
650
590
464
531	3	[1 5]
865
697
961
864
731	3	[1 7]
851
590
793	3	[7 9]
128
918
517
726
800
480
722
249
399	3	[9 9]
863	3	[6 8]
918
485
326	3	[2 6]
982
682
437	3	[4 7]
057
527
625
709
615
599
939	3	[9 9]
152
923	3	[2 9]
868
039	3	[0 9]
204
818
829
445
516
939	3	[9 9]
270
023	3	[0 2]
970
343	3	[3 4]
596
228
833	3	[3 8]
896
559
305	3	[0 5]
357	3	[5 7]
299
590
527
002
592
664
163	3	[1 6]
835	3	[5 8]
587
335	3	[3 5]
362	3	[2 6]
708
534	3	[4 5]
659
901
113	3	[1 1]
712
083	3	[0 8]
151
298
048
719
697
671
350	3	[0 5]
679
155
749
803	3	[0 8]
982
981
895
490
163	3	[1 6]
911
829
663	3	[6 6]
545
385	3	[5 8]
901
810
191
448
191
179
666
220
385	3	[5 8]
911
276
162
812
398	3	[8 9]
468
486
527
942
583	3	[5 8]
027
176
559
129
844
726
451
248
168
354	3	[4 5]
558
056
474
701
309	3	[0 9]
814
114
367	3	[6 7]
427
024
453	3	[4 5]
817
477
927
990
877
439	3	[4 9]
771
039	3	[0 9]
748
852
263	3	[2 6]
205
943	3	[4 9]
242
376	3	[6 7]
877
118
801
791
369	3	[6 9]
221
395	3	[5 9]
107
731	3	[1 7]
316	3	[1 6]
991
648
729
733	3	[3 7]
471
132	3	[1 2]
019
215
620
265
183	3	[1 8]
793	3	[7 9]
905
311	3	[1 1]
365	3	[5 6]
389	3	[8 9]
685
576
991
355	3	[5 5]
919
540
695
003	3	[0 0]
665
241
680
324	3	[2 4]
066
189
339	3	[3 9]
476
903	3	[0 9]
279
949
057
226
826
211
951
102
391	3	[1 9]
137	3	[1 7]
017
655
511
358	3	[5 8]
468
049
069
494
745
751
854
636	3	[6 6]
651
348	3	[4 8]
146
259
360	3	[0 6]
853	3	[5 8]
743	3	[4 7]
236	3	[2 6]
673	3	[6 7]
901
159
418
443	3	[4 4]
003	3	[0 0]
511
387	3	[7 8]
808
283	3	[2 8]
258
086
915
750
761
639	3	[6 9]
247
792
328	3	[2 8]
493	3	[4 9]
131	3	[1 1]
332	3	[2 3]
218
700
036	3	[0 6]
438	3	[4 8]
463	3	[4 6]
103	3	[0 1]
313	3	[1 3]
013	3	[0 1]
744
060
909
301	3	[0 1]
146
589
011
012
852
050
783	3	[7 8]
941
294
114
020
930	3	[0 9]
925
113	3	[1 1]
039	3	[0 9]
904
733	3	[3 7]
157
267
824
309	3	[0 9]
152
668
750
445
101
806
275
508
255
986
932	3	[2 9]
156
366	3	[6 6]
498
730	3	[0 7]
739	3	[7 9]
563	3	[5 6]
622
027
226
219
511
767
208
045
913	3	[1 9]
680
012
956
393	3	[3 9]
940
109
644
854
810
598
143	3	[1 4]
513	3	[1 5]
394	3	[4 9]
556
719
757
517
093	3	[0 9]
457
087
266
469
679
180
005
957
093	3	[0 9]
882
452
092
066
401
063	3	[0 6]
730	3	[0 7]
135	3	[1 5]
971
446
142
540
363	3	[3 6]
491
780
674
867
048
390	3	[0 9]
096
295
778
397	3	[7 9]
977
975
027
854
744
633	3	[3 6]
599
454
088
601
907
189
772
201
740
109
120
198
605
486
756
887
816
253	3	[2 5]
933	3	[3 9]
842
773	3	[7 7]
597
241
166
324	3	[2 4]
820
588
107
885
588
800
049
685
251
563	3	[5 6]
308	3	[0 8]
446
246
928
937	3	[7 9]
323	3	[2 3]
660
532	3	[2 5]
360	3	[0 6]
648
842
414
863	3	[6 8]
706
117
834	3	[4 8]
373	3	[3 7]
494
144
644
904
918
322	3	[2 2]
977
047
807
679
828
780
293	3	[2 9]
360	3	[0 6]
107
253	3	[2 5]
995
113	3	[1 1]
850
695
310	3	[0 1]
367	3	[6 7]
621
813	3	[1 8]
235	3	[2 5]
457
089
807
259
079
008
045
197
342	3	[2 4]
251
681
124
918
363	3	[3 6]
854
930	3	[0 9]
607
920
962
811
085
659
996
676
496
442
487
095
126
356	3	[5 6]
462
950
261
196
274
339	3	[3 9]
693	3	[6 9]
584
657
336	3	[3 6]
952
683	3	[6 8]
606
530	3	[0 5]
044
377	3	[7 7]
631	3	[1 6]
438	3	[4 8]
782
790
689
561
134	3	[1 4]
340	3	[0 4]
404
560
438	3	[4 8]
453	3	[4 5]
370	3	[0 7]
968
406
461
245
200
913	3	[1 9]
321	3	[1 2]
463	3	[4 6]
788
338	3	[3 8]
727
094
915
934	3	[4 9]
994
797
412
939	3	[9 9]
998
231	3	[1 2]
886
778
847
323	3	[2 3]
335	3	[3 5]
772
650
405
197
155
693	3	[6 9]
787
816
407
498
198
768
550
168
065
555
340	3	[0 4]
959
729
368	3	[6 8]
248
764
471
727
081
392	3	[2 9]
389	3	[8 9]
818
546
217
608
097
190
944
116
744
163	3	[1 6]
976
478
899
408
317	3	[1 7]
443	3	[4 4]
601
060
318	3	[1 8]
145
696
422
117
557
839	3	[8 9]
863	3	[6 8]
331	3	[1 3]
352	3	[2 5]
887
276
703	3	[0 7]
050
281
311	3	[1 1]
808
863	3	[6 8]
009
255
827
144
001
215
705
926
314	3	[1 4]
125
378	3	[7 8]
788
844
403	3	[0 4]
419
863	3	[6 8]
052
260
992
259
444
971
308	3	[0 8]
762
493	3	[4 9]
789
103	3	[0 1]
062
417
762
035	3	[0 5]
635	3	[5 6]
346	3	[4 6]
807
148
087
323	3	[2 3]
380	3	[0 8]
809
925
373	3	[3 7]
377	3	[7 7]
563	3	[5 6]
536	3	[5 6]
264
282
881
703	3	[0 7]
293	3	[2 9]
236	3	[2 6]
235	3	[2 5]
048
066
901
733	3	[3 7]
637	3	[6 7]
266
434	3	[4 4]
116
380	3	[0 8]
820
244
786
404
374	3	[4 7]
197
385	3	[5 8]
592
696
728
564
