904	4	[0 9]
117
587
108
484	4	[4 8]
173
033
632
793
606
982
348	4	[3 8]
018
211
549	4	[5 9]
559
177
495	4	[5 9]
648	4	[6 8]
521
502
182
762
415	4	[1 5]
728
617
152
600
734	4	[3 7]
245	4	[2 5]
514	4	[1 5]
597
576
217
700
981
097
560
089
307
138
006
841	4	[1 8]
113
337
592
309
436	4	[3 6]
289
851
121
184	4	[1 8]
538
170
514	4	[1 5]
348	4	[3 8]
443	4	[3 4]
129
459	4	[5 9]
321
818
957
788
481	4	[1 8]
012
433	4	[3 3]
879
626
677
069
004	4	[0 0]
949	4	[9 9]
490	4	[0 9]
378
712
495	4	[5 9]
424	4	[2 4]
464	4	[4 6]
373
988
119
776
359
037
584	4	[5 8]
300
337
140	4	[0 1]
565
453	4	[3 5]
671
910
820
834	4	[3 8]
152
600
199
592
185
120
745	4	[5 7]
464	4	[4 6]
601
349	4	[3 9]
784	4	[7 8]
921
827
042	4	[0 2]
072
453	4	[3 5]
602
694	4	[6 9]
517
797
698
405	4	[0 5]
221
194	4	[1 9]
283
877
263
139
486	4	[6 8]
076
354	4	[3 5]
234	4	[2 3]
835
383
984	4	[8 9]
450	4	[0 5]
361
231
815
653
032
228
973
417	4	[1 7]
298
456	4	[5 6]
130
597
537
407	4	[0 7]
824	4	[2 8]
520
850
956
470	4	[0 7]
927
359
693
797
532
177
353
588
209
868
854	4	[5 8]
568
567
597
101
858
003
381
377
051
866
726
096
238
728
619
381
597
150
059
979
507
337
959
554	4	[5 5]
039
403	4	[0 3]
745	4	[5 7]
097
881
786
351
841	4	[1 8]
771
168
592
604	4	[0 6]
838
888
344	4	[3 4]
749	4	[7 9]
501
884	4	[8 8]
315
265
882
266
522
105
894	4	[8 9]
627
255
275
323
569
306
870
458	4	[5 8]
042	4	[0 2]
953
212
265
898
770
681
260
441	4	[1 4]
589
602
249	4	[2 9]
353
288
580
578
640	4	[0 6]
762
936
580
502
350
988
108
392
743	4	[3 7]
438	4	[3 8]
487	4	[7 8]
321
106
358
380
514	4	[1 5]
932
181
933
574	4	[5 7]
245	4	[2 5]
403	4	[0 3]
053
649	4	[6 9]
450	4	[0 5]
606
455	4	[5 5]
677
005
445	4	[4 5]
117
229
500
235
096
291
618
808
851
057
225
804	4	[0 8]
947	4	[7 9]
861
977
535
589
506
580
848	4	[8 8]
415	4	[1 5]
647	4	[6 7]
287
246	4	[2 6]
994	4	[9 9]
648	4	[6 8]
981
375
181
777
875
862
022
358
832
771
836
703
778
049	4	[0 9]
122
535
329
625
547	4	[5 7]
653
343	4	[3 3]
059
327
817
786
205
378
143	4	[1 3]
702
909
167
158
696
553
342	4	[2 3]
921
867
990
131
981
622
654	4	[5 6]
736
849	4	[8 9]
392
191
408	4	[0 8]
401	4	[0 1]
616
628
611
362
452	4	[2 5]
634	4	[3 6]
248	4	[2 8]
651
574	4	[5 7]
996
949	4	[9 9]
956
940	4	[0 9]
220
753
989
900
987
617
794	4	[7 9]
079
448	4	[4 8]
696
479	4	[7 9]
726
845	4	[5 8]
101
521
940	4	[0 9]
263
411	4	[1 1]
464	4	[4 6]
190
826
598
018
010
416	4	[1 6]
075
341	4	[1 3]
790
308
489	4	[8 9]
909
607
418	4	[1 8]
576
271
235
499	4	[9 9]
621
588
228
418	4	[1 8]
945	4	[5 9]
152
216
163
695
202
407	4	[0 7]
798
613
325
962
617
510
197
505
587
367
269
315
924	4	[2 9]
121
241	4	[1 2]
226
506
628
350
159
812
926
937
550
210
168
613
430	4	[0 3]
945	4	[5 9]
219
522
877
637
545	4	[5 5]
086
323
520
053
601
251
423	4	[2 3]
744	4	[4 7]
609
772
332
891
701
947	4	[7 9]
466	4	[6 6]
235
308
636
654	4	[5 6]
329
547	4	[5 7]
608
857
797
819
010
767
910
802
761
705
832
670
917
702
941	4	[1 9]
816
543	4	[3 5]
985
887
297
162
486	4	[6 8]
117
603
758
457	4	[5 7]
871
107
215
678
928
914	4	[1 9]
990
831
574	4	[5 7]
724	4	[2 7]
238
420	4	[0 2]
141	4	[1 1]
076
967
126
707
831
270
935
537
881
973
817
077
411	4	[1 1]
117
281
198
595
185
579
554	4	[5 5]
445	4	[4 5]
294	4	[2 9]
810
636
838
609
899
729
815
834	4	[3 8]
861
587
296
740	4	[0 7]
682
555
868
046	4	[0 6]
479	4	[7 9]
457	4	[5 7]
493	4	[3 9]
851
539
804	4	[0 8]
707
593
066
724	4	[2 7]
372
342	4	[2 3]
641	4	[1 6]
643	4	[3 6]
297
712
967
389
622
658
348	4	[3 8]
261
184	4	[1 8]
072
154	4	[1 5]
662
286
046	4	[0 6]
365
344	4	[3 4]
511
146	4	[1 6]
695
852
936
807
495	4	[5 9]
630
239
418	4	[1 8]
830
984	4	[8 9]
700
917
854	4	[5 8]
499	4	[9 9]
103
756
658
823
380
776
967
202
519
510
597
280
896
167
314	4	[1 3]
853
989
914	4	[1 9]
494	4	[4 9]
628
200
897
177
443	4	[3 4]
718
279
118
104	4	[0 1]
427	4	[2 7]
173
287
448	4	[4 8]
169
831
419	4	[1 9]
603
311
015
803
022
971
762
590
964	4	[6 9]
984	4	[8 9]
974	4	[7 9]
646	4	[6 6]
186
462	4	[2 6]
084	4	[0 8]
255
525
980
095
380
128
201
534	4	[3 5]
330
512
129
867
509
342	4	[2 3]
587
383
811
630
006
906
503
559
855
959
902
860
334	4	[3 3]
402	4	[0 2]
856
099
494	4	[4 9]
921
328
172
961
898
092
883
523
464	4	[4 6]
881
110
566
846	4	[6 8]
177
044	4	[0 4]
660
773
672
769
953
604	4	[0 6]
950
359
178
950
756
129
097
261
467	4	[6 7]
798
943	4	[3 9]
902
322
359
814	4	[1 8]
827
021
300
036
966
185
103
382
098
036
084	4	[0 8]
440	4	[0 4]
481	4	[1 8]
402	4	[0 2]
962
667
754	4	[5 7]
814	4	[1 8]
178
017
460	4	[0 6]
804	4	[0 8]
305
301
160
653
005
194	4	[1 9]
515
862
252
382
050
621
542	4	[2 5]
574	4	[5 7]
350
193
389
083
065
618
575
974	4	[7 9]
305
871
510
578
938
041	4	[0 1]
313
276
090
156
833
787
719
233
772
844	4	[4 8]
949	4	[9 9]
906
306
987
025
921
954	4	[5 9]
335
225
185
744	4	[4 7]
279
479	4	[7 9]
221
388
006
817
215
075
028
189
259
853
297
874	4	[7 8]
872
534	4	[3 5]
979
811
946	4	[6 9]
955
871
271
299
382
458	4	[5 8]
797
603
202
201
777
643	4	[3 6]
672
261
196
220
507
521
417	4	[1 7]
154	4	[1 5]
130
618
617
785
340	4	[0 3]
711
545	4	[5 5]
248	4	[2 8]
950
837
171
468	4	[6 8]
594	4	[5 9]
166
949	4	[9 9]
461	4	[1 6]
909
585
964	4	[6 9]
386
526
058
939
559
744	4	[4 7]
627
537
432	4	[2 3]
909
848	4	[8 8]
369
441	4	[1 4]
990
148	4	[1 8]
792
531
912
135
339
031
983
991
429	4	[2 9]
778
663
288
465	4	[5 6]
976
970
087
890
676
122
204	4	[0 2]
943	4	[3 9]
715
767
797
355
698
769
072
495	4	[5 9]
342	4	[2 3]
104	4	[0 1]
291
118
783
384	4	[3 8]
053
794	4	[7 9]
530
554	4	[5 5]
043	4	[0 3]
993
878
962
075
931
043	4	[0 3]
074	4	[0 7]
321
909
490	4	[0 9]
627
942	4	[2 9]
997
031
758
948	4	[8 9]
385
976
870
876
346	4	[3 6]
947	4	[7 9]
008
524	4	[2 5]
628
412	4	[1 2]
482	4	[2 8]
414	4	[1 4]
397
792
689
385
260
122
017
668
174	4	[1 7]
312
032
873
119
852
837
056
944	4	[4 9]
998
891
415	4	[1 5]
327
173
479	4	[7 9]
300
641	4	[1 6]
501
439	4	[3 9]
087
146	4	[1 6]
379
128
689
574	4	[5 7]
537
622
692
556
460	4	[0 6]
012
153
954	4	[5 9]
849	4	[8 9]
217
337
208
892
220
230
410	4	[0 1]
824	4	[2 8]
481	4	[1 8]
243	4	[2 3]
829
414	4	[1 4]
360
817
736
054	4	[0 5]
837
561
318
281
969
693
418	4	[1 8]
268
912
872
766
556
275
526
976
199
114	4	[1 1]
713
396
818
386
368
817
295
642	4	[2 6]
053
034	4	[0 3]
226
225
607
700
789
181
539
149	4	[1 9]
035
607
314	4	[1 3]
954	4	[5 9]
878
028
949	4	[9 9]
821
625
525
533
944	4	[4 9]
589
028
492	4	[2 9]
113
049	4	[0 9]
307
947	4	[7 9]
895
137
189
678
152
062
397
403	4	[0 3]
419	4	[1 9]
030
889
532
571
192
072
061
377
519
798
543	4	[3 5]
691
797
762
015
862
119
950
157
919
410	4	[0 1]
143	4	[1 3]
886
575
730
471	4	[1 7]
618
479	4	[7 9]
268
401	4	[0 1]
162
930
495	4	[5 9]
209
773
339
256
375
504	4	[0 5]
058
542	4	[2 5]
097
167
025
456	4	[5 6]
518
337
070
210
612
110
821
373
124	4	[1 2]
766
934	4	[3 9]
852
112
635
132
446	4	[4 6]
941	4	[1 9]
493	4	[3 9]
422	4	[2 2]
539
232
525
688
203
236
669
710
366
696
262
283
883
416	4	[1 6]
358
742	4	[2 7]
392
342	4	[2 3]
098
525
041	4	[0 1]
444	4	[4 4]
617
181
432	4	[2 3]
553
724	4	[2 7]
877
506
096
928
927
806
956
896
569
224	4	[2 2]
431	4	[1 3]
348	4	[3 8]
037
301
798
933
281
221
194	4	[1 9]
173
491	4	[1 9]
503
435	4	[3 5]
710
937
675
313
421	4	[1 2]
011
641	4	[1 6]
805
530
914	4	[1 9]
625
164	4	[1 6]
566
982
878
268
256
951
815
845	4	[5 8]
608
617
448	4	[4 8]
744	4	[4 7]
160
008
346	4	[3 6]
489	4	[8 9]
155
885
089
661
594	4	[5 9]
848	4	[8 8]
179
517
550
811
002
263
907
364	4	[3 6]
673
676
747	4	[7 7]
729
763
807
621
576
960
351
750
149	4	[1 9]
058
493	4	[3 9]
387
822
110
409	4	[0 9]
084	4	[0 8]
690
569
441	4	[1 4]
991
317
041	4	[0 1]
792
582
966
314	4	[1 3]
555
089
175
438	4	[3 8]
960
913
501
878
366
880
776
975
823
167
782
352
444	4	[4 4]
765
671
351
517
215
206
232
711
901
718
560
487	4	[7 8]
218
245	4	[2 5]
531
170
046	4	[0 6]
065
653
471	4	[1 7]
103
894	4	[8 9]
134	4	[1 3]
322
501
683
082
990
375
236
104	4	[0 1]
010
765
047	4	[0 7]
828
966
148	4	[1 8]
191
134	4	[1 3]
594	4	[5 9]
091
559
721
880
077
011
405	4	[0 5]
126
149	4	[1 9]
631
253
476	4	[6 7]
005
526
908
464	4	[4 6]
492	4	[2 9]
284	4	[2 8]
286
264	4	[2 6]
744	4	[4 7]
922
136
782
870
998
889
480	4	[0 8]
969
733
493	4	[3 9]
505
108
511
044	4	[0 4]
070
052
334	4	[3 3]
088
256
063
582
326
696
162
806
137
819
091
348	4	[3 8]
161
931
382
665
331
826
034	4	[0 3]
927
918
481	4	[1 8]
821
314	4	[1 3]
178
522
252
856
881
321
699
562
982
022
032
122
817
631
151
457	4	[5 7]
657
191
368
100
068
727
064	4	[0 6]
124	4	[1 2]
208
389
529
278
948	4	[8 9]
422	4	[2 2]
624	4	[2 6]
920
289
559
766
776
661
602
290
336
297
209
602
466	4	[6 6]
077
504	4	[0 5]
834	4	[3 8]
040	4	[0 0]
995
462	4	[2 6]
759
828
973
677
845	4	[5 8]
309
167
141	4	[1 1]
060
818
497	4	[7 9]
248	4	[2 8]
982
101
533
054	4	[0 5]
010
774	4	[7 7]
391
910
093
779
197
248	4	[2 8]
719
556
897
798
886
650
625
213
240	4	[0 2]
204	4	[0 2]
158
842	4	[2 8]
327
505
690
341	4	[1 3]
668
045	4	[0 5]
470	4	[0 7]
597
141	4	[1 1]
555
222
979
036
313
967
898
608
467	4	[6 7]
942	4	[2 9]
904	4	[0 9]
720
691
754	4	[5 7]
473	4	[3 7]
484	4	[4 8]
769
114	4	[1 1]
313
314	4	[1 3]
709
140	4	[0 1]
826
727
759
266
778
405	4	[0 5]
827
472	4	[2 7]
188
273
180
340	4	[0 3]
392
217
713
708
311
457	4	[5 7]
265
395
921
555
858
574	4	[5 7]
219
809
077
661
515
645	4	[5 6]
812
747	4	[7 7]
578
202
450	4	[0 5]
354	4	[3 5]
811
745	4	[5 7]
764	4	[6 7]
706
429	4	[2 9]
501
128
365
513
667
538
019
785
009
510
040	4	[0 0]
435	4	[3 5]
317
882
108
398
414	4	[1 4]
461	4	[1 6]
994	4	[9 9]
568
373
706
005
650
891
061
316
477	4	[7 7]
156
171
769
900
066
959
588
888
301
568
392
070
335
458	4	[5 8]
793
886
116
592
335
701
151
570
770
954	4	[5 9]
995
112
083
067
425	4	[2 5]
161
513
592
137
960
451	4	[1 5]
037
200
418	4	[1 8]
764	4	[6 7]
648	4	[6 8]
245	4	[2 5]
267
748	4	[7 8]
257
532
096
691
408	4	[0 8]
151
748	4	[7 8]
234	4	[2 3]
597
278
547	4	[5 7]
704	4	[0 7]
363
890
224	4	[2 2]
948	4	[8 9]
930
757
152
694	4	[6 9]
090
041	4	[0 1]
995
489	4	[8 9]
824	4	[2 8]
679
027
259
280
501
231
794	4	[7 9]
181
930
793
685
185
120
199
909
840	4	[0 8]
889
598
945	4	[5 9]
084	4	[0 8]
598
618
192
596
903
484	4	[4 8]
334	4	[3 3]
792
707
349	4	[3 9]
936
075
966
772
939
057
522
433	4	[3 3]
104	4	[0 1]
994	4	[9 9]
875
230
640	4	[0 6]
518
798
720
487	4	[7 8]
099
158
643	4	[3 6]
043	4	[0 3]
973
308
752
889
039
093
675
681
801
680
494	4	[4 9]
887
139
716
250
010
027
659
501
948	4	[8 9]
253
788
863
234	4	[2 3]
470	4	[0 7]
557
703
340	4	[0 3]
856
792
332
169
673
235
172
498	4	[8 9]
494	4	[4 9]
204	4	[0 2]
695
661
200
712
112
815
783
417	4	[1 7]
611
092
482	4	[2 8]
147	4	[1 7]
848	4	[8 8]
873
598
660
275
045	4	[0 5]
054	4	[0 5]
644	4	[4 6]
295
965
570
977
546	4	[5 6]
946	4	[6 9]
646	4	[6 6]
514	4	[1 5]
274	4	[2 7]
252
841	4	[1 8]
549	4	[5 9]
168
933
136
401	4	[0 1]
171
089
083
943	4	[3 9]
596
551
299
752
690
944	4	[4 9]
835
408	4	[0 8]
996
005
786
474	4	[4 7]
834	4	[3 8]
640	4	[0 6]
187
137
693
558
368
597
896
467	4	[6 7]
638
487	4	[7 8]
799
300
758
254	4	[2 5]
948	4	[8 9]
583
745	4	[5 7]
526
010
414	4	[1 4]
788
407	4	[0 7]
441	4	[1 4]
109
933
334	4	[3 3]
212
031
342	4	[2 3]
464	4	[4 6]
527
882
015
572
229
111
456	4	[5 6]
345	4	[3 5]
148	4	[1 8]
473	4	[3 7]
974	4	[7 9]
418	4	[1 8]
659
119
725
064	4	[0 6]
218
771
918
394	4	[3 9]
282
081
028
880
338
272
012
485	4	[5 8]
189
330
436	4	[3 6]
138
863
684	4	[6 8]
284	4	[2 8]
816
023
650
223
801
963
056
104	4	[0 1]
269
838
287
751
327
591
257
162
718
254	4	[2 5]
088
854	4	[5 8]
745	4	[5 7]
410	4	[0 1]
015
468	4	[6 8]
031
892
839
283
836
912
357
424	4	[2 4]
501
028
199
359
502
604	4	[0 6]
092
631
031
168
960
709
318
313
649	4	[6 9]
768
097
721
178
555
502
604	4	[0 6]
469	4	[6 9]
125
690
155
412	4	[1 2]
741	4	[1 7]
457	4	[5 7]
802
883
252
857
606
773
131
959
834	4	[3 8]
831
185
933
279
753
459	4	[5 9]
242	4	[2 2]
895
543	4	[3 5]
887
107
888
971
871
211
555
049	4	[0 9]
923
579
035
991
718
159
399
097
781
056
070
150
597
089
414	4	[1 4]
635
331
633
918
413	4	[1 3]
203
679
757
085
307
986
866
727
500
102
382
190
109
638
052
334	4	[3 3]
472	4	[2 7]
536
315
383
716
095
957
098
494	4	[4 9]
066
089
378
675
007
665
922
697
035
547	4	[5 7]
964	4	[6 9]
687
686
345	4	[3 5]
602
379
938
259
060
063
045	4	[0 5]
341	4	[1 3]
626
396
220
178
834	4	[3 8]
795
046	4	[0 6]
729
754	4	[5 7]
384	4	[3 8]
668
506
565
168
444	4	[4 4]
176
729
788
527
917
201
068
938
165
252
988
054	4	[0 5]
858
324	4	[2 3]
211
066
038
584	4	[5 8]
977
790
178
113
710
101
344	4	[3 4]
091
620
293
561
935
677
218
515
499	4	[9 9]
908
100
412	4	[1 2]
840	4	[0 8]
670
831
484	4	[4 8]
610
989
147	4	[1 7]
821
940	4	[0 9]
006
941	4	[1 9]
029
313
614	4	[1 6]
788
079
116
970
212
055
504	4	[0 5]
621
488	4	[8 8]
679
613
752
913
345	4	[3 5]
269
759
165
029
447	4	[4 7]
892
427	4	[2 7]
626
912
713
761
013
799
755
785
821
203
156
145	4	[1 5]
204	4	[0 2]
134	4	[1 3]
945	4	[5 9]
857
852
682
685
838
452	4	[2 5]
789
362
901
408	4	[0 8]
998
104	4	[0 1]
905
169
470	4	[0 7]
454	4	[4 5]
611
645	4	[5 6]
302
336
623
783
530
308
988
339
879
127
194	4	[1 9]
731
158
198
180
389
453	4	[3 5]
057
265
371
000
922
200
463	4	[3 6]
363
731
857
572
337
383
439	4	[3 9]
954	4	[5 9]
156
049	4	[0 9]
374	4	[3 7]
930
550
594	4	[5 9]
230
920
621
738
741	4	[1 7]
534	4	[3 5]
684	4	[6 8]
811
537
717
781
728
002
044	4	[0 4]
790
637
260
549	4	[5 9]
677
107
737
999
144	4	[1 4]
328
288
166
727
257
610
311
124	4	[1 2]
789
850
309
499	4	[9 9]
934	4	[3 9]
187
252
914	4	[1 9]
945	4	[5 9]
538
373
357
552
793
408	4	[0 8]
396
329
625
220
363
503
859
481	4	[1 8]
826
520
326
880
508
851
370
913
014	4	[0 1]
172
560
625
333
679
263
004	4	[0 0]
742	4	[2 7]
075
412	4	[1 2]
398
277
930
981
417	4	[1 7]
440	4	[0 4]
018
839
162
395
944	4	[4 9]
981
937
273
355
916
088
243	4	[2 3]
450	4	[0 5]
661
136
554	4	[5 5]
397
489	4	[8 9]
417	4	[1 7]
727
317
400	4	[0 0]
657
793
369
732
321
107
684	4	[6 8]
604	4	[0 6]
511
639
351
775
846	4	[6 8]
431	4	[1 3]
255
499	4	[9 9]
714	4	[1 7]
227
204	4	[0 2]
950
830
758
917
247	4	[2 7]
196
255
930
570
645	4	[5 6]
383
941	4	[1 9]
264	4	[2 6]
562
478	4	[7 8]
281
972
010
800
007
800
244	4	[2 4]
834	4	[3 8]
765
908
848	4	[8 8]
061
630
399
124	4	[1 2]
819
594	4	[5 9]
769
647	4	[6 7]
131
764	4	[6 7]
942	4	[2 9]
121
759
103
970
376
954	4	[5 9]
706
906
056
093
958
523
962
739
678
853
564	4	[5 6]
808
136
348	4	[3 8]
166
835
939
717
759
713
543	4	[3 5]
919
240	4	[0 2]
284	4	[2 8]
431	4	[1 3]
912
623
810
108
642	4	[2 6]
686
421	4	[1 2]
324	4	[2 3]
313
141	4	[1 1]
378
315
901
306
724	4	[2 7]
658
985
280
600
880
381
784	4	[7 8]
929
444	4	[4 4]
469	4	[6 9]
429	4	[2 9]
785
644	4	[4 6]
377
280
687
114	4	[1 1]
404	4	[0 4]
710
740	4	[0 7]
465	4	[5 6]
006
507
675
263
328
091
384	4	[3 8]
208
718
781
448	4	[4 8]
973
722
751
568
540	4	[0 5]
955
404	4	[0 4]
688
524	4	[2 5]
554	4	[5 5]
790
915
197
565
823
640	4	[0 6]
390
423	4	[2 3]
718
889
187
434	4	[3 4]
782
840	4	[0 8]
096
109
388
002
181
868
524	4	[2 5]
104	4	[0 1]
642	4	[2 6]
489	4	[8 9]
825
733
080
511
976
387
309
392
875
053
471	4	[1 7]
282
892
000
293
445	4	[4 5]
689
090
520
611
051
018
148	4	[1 8]
882
388
766
510
597
916
953
381
068
744	4	[4 7]
331
162
212
053
401	4	[0 1]
810
995
657
225
307
092
526
578
549	4	[5 9]
033
757
731
546	4	[5 6]
387
948	4	[8 9]
686
876
074	4	[0 7]
163
651
427	4	[2 7]
848	4	[8 8]
712
705
439	4	[3 9]
208
638
405	4	[0 5]
506
087
267
720
442	4	[2 4]
285
610
162
879
923
897
073
064	4	[0 6]
098
157
533
686
449	4	[4 9]
755
477	4	[7 7]
381
601
772
389
927
967
562
876
245	4	[2 5]
693
881
961
077
121
493	4	[3 9]
262
929
028
627
000
807
799
349	4	[3 9]
850
673
655
099
509
394	4	[3 9]
459	4	[5 9]
595
452	4	[2 5]
255
306
857
107
137
394	4	[3 9]
942	4	[2 9]
460	4	[0 6]
850
696
484	4	[4 8]
289
396
691
563
582
931
845	4	[5 8]
831
055
887
494	4	[4 9]
048	4	[0 8]
301
442	4	[2 4]
265
128
523
926
923
525
250
920
375
478	4	[7 8]
537
516
384	4	[3 8]
726
762
272
757
420	4	[0 2]
049	4	[0 9]
279
922
323
064	4	[0 6]
961
851
289
394	4	[3 9]
954	4	[5 9]
038
981
443	4	[3 4]
583
246	4	[2 6]
635
561
570
653
777
369
110
419	4	[1 9]
578
550
718
736
080
836
796
042	4	[0 2]
588
038
462	4	[2 6]
811
412	4	[1 2]
188
247	4	[2 7]
016
717
684	4	[6 8]
958
410	4	[0 1]
165
747	4	[7 7]
597
098
526
910
265
574	4	[5 7]
041	4	[0 1]
157
070
193
317
786
798
868
542	4	[2 5]
288
444	4	[4 4]
781
942	4	[2 9]
084	4	[0 8]
602
011
924	4	[2 9]
128
752
369
304	4	[0 3]
035
080
037
863
562
129
631
812
604	4	[0 6]
793
872
124	4	[1 2]
116
359
347	4	[3 7]
203
014	4	[0 1]
268
532
136
394	4	[3 9]
735
252
729
007
816
921
475	4	[5 7]
349	4	[3 9]
711
018
438	4	[3 8]
438	4	[3 8]
375
943	4	[3 9]
253
519
305
594	4	[5 9]
294	4	[2 9]
701
823
367
037
403	4	[0 3]
553
449	4	[4 9]
714	4	[1 7]
600
811
456	4	[5 6]
323
279
199
665
747	4	[7 7]
743	4	[3 7]
752
913
628
835
401	4	[0 1]
679
109
400	4	[0 0]
869
927
800
763
757
901
453	4	[3 5]
658
045	4	[0 5]
174	4	[1 7]
714	4	[1 7]
938
730
662
972
610
599
331
565
518
380
415	4	[1 5]
166
232
639
184	4	[1 8]
767
595
554	4	[5 5]
782
957
089
672
110
633
728
222
201
654	4	[5 6]
341	4	[1 3]
394	4	[3 9]
562
565
377
720
219
196
906
857
357
020
717
423	4	[2 3]
205
224	4	[2 2]
699
042	4	[0 2]
496	4	[6 9]
236
591
918
633
337
208
924	4	[2 9]
523
098
904	4	[0 9]
332
906
611
837
028
538
944	4	[4 9]
695
535
262
786
146	4	[1 6]
363
397
738
098
150
348	4	[3 8]
607
336
357
243	4	[2 3]
533
449	4	[4 9]
328
881
919
664	4	[6 6]
781
613
847	4	[7 8]
480	4	[0 8]
339
217
884	4	[8 8]
103
889
683
023
510
249	4	[2 9]
947	4	[7 9]
277
054	4	[0 5]
570
131
751
081
359
891
278
563
911
597
368
115
546	4	[5 6]
929
865
583
148	4	[1 8]
304	4	[0 3]
400	4	[0 0]
812
717
190
903
710
539
433	4	[3 3]
243	4	[2 3]
431	4	[1 3]
232
922
133
657
560
436	4	[3 6]
880
938
610
093
450	4	[0 5]
188
421	4	[1 2]
708
084	4	[0 8]
726
129
111
728
582
303
806
158
065
836
239
423	4	[2 3]
593
447	4	[4 7]
003
082
561
227
051
059
013
757
242	4	[2 2]
989
784	4	[7 8]
175
731
649	4	[6 9]
926
878
352
264	4	[2 6]
411	4	[1 1]
838
246	4	[2 6]
597
705
640	4	[0 6]
049	4	[0 9]
932
244	4	[2 4]
860
924	4	[2 9]
758
138
980
009
999
703
439	4	[3 9]
866
328
186
287
112
933
252
807
030
941	4	[1 9]
036
051
757
032
473	4	[3 7]
992
312
331
149	4	[1 9]
724	4	[2 7]
897
559
912
544	4	[4 5]
807
335
393
213
731
671
215
453	4	[3 5]
329
832
669
781
927
294	4	[2 9]
671
442	4	[2 4]
956
012
266
850
452	4	[2 5]
798
586
680
060
763
085
833
178
107
138
188
600
713
675
457	4	[5 7]
382
495	4	[5 9]
631
858
747	4	[7 7]
409	4	[0 9]
105
168
562
317
459	4	[5 9]
586
453	4	[3 5]
498	4	[8 9]
569
393
428	4	[2 8]
859
000
305
729
617
054	4	[0 5]
617
995
881
238
531
680
615
982
205
163
564	4	[5 6]
969
825
901
865
944	4	[4 9]
884	4	[8 8]
758
956
538
199
064	4	[0 6]
188
313
703
180
553
185
466	4	[6 6]
288
392
353
814	4	[1 8]
450	4	[0 5]
270
260
624	4	[2 6]
517
536
943	4	[3 9]
827
199
722
435	4	[3 5]
546	4	[5 6]
233
397
227
012
849	4	[8 9]
219
702
195
420	4	[0 2]
205
759
212
692
661
640	4	[0 6]
203
071
406	4	[0 6]
821
173
412	4	[1 2]
479	4	[7 9]
043	4	[0 3]
084	4	[0 8]
939
933
005
763
662
883
098
637
713
567
422	4	[2 2]
143	4	[1 3]
671
370
788
047	4	[0 7]
315
573
714	4	[1 7]
403	4	[0 3]
201
275
043	4	[0 3]
486	4	[6 8]
451	4	[1 5]
570
031
818
161
100
610
611
972
990
682
301
298
245	4	[2 5]
238
766
101
579
885
989
842	4	[2 8]
097
911
875
208
946	4	[6 9]
985
594	4	[5 9]
860
978
861
390
400	4	[0 0]
376
085
481	4	[1 8]
607
050
747	4	[7 7]
596
166
713
372
575
044	4	[0 4]
502
290
388
741	4	[1 7]
656
987
006
314	4	[1 3]
393
557
576
367
605
116
261
168
950
961
391
832
778
068
417	4	[1 7]
237
072
193
229
612
831
982
161
120
028
517
582
409	4	[0 9]
302
082
320
073
084	4	[0 8]
226
995
938
116
049	4	[0 9]
786
260
091
922
256
701
099
933
856
681
853
975
297
066
701
267
588
218
321
192
853
701
116
657
035
718
605
935
577
328
059
713
237
883
018
010
252
341	4	[1 3]
933
203
780
209
560
941	4	[1 9]
764	4	[6 7]
241	4	[1 2]
695
707
584	4	[5 8]
505
269
495	4	[5 9]
810
127
698
054	4	[0 5]
185
224	4	[2 2]
481	4	[1 8]
911
859
492	4	[2 9]
907
517
324	4	[2 3]
246	4	[2 6]
873
271
645	4	[5 6]
128
325
861
336
723
174	4	[1 7]
266
755
521
882
948	4	[8 9]
800
622
912
300
100
982
232
638
888
683
135
224	4	[2 2]
486	4	[6 8]
500
181
326
965
982
131
322
496	4	[6 9]
932
737
777
186
292
591
964	4	[6 9]
467	4	[6 7]
531
254	4	[2 5]
446	4	[4 6]
194	4	[1 9]
307
584	4	[5 8]
719
383
109
397
974	4	[7 9]
040	4	[0 0]
892
153
011
022
904	4	[0 9]
052
848	4	[8 8]
991
846	4	[6 8]
936
595
914	4	[1 9]
078
348	4	[3 8]
806
145	4	[1 5]
619
840	4	[0 8]
925
680
110
730
213
119
515
690
921
442	4	[2 4]
917
263
650
328
662
055
479	4	[7 9]
807
241	4	[1 2]
097
809
129
524	4	[2 5]
038
903
121
012
292
354	4	[3 5]
222
654	4	[5 6]
544	4	[4 5]
503
047	4	[0 7]
976
646	4	[6 6]
906
566
145	4	[1 5]
465	4	[5 6]
634	4	[3 6]
040	4	[0 0]
601
068
989
260
654	4	[5 6]
314	4	[1 3]
041	4	[0 1]
248	4	[2 8]
441	4	[1 4]
055
870
684	4	[6 8]
403	4	[0 3]
484	4	[4 8]
076
333
084	4	[0 8]
862
887
420	4	[0 2]
054	4	[0 5]
944	4	[4 9]
977
010
576
517
971
845	4	[5 8]
588
579
052
714	4	[1 7]
783
082
716
845	4	[5 8]
703
914	4	[1 9]
818
783
328
967
147	4	[1 7]
053
284	4	[2 8]
261
488	4	[8 8]
757
300
882
727
049	4	[0 9]
180
034	4	[0 3]
569
438	4	[3 8]
866
492	4	[2 9]
583
645	4	[5 6]
801
613
473	4	[3 7]
610
391
169
622
021
318
014	4	[0 1]
096
336
154	4	[1 5]
774	4	[7 7]
821
649	4	[6 9]
849	4	[8 9]
320
624	4	[2 6]
428	4	[2 8]
910
406	4	[0 6]
300
581
513
428	4	[2 8]
243	4	[2 3]
287
489	4	[8 9]
623
580
828
813
330
626
985
773
188
054	4	[0 5]
829
835
272
825
830
486	4	[6 8]
760
891
616
422	4	[2 2]
339
165
946	4	[6 9]
249	4	[2 9]
184	4	[1 8]
793
459	4	[5 9]
403	4	[0 3]
657
360
238
322
462	4	[2 6]
438	4	[3 8]
498	4	[8 9]
210
832
328
749	4	[7 9]
534	4	[3 5]
436	4	[3 6]
586
529
041	4	[0 1]
678
085
863
811
797
108
485	4	[5 8]
759
710
832
848	4	[8 8]
743	4	[3 7]
390
306
750
993
347	4	[3 7]
251
688
269
112
442	4	[2 4]
630
721
395
999
689
124	4	[1 2]
448	4	[4 8]
933
552
480	4	[0 8]
320
203
509
203
686
153
344	4	[3 4]
349	4	[3 9]
340	4	[0 3]
021
345	4	[3 5]
565
913
780
842	4	[2 8]
322
427	4	[2 7]
083
760
562
664	4	[6 6]
294	4	[2 9]
644	4	[4 6]
590
551
730
895
047	4	[0 7]
239
209
253
087
841	4	[1 8]
999
361
011
955
335
888
173
725
144	4	[1 4]
585
014	4	[0 1]
486	4	[6 8]
504	4	[0 5]
203
823
462	4	[2 6]
649	4	[6 9]
094	4	[0 9]
030
007
483	4	[3 8]
992
111
505
476	4	[6 7]
783
197
519
098
141	4	[1 1]
603
671
131
603
391
004	4	[0 0]
639
638
162
525
095
530
573
436	4	[3 6]
757
744	4	[4 7]
518
232
471	4	[1 7]
490	4	[0 9]
773
318
194	4	[1 9]
298
936
387
584	4	[5 8]
811
419	4	[1 9]
732
686
274	4	[2 7]
976
973
416	4	[1 6]
153
688
753
722
459	4	[5 9]
146	4	[1 6]
639
579
966
237
030
316
139
225
045	4	[0 5]
351
402	4	[0 2]
235
294	4	[2 9]
478	4	[7 8]
098
681
485	4	[5 8]
302
191
552
261
984	4	[8 9]
475	4	[5 7]
735
941	4	[1 9]
169
162
267
753
676
020
884	4	[8 8]
473	4	[3 7]
179
291
500
915
306
835
811
804	4	[0 8]
456	4	[5 6]
111
303
543	4	[3 5]
299
819
501
791
239
947	4	[7 9]
860
147	4	[1 7]
149	4	[1 9]
154	4	[1 5]
265
991
950
022
377
618
917
005
419	4	[1 9]
539
292
973
097
048	4	[0 8]
007
777
092
329
706
487	4	[7 8]
243	4	[2 3]
027
829
451	4	[1 5]
468	4	[6 8]
886
201
340	4	[0 3]
049	4	[0 9]
860
946	4	[6 9]
866
875
471	4	[1 7]
329
244	4	[2 4]
288
734	4	[3 7]
768
921
652
478	4	[7 8]
540	4	[0 5]
014	4	[0 1]
119
277
712
803
680
050
139
624	4	[2 6]
763
510
076
461	4	[1 6]
740	4	[0 7]
407	4	[0 7]
199
478	4	[7 8]
415	4	[1 5]
148	4	[1 8]
814	4	[1 8]
644	4	[4 6]
448	4	[4 8]
934	4	[3 9]
256
265
007
918
958
239
908
064	4	[0 6]
746	4	[6 7]
556
225
445	4	[4 5]
071
505
422	4	[2 2]
768
857
149	4	[1 9]
783
262
547	4	[5 7]
256
925
985
662
177
743	4	[3 7]
736
103
698
401	4	[0 1]
762
500
441	4	[1 4]
649	4	[6 9]
811
880
697
030
914	4	[1 9]
392
152
517
917
935
888
966
020
485	4	[5 8]
963
873
920
395
377
538
858
865
851
122
353
013
558
699
039
173
130
112
295
922
872
040	4	[0 0]
668
732
683
031
023
500
335
724	4	[2 7]
806
991
616
657
688
010
113
794	4	[7 9]
625
221
646	4	[6 6]
184	4	[1 8]
808
652
244	4	[2 4]
877
621
164	4	[1 6]
133
620
825
284	4	[2 8]
317
560
381
739
528
358
170
021
014	4	[0 1]
199
440	4	[0 4]
042	4	[0 2]
183
458	4	[5 8]
618
687
127
449	4	[4 9]
908
374	4	[3 7]
616
812
191
717
370
476	4	[6 7]
720
386
948	4	[8 9]
378
363
197
665
709
019
722
398
147	4	[1 7]
559
914	4	[1 9]
338
124	4	[1 2]
541	4	[1 5]
971
432	4	[2 3]
964	4	[6 9]
477	4	[7 7]
079
868
841	4	[1 8]
867
447	4	[4 7]
488	4	[8 8]
225
986
710
233
185
940	4	[0 9]
316
808
907
809
898
043	4	[0 3]
026
277
569
977
298
242	4	[2 2]
438	4	[3 8]
089
812
084	4	[0 8]
340	4	[0 3]
877
549	4	[5 9]
958
193
747	4	[7 7]
429	4	[2 9]
133
568
089
208
596
949	4	[9 9]
372
808
772
927
376
541	4	[1 5]
386
675
192
703
139
238
496	4	[6 9]
878
612
444	4	[4 4]
127
288
425	4	[2 5]
481	4	[1 8]
009
653
687
610
157
869
417	4	[1 7]
350
939
413	4	[1 3]
394	4	[3 9]
121
960
518
273
709
232
991
470	4	[0 7]
324	4	[2 3]
309
551
698
144	4	[1 4]
242	4	[2 2]
406	4	[0 6]
662
420	4	[0 2]
536
231
661
568
958
061
475	4	[5 7]
764	4	[6 7]
667
966
368
584	4	[5 8]
232
855
808
887
113
153
179
956
874	4	[7 8]
474	4	[4 7]
351
717
103
460	4	[0 6]
174	4	[1 7]
142	4	[1 2]
760
842	4	[2 8]
175
057
455	4	[5 5]
110
776
340	4	[0 3]
376
022
179
399
515
996
773
821
217
705
617
664	4	[6 6]
276
437	4	[3 7]
620
919
230
992
396
291
927
716
530
014	4	[0 1]
883
646	4	[6 6]
004	4	[0 0]
671
822
094	4	[0 9]
764	4	[6 7]
749	4	[7 9]
495	4	[5 9]
380
792
380
987
055
349	4	[3 9]
139
267
797
393
766
149	4	[1 9]
486	4	[6 8]
078
863
718
222
740	4	[0 7]
445	4	[4 5]
173
808
369
167
409	4	[0 9]
287
691
895
211
923
485	4	[5 8]
988
523
062
557
662
269
428	4	[2 8]
737
507
979
782
310
829
962
440	4	[0 4]
783
019
057
076
894	4	[8 9]
474	4	[4 7]
615
768
806
865
799
847	4	[7 8]
979
613
044	4	[0 4]
018
917
421	4	[1 2]
834	4	[3 8]
780
904	4	[0 9]
132
822
063
142	4	[1 2]
909
342	4	[2 3]
408	4	[0 8]
678
094	4	[0 9]
186
023
016
193
668
839
391
931
731
110
842	4	[2 8]
539
623
090
256
457	4	[5 7]
929
787
439	4	[3 9]
905
066
523
012
588
260
126
615
967
799
161
534	4	[3 5]
297
915
920
451	4	[1 5]
974	4	[7 9]
226
151
268
246	4	[2 6]
268
166
286
108
382
457	4	[5 7]
372
438	4	[3 8]
383
131
170
634	4	[3 6]
516
447	4	[4 7]
421	4	[1 2]
115
765
523
158
649	4	[6 9]
381
539
222
097
702
170
055
671
285
881
174	4	[1 7]
195
214	4	[1 2]
600
776
106
138
046	4	[0 6]
606
860
511
137
254	4	[2 5]
312
302
112
801
322
124	4	[1 2]
816
544	4	[4 5]
340	4	[0 3]
579
127
211
717
387
228
158
780
273
567
002
342	4	[2 3]
166
632
794	4	[7 9]
470	4	[0 7]
859
675
688
345	4	[3 5]
162
091
158
718
119
050
700
286
596
637
806
285
719
419	4	[1 9]
384	4	[3 8]
202
194	4	[1 9]
253
427	4	[2 7]
009
686
208
827
341	4	[1 3]
111
289
572
400	4	[0 0]
141	4	[1 1]
344	4	[3 4]
572
197
046	4	[0 6]
717
588
823
057
365
933
738
395
841	4	[1 8]
519
984	4	[8 9]
645	4	[5 6]
779
962
414	4	[1 4]
051
975
202
705
036
629
958
872
756
676
662
239
015
662
767
952
444	4	[4 4]
326
723
471	4	[1 7]
804	4	[0 8]
636
671
514	4	[1 5]
462	4	[2 6]
324	4	[2 3]
452	4	[2 5]
884	4	[8 8]
449	4	[4 9]
980
969
211
636
906
176
032
343	4	[3 3]
740	4	[0 7]
388
928
703
338
605
828
947	4	[7 9]
580
739
332
951
214	4	[1 2]
525
046	4	[0 6]
724	4	[2 7]
162
801
820
938
957
705
927
193
849	4	[8 9]
840	4	[0 8]
941	4	[1 9]
884	4	[8 8]
205
070
022
674	4	[6 7]
857
993
815
932
237
148	4	[1 8]
087
720
362
926
684	4	[6 8]
283
994	4	[9 9]
600
285
021
759
604	4	[0 6]
045	4	[0 5]
863
593
017
314	4	[1 3]
097
271
223
361
323
976
469	4	[6 9]
617
687
006
460	4	[0 6]
917
480	4	[0 8]
025
582
439	4	[3 9]
850
471	4	[1 7]
171
481	4	[1 8]
575
627
158
906
888
396
676
642	4	[2 6]
872
279
784	4	[7 8]
788
354	4	[3 5]
244	4	[2 4]
425	4	[2 5]
788
503
444	4	[4 4]
275
170
475	4	[5 7]
238
193
077
871
924	4	[2 9]
937
835
449	4	[4 9]
052
340	4	[0 3]
820
397
189
668
947	4	[7 9]
449	4	[4 9]
278
054	4	[0 5]
235
215
970
027
168
855
582
972
163
518
872
146	4	[1 6]
612
534	4	[3 5]
311
291
422	4	[2 2]
689
638
752
288
427	4	[2 7]
972
546	4	[5 6]
534	4	[3 5]
094	4	[0 9]
512
981
793
586
646	4	[6 6]
014	4	[0 1]
778
457	4	[5 7]
124	4	[1 2]
956
205
382
427	4	[2 7]
595
068
943	4	[3 9]
453	4	[3 5]
794	4	[7 9]
699
837
033
341	4	[1 3]
652
497	4	[7 9]
503
518
940	4	[0 9]
101
714	4	[1 7]
869
873
286
384	4	[3 8]
490	4	[0 9]
886
641	4	[1 6]
376
886
436	4	[3 6]
582
619
159
106
774	4	[7 7]
218
611
746	4	[6 7]
227
307
824	4	[2 8]
318
376
026
217
826
125
825
007
573
554	4	[5 5]
016
148	4	[1 8]
960
437	4	[3 7]
340	4	[0 3]
341	4	[1 3]
171
601
127
976
517
661
615
955
962
892
811
164	4	[1 6]
149	4	[1 9]
648	4	[6 8]
918
715
234	4	[2 3]
617
956
299
866
217
568
430	4	[0 3]
955
292
374	4	[3 7]
359
694	4	[6 9]
924	4	[2 9]
131
920
484	4	[4 8]
109
302
530
658
873
801
620
069
022
100
266
256
686
971
898
132
711
634	4	[3 6]
174	4	[1 7]
013
227
247	4	[2 7]
408	4	[0 8]
991
463	4	[3 6]
899
412	4	[1 2]
763
452	4	[2 5]
219
916
950
065
932
455	4	[5 5]
787
264	4	[2 6]
659
135
037
610
377
549	4	[5 9]
058
717
273
052
703
075
232
186
628
344	4	[3 4]
938
708
449	4	[4 9]
860
931
178
071
296
697
383
768
989
243	4	[2 3]
164	4	[1 6]
033
756
872
402	4	[0 2]
739
372
150
397
617
177
474	4	[4 7]
338
131
386
493	4	[3 9]
176
208
682
304	4	[0 3]
588
604	4	[0 6]
996
469	4	[6 9]
510
076
387
755
895
914	4	[1 9]
325
545	4	[5 5]
278
119
903
408	4	[0 8]
231
593
627
890
010
533
446	4	[4 6]
734	4	[3 7]
067
126
874	4	[7 8]
594	4	[5 9]
055
989
618
789
246	4	[2 6]
761
928
310
574	4	[5 7]
924	4	[2 9]
100
859
726
848	4	[8 8]
988
837
840	4	[0 8]
118
048	4	[0 8]
129
193
664	4	[6 6]
194	4	[1 9]
697
695
669
954	4	[5 9]
161
125
908
784	4	[7 8]
728
933
895
477	4	[7 7]
199
764	4	[6 7]
760
497	4	[7 9]
764	4	[6 7]
382
352
227
216
958
425	4	[2 5]
879
134	4	[1 3]
441	4	[1 4]
473	4	[3 7]
556
164	4	[1 6]
534	4	[3 5]
957
863
743	4	[3 7]
397
888
735
499	4	[9 9]
089
355
618
001
193
913
228
091
483	4	[3 8]
951
671
482	4	[2 8]
035
190
545	4	[5 5]
348	4	[3 8]
537
189
520
199
311
704	4	[0 7]
338
498	4	[8 9]
059
060
391
435	4	[3 5]
792
975
190
620
260
470	4	[0 7]
858
865
660
554	4	[5 5]
736
721
901
467	4	[6 7]
023
452	4	[2 5]
008
982
521
007
986
010
384	4	[3 8]
971
137
706
350
343	4	[3 3]
758
129
645	4	[5 6]
695
160
104	4	[0 1]
827
696
444	4	[4 4]
429	4	[2 9]
427	4	[2 7]
288
990
289
820
321
457	4	[5 7]
670
635
453	4	[3 5]
674	4	[6 7]
913
422	4	[2 2]
561
111
507
399
171
537
336
796
627
902
283
087
187
245	4	[2 5]
816
624	4	[2 6]
430	4	[0 3]
160
852
021
836
661
190
730
840	4	[0 8]
831
924	4	[2 9]
803
270
542	4	[2 5]
660
393
667
565
202
226
329
568
841	4	[1 8]
056
308
661
542	4	[2 5]
133
425	4	[2 5]
475	4	[5 7]
090
439	4	[3 9]
603
040	4	[0 0]
408	4	[0 8]
369
401	4	[0 1]
251
270
983
397
833
650
466	4	[6 6]
276
047	4	[0 7]
163
542	4	[2 5]
825
724	4	[2 7]
075
038
157
676
941	4	[1 9]
141	4	[1 1]
999
985
798
181
358
728
926
529
170
917
854	4	[5 8]
317
498	4	[8 9]
292
276
698
659
841	4	[1 8]
487	4	[7 8]
131
003
277
656
899
165
733
608
889
872
669
650
456	4	[5 6]
547	4	[5 7]
699
218
789
732
456	4	[5 6]
787
722
437	4	[3 7]
592
316
745	4	[5 7]
345	4	[3 5]
547	4	[5 7]
297
905
327
680
990
818
496	4	[6 9]
629
701
539
978
662
635
938
396
542	4	[2 5]
563
517
297
281
517
085
210
073
957
360
523
719
476	4	[6 7]
448	4	[4 8]
734	4	[3 7]
728
919
089
474	4	[4 7]
525
444	4	[4 4]
560
745	4	[5 7]
537
756
352
292
646	4	[6 6]
399
057
170
393
335
543	4	[3 5]
276
037
124	4	[1 2]
042	4	[0 2]
879
167
747	4	[7 7]
558
412	4	[1 2]
441	4	[1 4]
655
006
983
918
925
006
590
195
068
243	4	[2 3]
987
042	4	[0 2]
116
599
481	4	[1 8]
322
108
009
523
937
156
598
483	4	[3 8]
321
242	4	[2 2]
319
649	4	[6 9]
174	4	[1 7]
258
621
532
441	4	[1 4]
587
083
179
549	4	[5 9]
353
583
410	4	[0 1]
771
567
036
125
391
971
014	4	[0 1]
859
596
471	4	[1 7]
391
496	4	[6 9]
954	4	[5 9]
707
406	4	[0 6]
605
681
830
707
174	4	[1 7]
855
682
400	4	[0 0]
894	4	[8 9]
896
091
292
590
895
617
317
236
984	4	[8 9]
826
613
734	4	[3 7]
103
273
713
238
678
218
451	4	[1 5]
141	4	[1 1]
157
017
283
684	4	[6 8]
676
857
732
059
099
928
578
736
455	4	[5 5]
387
380
519
262
923
427	4	[2 7]
255
442	4	[2 4]
458	4	[5 8]
096
376
017
246	4	[2 6]
045	4	[0 5]
481	4	[1 8]
384	4	[3 8]
205
658
199
708
459	4	[5 9]
979
019
931
942	4	[2 9]
995
237
481	4	[1 8]
018
474	4	[4 7]
204	4	[0 2]
347	4	[3 7]
700
119
836
508
225
775
740	4	[0 7]
374	4	[3 7]
148	4	[1 8]
979
008
276
887
507
745	4	[5 7]
501
622
776
474	4	[4 7]
898
016
048	4	[0 8]
116
277
987
661
444	4	[4 4]
205
524	4	[2 5]
902
777
346	4	[3 6]
721
003
438	4	[3 8]
632
680
477	4	[7 7]
665
450	4	[0 5]
428	4	[2 8]
554	4	[5 5]
485	4	[5 8]
069
038
397
697
367
707
326
207
648	4	[6 8]
272
141	4	[1 1]
780
399
526
375
636
166
589
740	4	[0 7]
106
733
189
313
845	4	[5 8]
274	4	[2 7]
760
691
409	4	[0 9]
091
590
075
886
734	4	[3 7]
320
641	4	[1 6]
523
744	4	[4 7]
609
068
399
584	4	[5 8]
912
216
888
145	4	[1 5]
536
017
848	4	[8 8]
927
362
305
085
420	4	[0 2]
279
334	4	[3 3]
177
625
235
762
372
290
305
455	4	[5 5]
215
641	4	[1 6]
276
285
243	4	[2 3]
024	4	[0 2]
348	4	[3 8]
565
423	4	[2 3]
860
693
346	4	[3 6]
532
353
307
176
723
299
876
991
978
157
878
558
554	4	[5 5]
424	4	[2 4]
615
481	4	[1 8]
423	4	[2 3]
425	4	[2 5]
948	4	[8 9]
533
474	4	[4 7]
339
177
056
578
380
441	4	[1 4]
404	4	[0 4]
789
216
582
503
797
327
340	4	[0 3]
647	4	[6 7]
230
600
174	4	[1 7]
727
169
206
071
904	4	[0 9]
529
062
604	4	[0 6]
770
497	4	[7 9]
626
653
867
750
803
804	4	[0 8]
539
550
705
325
229
444	4	[4 4]
481	4	[1 8]
023
990
308
771
869
990
117
479	4	[7 9]
025
911
771
595
135
852
680
935
076
038
396
842	4	[2 8]
617
798
075
093
584	4	[5 8]
481	4	[1 8]
292
431	4	[1 3]
707
290
251
626
985
780
825
510
110
121
035
716
230
479	4	[7 9]
592
289
609
980
199
502
773
560
540	4	[0 5]
303
933
983
297
132
208
409	4	[0 9]
004	4	[0 0]
478	4	[7 8]
130
058
995
521
310
648	4	[6 8]
468	4	[6 8]
920
609
749	4	[7 9]
773
125
754	4	[5 7]
538
459	4	[5 9]
334	4	[3 3]
894	4	[8 9]
396
340	4	[0 3]
092
360
393
514	4	[1 5]
176
236
077
366
686
883
156
132
259
220
171
018
499	4	[9 9]
506
100
239
284	4	[2 8]
161
674	4	[6 7]
813
260
176
314	4	[1 3]
499	4	[9 9]
529
008
203
032
266
522
482	4	[2 8]
176
921
479	4	[7 9]
632
083
043	4	[0 3]
959
498	4	[8 9]
537
746	4	[6 7]
885
389
058
663
956
791
037
234	4	[2 3]
598
181
349	4	[3 9]
844	4	[4 8]
640	4	[0 6]
231
176
783
852
204	4	[0 2]
871
054	4	[0 5]
959
323
619
378
483	4	[3 8]
783
917
535
115
182
376
501
280
482	4	[2 8]
630
448	4	[4 8]
247	4	[2 7]
023
009
053
125
470	4	[0 7]
717
254	4	[2 5]
986
706
961
686
160
451	4	[1 5]
235
272
820
885
111
916
893
246	4	[2 6]
913
030
133
145	4	[1 5]
915
923
957
065
150
680
148	4	[1 8]
248	4	[2 8]
140	4	[0 1]
862
435	4	[3 5]
078
568
019
848	4	[8 8]
059
256
166
244	4	[2 4]
852
687
173
274	4	[2 7]
944	4	[4 9]
747	4	[7 7]
058
583
404	4	[0 4]
578
133
005
282
087
651
731
845	4	[5 8]
473	4	[3 7]
190
522
468	4	[6 8]
949	4	[9 9]
452	4	[2 5]
533
741	4	[1 7]
369
850
412	4	[1 2]
264	4	[2 6]
337
161
897
915
531
328
241	4	[1 2]
987
434	4	[3 4]
132
091
332
675
742	4	[2 7]
182
759
945	4	[5 9]
228
432	4	[2 3]
676
869
483	4	[3 8]
412	4	[1 2]
135
380
518
536
783
710
959
632
837
372
214	4	[1 2]
689
011
937
581
033
778
900
352
437	4	[3 7]
833
886
311
723
831
158
625
422	4	[2 2]
412	4	[1 2]
102
607
068
975
664	4	[6 6]
492	4	[2 9]
970
587
554	4	[5 5]
369
488	4	[8 8]
072
191
601
162
614	4	[1 6]
354	4	[3 5]
310
736
119
880
663
061
500
537
020
434	4	[3 4]
284	4	[2 8]
929
642	4	[2 6]
954	4	[5 9]
879
800
658
776
480	4	[0 8]
772
374	4	[3 7]
525
332
241	4	[1 2]
129
929
817
646	4	[6 6]
747	4	[7 7]
646	4	[6 6]
186
375
697
077
911
473	4	[3 7]
352
155
135
588
580
486	4	[6 8]
869
504	4	[0 5]
450	4	[0 5]
355
473	4	[3 7]
233
466	4	[6 6]
049	4	[0 9]
162
762
585
537
253
805
886
792
336
305
081
596
918
768
930
627
129
149	4	[1 9]
705
765
048	4	[0 8]
008
984	4	[8 9]
777
320
513
533
917
490	4	[0 9]
363
002
961
417	4	[1 7]
178
454	4	[4 5]
910
703
358
264	4	[2 6]
084	4	[0 8]
597
975
386
800
586
433	4	[3 3]
334	4	[3 3]
169
927
782
413	4	[1 3]
559
934	4	[3 9]
651
356
535
372
083
208
862
098
989
231
445	4	[4 5]
503
976
523
645	4	[5 6]
048	4	[0 8]
771
623
396
706
355
811
982
964	4	[6 9]
975
683
867
914	4	[1 9]
716
928
745	4	[5 7]
882
053
860
825
136
983
308
250
091
921
388
493	4	[3 9]
056
383
640	4	[0 6]
896
019
912
050
214	4	[1 2]
189
447	4	[4 7]
512
318
615
882
889
684	4	[6 8]
667
448	4	[4 8]
323
486	4	[6 8]
900
657
849	4	[8 9]
890
170
135
111
160
113
055
463	4	[3 6]
659
388
860
410	4	[0 1]
798
973
529
523
925
644	4	[4 6]
709
396
507
669
703
394	4	[3 9]
956
027
997
465	4	[5 6]
786
027
040	4	[0 0]
372
963
256
799
231
990
734	4	[3 7]
113
254	4	[2 5]
387
346	4	[3 6]
626
844	4	[4 8]
108
035
461	4	[1 6]
610
757
573
009
696
896
571
186
588
426	4	[2 6]
164	4	[1 6]
625
193
049	4	[0 9]
585
626
514	4	[1 5]
374	4	[3 7]
177
691
374	4	[3 7]
366
990
015
192
573
200
590
071
967
006
383
881
441	4	[1 4]
013
831
367
769
593
517
119
482	4	[2 8]
447	4	[4 7]
788
621
541	4	[1 5]
058
841	4	[1 8]
481	4	[1 8]
817
030
037
242	4	[2 2]
995
758
586
369
511
527
932
925
517
615
234	4	[2 3]
796
368
482	4	[2 8]
263
864	4	[6 8]
733
400	4	[0 0]
014	4	[0 1]
094	4	[0 9]
867
186
082
448	4	[4 8]
039
875
356
856
835
724	4	[2 7]
686
933
173
181
543	4	[3 5]
386
707
250
367
765
965
199
765
616
849	4	[8 9]
136
586
797
998
562
479	4	[7 9]
523
905
423	4	[2 3]
973
346	4	[3 6]
185
166
352
377
489	4	[8 9]
146	4	[1 6]
728
022
204	4	[0 2]
156
548	4	[5 8]
376
318
834	4	[3 8]
249	4	[2 9]
258
098
888
363
444	4	[4 4]
693
318
260
705
390
029
376
975
142	4	[1 2]
172
921
811
871
223
171
123
289
758
853
687
058
482	4	[2 8]
646	4	[6 6]
392
077
114	4	[1 1]
663
608
434	4	[3 4]
132
514	4	[1 5]
166
952
921
946	4	[6 9]
080
253
215
916
095
638
332
881
234	4	[2 3]
488	4	[8 8]
892
265
972
860
787
220
091
219
672
455	4	[5 5]
187
294	4	[2 9]
469	4	[6 9]
121
807
788
470	4	[0 7]
097
547	4	[5 7]
171
706
763
761
742	4	[2 7]
640	4	[0 6]
275
975
041	4	[0 1]
199
048	4	[0 8]
931
221
772
965
039
607
359
560
830
811
086
416	4	[1 6]
564	4	[5 6]
528
608
024	4	[0 2]
169
939
322
437	4	[3 7]
735
222
127
715
291
242	4	[2 2]
479	4	[7 9]
720
553
115
626
074	4	[0 7]
588
783
302
009
987
724	4	[2 7]
633
356
583
655
161
516
525
220
102
590
262
539
047	4	[0 7]
143	4	[1 3]
069
322
146	4	[1 6]
450	4	[0 5]
643	4	[3 6]
382
967
309
533
730
179
472	4	[2 7]
239
449	4	[4 9]
171
628
688
230
508
197
540	4	[0 5]
527
542	4	[2 5]
775
509
786
569
226
879
341	4	[1 3]
680
811
897
698
877
433	4	[3 3]
261
979
396
111
548	4	[5 8]
382
532
203
292
526
770
749	4	[7 9]
438	4	[3 8]
519
510
577
024	4	[0 2]
641	4	[1 6]
268
033
569
475	4	[5 7]
607
646	4	[6 6]
242	4	[2 2]
833
570
812
858
680
438	4	[3 8]
071
984	4	[8 9]
941	4	[1 9]
231
113
949	4	[9 9]
866
274	4	[2 7]
061
122
432	4	[2 3]
209
465	4	[5 6]
414	4	[1 4]
861
337
257
126
595
241	4	[1 2]
235
185
972
208
814	4	[1 8]
681
713
955
091
552
935
324	4	[2 3]
499	4	[9 9]
519
109
075
665
575
958
175
636
666
876
262
634	4	[3 6]
756
659
197
817
045	4	[0 5]
265
119
204	4	[0 2]
054	4	[0 5]
997
841	4	[1 8]
977
740	4	[0 7]
847	4	[7 8]
185
805
903
163
847	4	[7 8]
536
697
411	4	[1 1]
742	4	[2 7]
611
414	4	[1 4]
952
383
160
780
539
422	4	[2 2]
962
888
959
371
846	4	[6 8]
140	4	[0 1]
492	4	[2 9]
653
504	4	[0 5]
851
956
397
022
391
976
860
864	4	[6 8]
541	4	[1 5]
154	4	[1 5]
144	4	[1 4]
507
192
847	4	[7 8]
756
272
044	4	[0 4]
472	4	[2 7]
407	4	[0 7]
779
125
609
185
958
265
591
722
807
353
589
272
051
438	4	[3 8]
421	4	[1 2]
637
118
557
057
670
199
209
229
782
825
855
899
710
001
904	4	[0 9]
809
503
538
220
737
427	4	[2 7]
562
019
089
630
244	4	[2 4]
071
117
824	4	[2 8]
383
389
964	4	[6 9]
970
368
794	4	[7 9]
307
466	4	[6 6]
892
482	4	[2 8]
853
264	4	[2 6]
967
549	4	[5 9]
904	4	[0 9]
362
475	4	[5 7]
388
287
186
800
795
506
797
921
681
844	4	[4 8]
147	4	[1 7]
621
833
475	4	[5 7]
557
908
739
037
479	4	[7 9]
311
731
366
612
571
430	4	[0 3]
210
328
283
658
204	4	[0 2]
578
671
720
405	4	[0 5]
858
680
241	4	[1 2]
162
379
403	4	[0 3]
787
594	4	[5 9]
462	4	[2 6]
415	4	[1 5]
456	4	[5 6]
368
114	4	[1 1]
152
121
956
984	4	[8 9]
853
777
594	4	[5 9]
310
105
538
553
491	4	[1 9]
199
804	4	[0 8]
779
104	4	[0 1]
775
121
492	4	[2 9]
171
004	4	[0 0]
509
195
760
271
882
052
845	4	[5 8]
871
679
575
541	4	[1 5]
392
252
602
569
707
634	4	[3 6]
952
904	4	[0 9]
924	4	[2 9]
018
342	4	[2 3]
022
983
486	4	[6 8]
978
864	4	[6 8]
599
414	4	[1 4]
329
584	4	[5 8]
890
022
940	4	[0 9]
411	4	[1 1]
207
377
639
744	4	[4 7]
435	4	[3 5]
363
268
272
651
053
781
078
967
961
490	4	[0 9]
162
770
179
965
218
925
251
795
741	4	[1 7]
330
510
053
584	4	[5 8]
367
804	4	[0 8]
470	4	[0 7]
629
268
958
238
464	4	[4 6]
923
241	4	[1 2]
845	4	[5 8]
386
625
677
919
836
096
312
330
549	4	[5 9]
766
160
473	4	[3 7]
328
926
841	4	[1 8]
730
959
564	4	[5 6]
047	4	[0 7]
886
752
027
085
620
737
529
170
869
996
807
818
386
619
468	4	[6 8]
926
402	4	[0 2]
453	4	[3 5]
134	4	[1 3]
790
640	4	[0 6]
790
052
632
820
525
403	4	[0 3]
126
150
139
601
513
368
059
253
887
907
460	4	[0 6]
692
535
001
811
835
648	4	[6 8]
387
827
204	4	[0 2]
113
945	4	[5 9]
368
504	4	[0 5]
678
133
054	4	[0 5]
042	4	[0 2]
567
977
246	4	[2 6]
737
413	4	[1 3]
184	4	[1 8]
827
794	4	[7 9]
301
339
263
323
232
811
871
753
506
760
628
250
819
548	4	[5 8]
976
516
411	4	[1 1]
430	4	[0 3]
541	4	[1 5]
594	4	[5 9]
559
170
888
740	4	[0 7]
776
918
097
987
681
720
138
006
659
417	4	[1 7]
183
033
363
880
765
410	4	[0 1]
573
527
396
048	4	[0 8]
127
626
237
864	4	[6 8]
678
402	4	[0 2]
831
967
389
611
661
032
892
551
066
139
415	4	[1 5]
246	4	[2 6]
422	4	[2 2]
934	4	[3 9]
323
288
204	4	[0 2]
124	4	[1 2]
624	4	[2 6]
306
478	4	[7 8]
869
237
254	4	[2 5]
231
589
713
993
339
254	4	[2 5]
520
886
905
453	4	[3 5]
462	4	[2 6]
011
408	4	[0 8]
754	4	[5 7]
495	4	[5 9]
470	4	[0 7]
534	4	[3 5]
896
696
001
565
468	4	[6 8]
101
760
947	4	[7 9]
337
640	4	[0 6]
201
152
732
353
833
162
800
606
266
627
380
992
458	4	[5 8]
023
491	4	[1 9]
028
317
287
198
872
835
460	4	[0 6]
648	4	[6 8]
602
015
162
421	4	[1 2]
421	4	[1 2]
444	4	[4 4]
623
638
731
965
740	4	[0 7]
825
824	4	[2 8]
408	4	[0 8]
947	4	[7 9]
156
752
169
666
952
294	4	[2 9]
397
170
739
336
163
505
023
114	4	[1 1]
810
876
385
440	4	[0 4]
943	4	[3 9]
036
976
783
816
616
546	4	[5 6]
660
611
682
939
783
680
682
937
017
318
849	4	[8 9]
526
102
725
497	4	[7 9]
700
220
396
749	4	[7 9]
653
923
825
787
657
163
043	4	[0 3]
331
663
374	4	[3 7]
421	4	[1 2]
583
970
184	4	[1 8]
073
499	4	[9 9]
902
410	4	[0 1]
425	4	[2 5]
425	4	[2 5]
446	4	[4 6]
156
887
351
439	4	[3 9]
280
536
184	4	[1 8]
224	4	[2 2]
176
426	4	[2 6]
088
631
012
083
721
223
287
379
356
597
661
264	4	[2 6]
998
507
971
371
748	4	[7 8]
987
839
709
518
352
809
364	4	[3 6]
637
088
279
278
286
895
241	4	[1 2]
022
287
839
419	4	[1 9]
211
474	4	[4 7]
025
814	4	[1 8]
167
845	4	[5 8]
651
751
315
595
124	4	[1 2]
228
359
639
416	4	[1 6]
013
133
714	4	[1 7]
773
788
153
426	4	[2 6]
833
350
749	4	[7 9]
868
346	4	[3 6]
277
995
542	4	[2 5]
782
216
045	4	[0 5]
582
670
260
534	4	[3 5]
217
426	4	[2 6]
535
975
955
933
462	4	[2 6]
817
064	4	[0 6]
933
976
156
077
148	4	[1 8]
433	4	[3 3]
980
058
964	4	[6 9]
440	4	[0 4]
812
176
665
272
552
886
601
760
997
414	4	[1 4]
988
056
223
803
211
838
386
004	4	[0 0]
940	4	[0 9]
773
522
960
554	4	[5 5]
878
268
228
213
046	4	[0 6]
860
033
926
910
896
957
346	4	[3 6]
832
591
786
884	4	[8 8]
455	4	[5 5]
050
333
777
987
613
679
688
191
186
546	4	[5 6]
833
708
302
830
143	4	[1 3]
037
090
142	4	[1 2]
158
025
825
998
230
668
817
568
991
739
526
032
871
675
612
741	4	[1 7]
591
414	4	[1 4]
794	4	[7 9]
269
877
715
389
225
193
249	4	[2 9]
660
754	4	[5 7]
436	4	[3 6]
272
714	4	[1 7]
771
148	4	[1 8]
361
654	4	[5 6]
660
825
957
819
755
303
357
839
689
762
913
354	4	[3 5]
546	4	[5 6]
985
824	4	[2 8]
948	4	[8 9]
132
713
549	4	[5 9]
959
719
296
975
257
198
651
195
221
704	4	[0 7]
596
651
754	4	[5 7]
637
367
163
173
217
784	4	[7 8]
470	4	[0 7]
531
573
557
723
461	4	[1 6]
790
013
805
839
443	4	[3 4]
036
850
157
858
696
972
041	4	[0 1]
307
170
129
466	4	[6 6]
001
419	4	[1 9]
372
560
548	4	[5 8]
362
341	4	[1 3]
199
155
230
357
813
423	4	[2 3]
697
119
238
652
214	4	[1 2]
661
405	4	[0 5]
943	4	[3 9]
898
532
097
637
344	4	[3 4]
681
777
287
129
615
047	4	[0 7]
616
058
076
302
063
376
435	4	[3 5]
691
778
278
094	4	[0 9]
992
955
044	4	[0 4]
020
847	4	[7 8]
479	4	[7 9]
762
121
063
332
271
158
644	4	[4 6]
014	4	[0 1]
738
829
684	4	[6 8]
876
159
886
688
011
259
115
740	4	[0 7]
525
838
132
856
778
201
169
409	4	[0 9]
915
481	4	[1 8]
415	4	[1 5]
299
619
989
361
915
285
187
227
784	4	[7 8]
884	4	[8 8]
950
603
585
688
035
221
301
272
108
253
245	4	[2 5]
666
975
724	4	[2 7]
704	4	[0 7]
766
834	4	[3 8]
019
628
364	4	[3 6]
935
154	4	[1 5]
426	4	[2 6]
367
411	4	[1 1]
877
793
211
941	4	[1 9]
594	4	[5 9]
827
296
818
270
385
779
989
436	4	[3 6]
280
628
213
320
382
397
671
500
300
804	4	[0 8]
048	4	[0 8]
834	4	[3 8]
431	4	[1 3]
572
384	4	[3 8]
345	4	[3 5]
900
793
719
040	4	[0 0]
143	4	[1 3]
773
582
422	4	[2 2]
341	4	[1 3]
747	4	[7 7]
617
350
618
787
388
735
751
833
465	4	[5 6]
689
481	4	[1 8]
244	4	[2 4]
310
009
347	4	[3 7]
906
138
028
026
369
976
569
669
503
384	4	[3 8]
941	4	[1 9]
604	4	[0 6]
615
514	4	[1 5]
338
045	4	[0 5]
769
685
152
107
598
262
219
155
480	4	[0 8]
620
208
867
402	4	[0 2]
440	4	[0 4]
080
257
797
516
088
454	4	[4 5]
108
541	4	[1 5]
561
525
765
034	4	[0 3]
611
283
376
723
302
177
510
069
623
204	4	[0 2]
458	4	[5 8]
940	4	[0 9]
693
358
973
945	4	[5 9]
486	4	[6 8]
707
330
035
878
066
147	4	[1 7]
302
518
568
463	4	[3 6]
657
208
137
109
394	4	[3 9]
669
569
722
044	4	[0 4]
282
976
694	4	[6 9]
178
302
292
898
131
913
059
471	4	[1 7]
468	4	[6 8]
318
837
544	4	[4 5]
246	4	[2 6]
786
657
944	4	[4 9]
901
129
032
315
090
212
119
972
608
807
047	4	[0 7]
826
307
955
035
301
790
474	4	[4 7]
124	4	[1 2]
021
271
688
317
303
566
331
908
561
963
078
726
002
757
933
916
700
554	4	[5 5]
636
187
258
378
944	4	[4 9]
498	4	[8 9]
291
519
478	4	[7 8]
414	4	[1 4]
150
474	4	[4 7]
131
361
150
146	4	[1 6]
716
750
982
063
093
471	4	[1 7]
318
923
513
918
359
655
057
652
299
402	4	[0 2]
975
229
573
630
016
381
167
549	4	[5 9]
072
917
771
726
159
643	4	[3 6]
877
031
115
170
553
536
492	4	[2 9]
674	4	[6 7]
243	4	[2 3]
928
466	4	[6 6]
763
920
982
188
564	4	[5 6]
244	4	[2 4]
474	4	[4 7]
373
376
272
186
268
040	4	[0 0]
679
767
999
750
910
594	4	[5 9]
420	4	[0 2]
472	4	[2 7]
439	4	[3 9]
606
278
164	4	[1 6]
057
320
810
449	4	[4 9]
414	4	[1 4]
676
544	4	[4 5]
591
175
730
654	4	[5 6]
420	4	[0 2]
047	4	[0 7]
691
480	4	[0 8]
971
465	4	[5 6]
789
916
675
300
989
957
106
969
373
223
331
026
488	4	[8 8]
756
324	4	[2 3]
461	4	[1 6]
095
121
703
468	4	[6 8]
746	4	[6 7]
598
397
667
098
071
802
794	4	[7 9]
372
163
960
588
877
169
026
570
057
619
068
080
702
552
820
387
551
252
237
744	4	[4 7]
443	4	[3 4]
275
682
571
069
151
661
491	4	[1 9]
000
706
898
235
201
260
367
696
798
481	4	[1 8]
853
127
392
722
805
264	4	[2 6]
324	4	[2 3]
915
139
170
335
313
480	4	[0 8]
497	4	[7 9]
580
711
860
972
631
986
944	4	[4 9]
478	4	[7 8]
447	4	[4 7]
825
871
664	4	[6 6]
518
171
679
995
159
214	4	[1 2]
923
511
338
008
884	4	[8 8]
933
469	4	[6 9]
637
001
838
459	4	[5 9]
133
733
235
175
160
495	4	[5 9]
748	4	[7 8]
563
713
519
859
947	4	[7 9]
130
359
384	4	[3 8]
849	4	[8 9]
111
639
062
369
191
124	4	[1 2]
908
583
646	4	[6 6]
183
825
956
862
734	4	[3 7]
213
397
042	4	[0 2]
372
446	4	[4 6]
910
971
859
584	4	[5 8]
823
986
657
798
636
305
845	4	[5 8]
939
886
936
426	4	[2 6]
307
684	4	[6 8]
543	4	[3 5]
194	4	[1 9]
001
480	4	[0 8]
215
743	4	[3 7]
445	4	[4 5]
132
618
394	4	[3 9]
626
507
074	4	[0 7]
318
711
051
601
879
860
155
106
980
046	4	[0 6]
847	4	[7 8]
217
379
038
867
096
160
874	4	[7 8]
257
079
936
609
272
676
654	4	[5 6]
255
099
528
199
580
283
124	4	[1 2]
463	4	[3 6]
047	4	[0 7]
853
856
750
989
173
889
654	4	[5 6]
296
721
969
717
197
582
418	4	[1 8]
138
204	4	[0 2]
187
657
757
761
745	4	[5 7]
845	4	[5 8]
708
875
035
977
737
879
160
221
204	4	[0 2]
449	4	[4 9]
282
137
211
731
802
871
276
709
389
775
699
273
824	4	[2 8]
440	4	[0 4]
676
389
021
343	4	[3 3]
706
200
366
264	4	[2 6]
407	4	[0 7]
925
949	4	[9 9]
434	4	[3 4]
182
709
426	4	[2 6]
043	4	[0 3]
862
103
697
386
126
427	4	[2 7]
031
224	4	[2 2]
986
638
108
776
249	4	[2 9]
314	4	[1 3]
448	4	[4 8]
615
519
389
826
852
113
425	4	[2 5]
520
996
157
786
414	4	[1 4]
944	4	[4 9]
176
538
711
982
837
690
657
864	4	[6 8]
098
061
041	4	[0 1]
969
925
247	4	[2 7]
941	4	[1 9]
492	4	[2 9]
050
744	4	[4 7]
475	4	[5 7]
806
525
737
563
332
658
076
948	4	[8 9]
317
658
248	4	[2 8]
458	4	[5 8]
060
603
672
529
584	4	[5 8]
487	4	[7 8]
255
063
749	4	[7 9]
993
354	4	[3 5]
048	4	[0 8]
616
282
885
057
968
481	4	[1 8]
191
905
756
437	4	[3 7]
025
245	4	[2 5]
822
009
915
684	4	[6 8]
699
587
032
064	4	[0 6]
975
292
399
047	4	[0 7]
051
251
229
389
943	4	[3 9]
542	4	[2 5]
405	4	[0 5]
510
185
861
415	4	[1 5]
097
952
447	4	[4 7]
078
433	4	[3 3]
325
184	4	[1 8]
608
552
873
744	4	[4 7]
463	4	[3 6]
912
835
757
345	4	[3 5]
357
288
066
860
235
662
066
514	4	[1 5]
705
245	4	[2 5]
816
658
012
875
178
429	4	[2 9]
049	4	[0 9]
845	4	[5 8]
324	4	[2 3]
547	4	[5 7]
847	4	[7 8]
953
099
523
678
724	4	[2 7]
103
497	4	[7 9]
193
560
562
785
886
283
334	4	[3 3]
545	4	[5 5]
932
226
106
800
443	4	[3 4]
481	4	[1 8]
314	4	[1 3]
987
650
312
767
974	4	[7 9]
193
226
082
564	4	[5 6]
810
964	4	[6 9]
847	4	[7 8]
898
452	4	[2 5]
607
346	4	[3 6]
866
256
147	4	[1 7]
039
418	4	[1 8]
755
306
714	4	[1 7]
407	4	[0 7]
011
297
452	4	[2 5]
684	4	[6 8]
429	4	[2 9]
558
378
818
419	4	[1 9]
798
676
189
346	4	[3 6]
616
591
678
203
034	4	[0 3]
248	4	[2 8]
023
142	4	[1 2]
131
192
281
428	4	[2 8]
720
326
220
744	4	[4 7]
113
209
812
568
328
200
704	4	[0 7]
763
847	4	[7 8]
368
130
271
837
618
598
611
267
325
665
091
303
807
420	4	[0 2]
607
023
411	4	[1 1]
021
006
597
471	4	[1 7]
218
528
286
595
889
959
586
055
865
322
464	4	[4 6]
780
943	4	[3 9]
104	4	[0 1]
780
863
206
356
998
856
291
106
322
477	4	[7 7]
358
932
699
850
794	4	[7 9]
130
153
459	4	[5 9]
918
062
603
925
134	4	[1 3]
538
608
451	4	[1 5]
157
607
923
489	4	[8 9]
989
715
182
320
460	4	[0 6]
230
557
441	4	[1 4]
052
209
944	4	[4 9]
791
418	4	[1 8]
062
969
989
453	4	[3 5]
791
269
615
605
284	4	[2 8]
586
104	4	[0 1]
103
486	4	[6 8]
014	4	[0 1]
153
077
818
107
774	4	[7 7]
169
081
720
513
389
613
363
624	4	[2 6]
277
860
994	4	[9 9]
330
481	4	[1 8]
380
826
752
030
649	4	[6 9]
433	4	[3 3]
638
261
213
471	4	[1 7]
858
778
644	4	[4 6]
081
835
119
947	4	[7 9]
055
893
769
218
161
921
651
982
432	4	[2 3]
858
138
723
808
205
207
884	4	[8 8]
973
325
143	4	[1 3]
398
672
698
232
256
924	4	[2 9]
039
270
971
623
264	4	[2 6]
615
480	4	[0 8]
108
666
768
245	4	[2 5]
703
368
677
482	4	[2 8]
386
225
221
312
352
433	4	[3 3]
743	4	[3 7]
623
606
943	4	[3 9]
444	4	[4 4]
675
187
830
662
654	4	[5 6]
588
558
249	4	[2 9]
966
115
776
496	4	[6 9]
183
508
309
791
475	4	[5 7]
511
396
099
708
590
498	4	[8 9]
980
941	4	[1 9]
528
936
954	4	[5 9]
832
230
968
793
868
369
807
294	4	[2 9]
049	4	[0 9]
944	4	[4 9]
998
690
133
956
959
530
314	4	[1 3]
842	4	[2 8]
317
421	4	[1 2]
037
715
128
933
119
550
096
260
232
941	4	[1 9]
553
606
876
891
864	4	[6 8]
889
070
420	4	[0 2]
225
880
936
958
714	4	[1 7]
010
919
333
885
074	4	[0 7]
171
343	4	[3 3]
184	4	[1 8]
244	4	[2 4]
627
742	4	[2 7]
134	4	[1 3]
324	4	[2 3]
710
913
352
455	4	[5 5]
532
804	4	[0 8]
928
506
910
492	4	[2 9]
116
222
873
860
546	4	[5 6]
067
553
233
496	4	[6 9]
312
082
781
266
713
865
927
504	4	[0 5]
657
083
716
610
631
771
399
659
263
948	4	[8 9]
480	4	[0 8]
639
220
364	4	[3 6]
916
230
421	4	[1 2]
483	4	[3 8]
611
177
313
769
605
738
668
647	4	[6 7]
429	4	[2 9]
489	4	[8 9]
086
053
116
707
148	4	[1 8]
100
101
833
096
475	4	[5 7]
502
802
291
816
998
113
450	4	[0 5]
580
419	4	[1 9]
425	4	[2 5]
257
249	4	[2 9]
701
736
075
664	4	[6 6]
759
693
223
128
004	4	[0 0]
748	4	[7 8]
524	4	[2 5]
778
532
313
111
392
996
037
865
462	4	[2 6]
338
526
360
040	4	[0 0]
666
116
881
116
804	4	[0 8]
279
150
615
565
083
417	4	[1 7]
212
790
039
895
642	4	[2 6]
342	4	[2 3]
252
612
716
273
825
077
789
611
507
168
708
703
863
144	4	[1 4]
013
320
957
861
999
159
404	4	[0 4]
742	4	[2 7]
958
063
528
753
479	4	[7 9]
619
254	4	[2 5]
150
091
200
288
703
046	4	[0 6]
478	4	[7 8]
541	4	[1 5]
108
143	4	[1 3]
361
636
972
890
590
376
654	4	[5 6]
656
817
933
303
730
821
442	4	[2 4]
540	4	[0 5]
735
814	4	[1 8]
563
605
074	4	[0 7]
232
371
691
439	4	[3 9]
530
745	4	[5 7]
845	4	[5 8]
699
792
111
635
246	4	[2 6]
173
574	4	[5 7]
321
800
271
126
111
184	4	[1 8]
151
019
262
308
889
360
662
597
181
573
360
521
449	4	[4 9]
716
884	4	[8 8]
203
221
401	4	[0 1]
051
953
161
290
367
187
072
655
197
309
553
580
384	4	[3 8]
634	4	[3 6]
197
206
753
914	4	[1 9]
064	4	[0 6]
918
435	4	[3 5]
671
302
850
486	4	[6 8]
348	4	[3 8]
075
526
445	4	[4 5]
760
777
395
542	4	[2 5]
276
629
529
118
409	4	[0 9]
288
372
565
261
789
320
367
975
301
593
106
043	4	[0 3]
120
816
962
967
571
704	4	[0 7]
710
008
004	4	[0 0]
286
556
581
674	4	[6 7]
203
200
527
541	4	[1 5]
883
679
441	4	[1 4]
931
905
327
691
104	4	[0 1]
621
324	4	[2 3]
039
971
027
301
797
476	4	[6 7]
307
033
867
768
550
205
023
344	4	[3 4]
729
739
212
390
350
200
511
741	4	[1 7]
222
941	4	[1 9]
841	4	[1 8]
823
301
151
805
908
755
067
905
720
211
534	4	[3 5]
241	4	[1 2]
539
150
079
811
658
753
595
613
883
174	4	[1 7]
954	4	[5 9]
751
414	4	[1 4]
961
381
393
710
608
985
211
392
555
255
315
950
431	4	[1 3]
230
067
842	4	[2 8]
438	4	[3 8]
976
217
668
988
202
688
428	4	[2 8]
014	4	[0 1]
508
589
518
282
374	4	[3 7]
928
761
676
873
559
374	4	[3 7]
616
173
224	4	[2 2]
993
125
627
786
536
832
994	4	[9 9]
026
657
606
814	4	[1 8]
327
492	4	[2 9]
668
252
735
303
809
750
200
022
219
466	4	[6 6]
643	4	[3 6]
709
590
783
951
684	4	[6 8]
304	4	[0 3]
968
058
426	4	[2 6]
148	4	[1 8]
847	4	[7 8]
500
928
878
384	4	[3 8]
462	4	[2 6]
244	4	[2 4]
726
472	4	[2 7]
317
756
635
273
918
836
983
399
079
674	4	[6 7]
581
063
784	4	[7 8]
620
530
612
707
354	4	[3 5]
169
362
738
415	4	[1 5]
246	4	[2 6]
246	4	[2 6]
923
787
939
983
957
903
870
710
068
673
076
889
315
349	4	[3 9]
101
774	4	[7 7]
183
229
630
581
964	4	[6 9]
322
588
738
399
331
172
549	4	[5 9]
222
750
197
144	4	[1 4]
723
653
558
624	4	[2 6]
034	4	[0 3]
385
805
422	4	[2 2]
726
748	4	[7 8]
551
976
251
956
975
183
994	4	[9 9]
408	4	[0 8]
782
117
598
154	4	[1 5]
514	4	[1 5]
538
898
501
381
997
081
999
040	4	[0 0]
458	4	[5 8]
896
543	4	[3 5]
371
034	4	[0 3]
452	4	[2 5]
014	4	[0 1]
993
193
481	4	[1 8]
636
065
441	4	[1 4]
526
831
623
659
073
858
385
193
953
604	4	[0 6]
937
972
223
191
448	4	[4 8]
106
925
013
229
921
968
164	4	[1 6]
203
549	4	[5 9]
345	4	[3 5]
351
016
232
885
691
824	4	[2 8]
346	4	[3 6]
976
073
717
470	4	[0 7]
685
636
683
927
437	4	[3 7]
510
248	4	[2 8]
326
528
729
070
729
487	4	[7 8]
344	4	[3 4]
062
181
343	4	[3 3]
619
824	4	[2 8]
182
518
331
138
342	4	[2 3]
617
325
243	4	[2 3]
587
526
663
755
486	4	[6 8]
178
086
761
075
037
706
503
198
407	4	[0 7]
713
773
552
003
950
910
773
309
868
375
247	4	[2 7]
686
383
169
800
128
675
540	4	[0 5]
138
074	4	[0 7]
283
627
815
989
344	4	[3 4]
185
078
229
800
849	4	[8 9]
151
983
638
014	4	[0 1]
865
285
975
552
791
261
883
866
160
726
433	4	[3 3]
165
870
205
778
601
500
110
417	4	[1 7]
981
923
779
063
091
043	4	[0 3]
011
795
823
163
005
869
763
525
270
818
109
618
453	4	[3 5]
835
374	4	[3 7]
363
980
919
020
034	4	[0 3]
500
452	4	[2 5]
270
150
428	4	[2 8]
894	4	[8 9]
098
178
732
918
542	4	[2 5]
352
878
863
758
666
357
661
585
322
419	4	[1 9]
224	4	[2 2]
377
628
575
863
373
509
755
458	4	[5 8]
282
393
978
292
123
610
573
880
529
589
536
332
322
879
367
561
712
297
519
602
878
250
869
822
304	4	[0 3]
368
285
330
515
491	4	[1 9]
476	4	[6 7]
278
996
862
225
595
057
104	4	[0 1]
680
294	4	[2 9]
192
461	4	[1 6]
752
961
092
502
018
353
074	4	[0 7]
880
818
505
859
137
952
396
483	4	[3 8]
106
005
871
689
283
064	4	[0 6]
727
361
084	4	[0 8]
349	4	[3 9]
134	4	[1 3]
882
702
981
713
669
654	4	[5 6]
634	4	[3 6]
293
878
772
039
930
636
752
590
270
484	4	[4 8]
773
892
822
664	4	[6 6]
932
869
844	4	[4 8]
651
601
407	4	[0 7]
563
628
860
231
291
231
960
410	4	[0 1]
657
947	4	[7 9]
110
304	4	[0 3]
145	4	[1 5]
142	4	[1 2]
664	4	[6 6]
315
471	4	[1 7]
018
562
994	4	[9 9]
362
342	4	[2 3]
866
875
357
048	4	[0 8]
706
197
545	4	[5 5]
945	4	[5 9]
718
205
176
603
302
466	4	[6 6]
015
001
978
585
300
919
887
216
632
920
253
880
325
363
910
191
558
997
786
593
866
541	4	[1 5]
210
277
802
828
330
105
647	4	[6 7]
953
651
766
685
131
362
504	4	[0 5]
533
464	4	[4 6]
171
279
043	4	[0 3]
664	4	[6 6]
138
516
471	4	[1 7]
424	4	[2 4]
143	4	[1 3]
652
997
005
357
749	4	[7 9]
550
117
819
847	4	[7 8]
553
715
588
297
555
650
368
715
597
661
255
225
008
326
924	4	[2 9]
086
691
984	4	[8 9]
886
581
838
656
556
984	4	[8 9]
222
288
579
188
242	4	[2 2]
220
772
161
683
086
426	4	[2 6]
207
723
725
333
824	4	[2 8]
442	4	[2 4]
196
380
524	4	[2 5]
173
047	4	[0 7]
249	4	[2 9]
542	4	[2 5]
737
983
391
401	4	[0 1]
708
782
290
275
443	4	[3 4]
100
137
482	4	[2 8]
221
484	4	[4 8]
972
243	4	[2 3]
118
094	4	[0 9]
208
502
961
308
551
018
124	4	[1 2]
902
166
977
158
693
625
649	4	[6 9]
328
066
602
184	4	[1 8]
787
601
789
860
396
943	4	[3 9]
155
771
856
569
168
063
278
269
869
942	4	[2 9]
907
677
278
809
816
270
914	4	[1 9]
039
211
021
645	4	[5 6]
188
035
104	4	[0 1]
217
847	4	[7 8]
874	4	[7 8]
459	4	[5 9]
925
638
989
119
973
915
353
398
986
196
569
610
708
530
880
350
760
133
954	4	[5 9]
028
127
107
300
737
240	4	[0 2]
140	4	[0 1]
533
369
598
327
101
684	4	[6 8]
913
822
623
709
647	4	[6 7]
511
678
312
498	4	[8 9]
802
841	4	[1 8]
605
350
481	4	[1 8]
389
766
416	4	[1 6]
883
335
195
890
903
771
641	4	[1 6]
556
033
290
466	4	[6 6]
971
596
202
459	4	[5 9]
961
855
086
508
075
708
527
075
371
345	4	[3 5]
125
669
221
671
960
049	4	[0 9]
154	4	[1 5]
715
648	4	[6 8]
372
720
908
405	4	[0 5]
704	4	[0 7]
702
808
541	4	[1 5]
737
461	4	[1 6]
226
111
614	4	[1 6]
114	4	[1 1]
479	4	[7 9]
855
270
291
942	4	[2 9]
553
839
651
807
304	4	[0 3]
886
930
188
776
621
629
671
188
790
315
773
172
736
975
804	4	[0 8]
279
847	4	[7 8]
596
993
031
960
350
018
547	4	[5 7]
388
378
769
823
888
580
116
215
299
547	4	[5 7]
193
020
174	4	[1 7]
250
284	4	[2 8]
012
138
162
807
151
197
231
468	4	[6 8]
718
224	4	[2 2]
034	4	[0 3]
185
496	4	[6 9]
339
542	4	[2 5]
589
558
338
876
433	4	[3 3]
346	4	[3 6]
775
144	4	[1 4]
665
111
473	4	[3 7]
048	4	[0 8]
266
813
212
446	4	[4 6]
699
618
811
393
178
091
910
961
216
157
191
631
207
113
466	4	[6 6]
755
853
966
815
910
134	4	[1 3]
631
112
054	4	[0 5]
484	4	[4 8]
219
646	4	[6 6]
135
885
374	4	[3 7]
605
093
583
403	4	[0 3]
946	4	[6 9]
276
588
014	4	[0 1]
577
282
068
705
311
134	4	[1 3]
246	4	[2 6]
156
002
225
039
118
023
494	4	[4 9]
918
440	4	[0 4]
780
532
762
123
144	4	[1 4]
740	4	[0 7]
492	4	[2 9]
846	4	[6 8]
876
826
844	4	[4 8]
830
064	4	[0 6]
805
910
397
374	4	[3 7]
745	4	[5 7]
661
204	4	[0 2]
392
204	4	[0 2]
715
094	4	[0 9]
028
482	4	[2 8]
809
707
323
282
818
287
139
254	4	[2 5]
884	4	[8 8]
149	4	[1 9]
625
275
676
949	4	[9 9]
628
819
362
843	4	[3 8]
548	4	[5 8]
152
840	4	[0 8]
324	4	[2 3]
647	4	[6 7]
659
765
222
489	4	[8 9]
375
929
747	4	[7 7]
321
613
774	4	[7 7]
606
556
960
396
201
833
363
214	4	[1 2]
776
786
163
827
614	4	[1 6]
023
684	4	[6 8]
662
238
186
652
096
760
740	4	[0 7]
235
451	4	[1 5]
682
375
532
287
044	4	[0 4]
289
111
210
561
390
780
499	4	[9 9]
257
374	4	[3 7]
120
270
437	4	[3 7]
820
214	4	[1 2]
732
645	4	[5 6]
059
569
601
510
519
325
881
724	4	[2 7]
197
564	4	[5 6]
950
641	4	[1 6]
957
044	4	[0 4]
251
715
203
525
709
320
807
814	4	[1 8]
511
796
940	4	[0 9]
753
234	4	[2 3]
724	4	[2 7]
524	4	[2 5]
833
509
128
698
204	4	[0 2]
090
772
241	4	[1 2]
949	4	[9 9]
854	4	[5 8]
915
715
910
314	4	[1 3]
488	4	[8 8]
605
154	4	[1 5]
677
429	4	[2 9]
885
471	4	[1 7]
847	4	[7 8]
212
219
348	4	[3 8]
505
832
904	4	[0 9]
896
751
633
606
165
190
523
166
667
616
014	4	[0 1]
988
502
918
153
676
217
252
084	4	[0 8]
569
827
240	4	[0 2]
280
905
098
341	4	[1 3]
552
657
023
966
738
008
615
993
871
952
816
536
626
834	4	[3 8]
830
809
862
502
989
251
051
025
205
992
492	4	[2 9]
294	4	[2 9]
097
613
008
894	4	[8 9]
635
808
419	4	[1 9]
512
081
111
098
793
408	4	[0 8]
225
597
501
745	4	[5 7]
618
771
469	4	[6 9]
935
032
652
060
805
547	4	[5 7]
103
386
752
266
891
801
734	4	[3 7]
754	4	[5 7]
474	4	[4 7]
888
360
138
882
076
072
477	4	[7 7]
669
233
580
669
721
559
226
081
900
206
421	4	[1 2]
902
932
218
783
907
873
910
413	4	[1 3]
523
141	4	[1 1]
564	4	[5 6]
133
783
011
687
189
622
566
862
428	4	[2 8]
309
201
322
925
085
178
857
461	4	[1 6]
495	4	[5 9]
219
593
129
009
454	4	[4 5]
271
544	4	[4 5]
099
220
032
086
208
341	4	[1 3]
377
666
997
341	4	[1 3]
067
914	4	[1 9]
631
623
803
095
509
898
082
581
348	4	[3 8]
734	4	[3 7]
472	4	[2 7]
797
817
454	4	[4 5]
353
636
169
068
012
966
673
082
579
883
180
001
613
940	4	[0 9]
511
149	4	[1 9]
020
651
592
164	4	[1 6]
769
868
437	4	[3 7]
936
759
094	4	[0 9]
777
031
696
386
507
705
910
941	4	[1 9]
105
614	4	[1 6]
022
376
539
434	4	[3 4]
894	4	[8 9]
873
272
079
587
157
420	4	[0 2]
845	4	[5 8]
987
063
799
487	4	[7 8]
594	4	[5 9]
709
314	4	[1 3]
297
402	4	[0 2]
245	4	[2 5]
747	4	[7 7]
717
944	4	[4 9]
529
025
613
634	4	[3 6]
455	4	[5 5]
914	4	[1 9]
283
460	4	[0 6]
221
272
215
376
282
089
292
915
526
110
727
833
201
021
555
828
449	4	[4 9]
231
533
279
377
251
823
062
630
611
059
719
191
091
907
392
610
103
150
582
427	4	[2 7]
824	4	[2 8]
795
747	4	[7 7]
131
053
843	4	[3 8]
491	4	[1 9]
462	4	[2 6]
196
398
551
392
012
723
816
224	4	[2 2]
532
034	4	[0 3]
958
487	4	[7 8]
188
319
019
429	4	[2 9]
931
424	4	[2 4]
988
522
327
163
863
938
539
913
847	4	[7 8]
541	4	[1 5]
918
009
141	4	[1 1]
138
764	4	[6 7]
579
765
211
377
204	4	[0 2]
466	4	[6 6]
747	4	[7 7]
241	4	[1 2]
443	4	[3 4]
008
690
682
401	4	[0 1]
359
436	4	[3 6]
121
451	4	[1 5]
360
245	4	[2 5]
912
588
140	4	[0 1]
424	4	[2 4]
574	4	[5 7]
359
524	4	[2 5]
782
016
487	4	[7 8]
998
931
832
894	4	[8 9]
009
409	4	[0 9]
814	4	[1 8]
195
156
516
958
824	4	[2 8]
707
412	4	[1 2]
506
437	4	[3 7]
613
009
132
308
026
788
617
207
020
463	4	[3 6]
146	4	[1 6]
073
213
798
641	4	[1 6]
897
260
040	4	[0 0]
588
539
441	4	[1 4]
195
708
060
779
996
121
093
120
600
824	4	[2 8]
127
514	4	[1 5]
358
045	4	[0 5]
394	4	[3 9]
429	4	[2 9]
873
881
887
370
192
382
912
648	4	[6 8]
031
010
262
318
452	4	[2 5]
494	4	[4 9]
817
452	4	[2 5]
938
034	4	[0 3]
895
909
401	4	[0 1]
205
687
985
590
677
112
116
191
352
825
018
130
193
892
451	4	[1 5]
766
538
598
229
986
083
587
516
540	4	[0 5]
156
436	4	[3 6]
587
733
840	4	[0 8]
506
145	4	[1 5]
714	4	[1 7]
689
192
363
298
325
079
778
651
329
995
822
877
846	4	[6 8]
088
490	4	[0 9]
627
095
944	4	[4 9]
027
932
914	4	[1 9]
439	4	[3 9]
704	4	[0 7]
633
866
524	4	[2 5]
839
048	4	[0 8]
517
992
357
330
719
359
799
648	4	[6 8]
818
517
784	4	[7 8]
938
647	4	[6 7]
083
788
407	4	[0 7]
087
268
098
330
546	4	[5 6]
479	4	[7 9]
068
679
188
087
207
247	4	[2 7]
451	4	[1 5]
691
725
844	4	[4 8]
776
546	4	[5 6]
854	4	[5 8]
361
309
012
626
960
096
850
611
111
851
423	4	[2 3]
106
586
983
999
758
427	4	[2 7]
830
803
972
660
580
901
472	4	[2 7]
602
741	4	[1 7]
005
932
577
864	4	[6 8]
206
746	4	[6 7]
906
495	4	[5 9]
516
690
840	4	[0 8]
782
286
892
761
077
439	4	[3 9]
624	4	[2 6]
778
628
404	4	[0 4]
206
666
242	4	[2 2]
258
896
472	4	[2 7]
291
380
423	4	[2 3]
307
562
610
326
036
729
896
711
553
916
654	4	[5 6]
723
996
974	4	[7 9]
248	4	[2 8]
932
846	4	[6 8]
976
879
453	4	[3 5]
530
545	4	[5 5]
208
458	4	[5 8]
738
154	4	[1 5]
600
594	4	[5 9]
254	4	[2 5]
709
954	4	[5 9]
029
816
530
460	4	[0 6]
832
067
022
846	4	[6 8]
418	4	[1 8]
756
994	4	[9 9]
000
854	4	[5 8]
916
603
831
285
531
917
626
819
806
704	4	[0 7]
708
758
694	4	[6 9]
535
618
389
835
422	4	[2 2]
872
702
495	4	[5 9]
209
477	4	[7 7]
693
705
395
260
578
349	4	[3 9]
887
263
191
951
468	4	[6 8]
516
222
081
167
130
633
575
882
404	4	[0 4]
734	4	[3 7]
711
487	4	[7 8]
302
617
733
278
416	4	[1 6]
132
650
629
165
915
414	4	[1 4]
138
363
975
280
103
251
491	4	[1 9]
735
819
445	4	[4 5]
635
131
929
343	4	[3 3]
539
609
622
803
307
747	4	[7 7]
089
243	4	[2 3]
553
651
871
963
454	4	[4 5]
321
541	4	[1 5]
564	4	[5 6]
744	4	[4 7]
332
801
636
664	4	[6 6]
329
240	4	[0 2]
467	4	[6 7]
125
549	4	[5 9]
754	4	[5 7]
991
284	4	[2 8]
119
990
947	4	[7 9]
644	4	[4 6]
196
433	4	[3 3]
206
685
871
915
788
531
909
921
351
070
641	4	[1 6]
627
068
659
936
495	4	[5 9]
457	4	[5 7]
034	4	[0 3]
399
390
493	4	[3 9]
057
327
206
720
990
468	4	[6 8]
022
495	4	[5 9]
533
090
171
994	4	[9 9]
316
015
287
300
219
341	4	[1 3]
618
635
526
375
257
904	4	[0 9]
225
805
421	4	[1 2]
166
561
682
282
855
199
146	4	[1 6]
284	4	[2 8]
359
733
329
867
116
746	4	[6 7]
008
103
369
789
708
797
517
222
416	4	[1 6]
198
128
212
735
639
659
959
558
974	4	[7 9]
435	4	[3 5]
520
295
275
989
938
784	4	[7 8]
278
240	4	[0 2]
405	4	[0 5]
511
562
749	4	[7 9]
726
114	4	[1 1]
682
881
474	4	[4 7]
875
013
932
512
035
064	4	[0 6]
911
522
552
281
553
020
803
469	4	[6 9]
605
556
278
867
142	4	[1 2]
779
574	4	[5 7]
698
180
991
206
765
829
176
186
323
032
626
417	4	[1 7]
817
729
977
067
046	4	[0 6]
600
275
703
925
119
371
245	4	[2 5]
022
337
693
321
520
355
797
170
768
484	4	[4 8]
657
232
017
344	4	[3 4]
780
894	4	[8 9]
127
009
191
435	4	[3 5]
742	4	[2 7]
283
632
599
757
971
733
480	4	[0 8]
729
477	4	[7 7]
982
415	4	[1 5]
809
170
740	4	[0 7]
518
002
371
521
167
518
398
582
432	4	[2 3]
793
897
180
834	4	[3 8]
839
471	4	[1 7]
342	4	[2 3]
678
072
629
266
237
056
926
067
882
307
778
936
503
100
766
797
062
218
791
339
547	4	[5 7]
858
065
886
386
378
243	4	[2 3]
519
177
814	4	[1 8]
047	4	[0 7]
779
401	4	[0 1]
709
800
023
237
297
325
915
559
393
503
231
178
370
930
670
923
130
370
230
767
415	4	[1 5]
275
407	4	[0 7]
238
110
001
683
873
019
170
974	4	[7 9]
299
228
860
211
736
370
562
769
986
454	4	[4 5]
059
341	4	[1 3]
672
739
542	4	[2 5]
658
716
433	4	[3 3]
985
301
452	4	[2 5]
368
857
176
191
348	4	[3 8]
334	4	[3 3]
882
714	4	[1 7]
405	4	[0 5]
986
396
887
262
692
806
473	4	[3 7]
087
534	4	[3 5]
782
983
111
837
072
174	4	[1 7]
688
503
255
862
996
433	4	[3 3]
633
531
925
697
774	4	[7 7]
373
359
235
838
288
831
801
883
740	4	[0 7]
990
128
179
672
626
710
471	4	[1 7]
245	4	[2 5]
593
554	4	[5 5]
133
366
911
318
623
472	4	[2 7]
906
595
161
461	4	[1 6]
913
607
250
641	4	[1 6]
160
745	4	[5 7]
545	4	[5 5]
972
923
606
874	4	[7 8]
735
990
333
045	4	[0 5]
107
534	4	[3 5]
112
172
858
446	4	[4 6]
529
449	4	[4 9]
336
077
231
317
736
424	4	[2 4]
396
312
804	4	[0 8]
208
532
299
470	4	[0 7]
509
128
280
271
918
845	4	[5 8]
351
003
478	4	[7 8]
922
907
752
039
871
423	4	[2 3]
896
060
498	4	[8 9]
442	4	[2 4]
058
081
446	4	[4 6]
786
841	4	[1 8]
491	4	[1 9]
527
014	4	[0 1]
377
375
324	4	[2 3]
273
574	4	[5 7]
175
746	4	[6 7]
123
009
220
172
260
095
030
120
557
704	4	[0 7]
968
023
222
211
785
072
634	4	[3 6]
351
171
769
746	4	[6 7]
613
724	4	[2 7]
449	4	[4 9]
683
321
619
015
451	4	[1 5]
751
537
997
196
047	4	[0 7]
423	4	[2 3]
451	4	[1 5]
242	4	[2 2]
007
635
550
448	4	[4 8]
314	4	[1 3]
009
423	4	[2 3]
171
509
222
895
088
456	4	[5 6]
211
006
505
737
791
670
030
996
325
614	4	[1 6]
547	4	[5 7]
760
619
077
795
266
631
701
861
654	4	[5 6]
018
824	4	[2 8]
236
257
150
747	4	[7 7]
116
227
905
146	4	[1 6]
173
462	4	[2 6]
040	4	[0 0]
451	4	[1 5]
266
899
512
335
971
103
947	4	[7 9]
216
203
390
301
351
045	4	[0 5]
029
384	4	[3 8]
447	4	[4 7]
959
533
427	4	[2 7]
866
672
194	4	[1 9]
608
256
853
510
464	4	[4 6]
364	4	[3 6]
748	4	[7 8]
381
437	4	[3 7]
159
896
103
888
603
373
163
520
283
218
946	4	[6 9]
529
192
925
138
950
312
797
215
029
399
809
177
755
863
036
566
436	4	[3 6]
187
077
308
675
706
583
609
669
806
723
805
509
207
231
481	4	[1 8]
320
159
347	4	[3 7]
369
663
074	4	[0 7]
754	4	[5 7]
493	4	[3 9]
113
468	4	[6 8]
927
716
465	4	[5 6]
912
219
251
259
287
470	4	[0 7]
351
720
903
351
366
349	4	[3 9]
099
573
492	4	[2 9]
110
718
168
576
646	4	[6 6]
101
952
653
794	4	[7 9]
399
442	4	[2 4]
187
387
316
639
336
677
886
949	4	[9 9]
546	4	[5 6]
887
239
023
918
094	4	[0 9]
283
070
185
544	4	[4 5]
676
193
088
630
106
567
006
512
250
318
765
076
629
550
879
329
262
029
913
586
819
576
059
757
303
805
860
486	4	[6 8]
466	4	[6 6]
686
126
671
850
006
525
242	4	[2 2]
486	4	[6 8]
281
408	4	[0 8]
676
947	4	[7 9]
746	4	[6 7]
656
837
295
013
452	4	[2 5]
872
897
223
445	4	[4 5]
685
225
099
828
630
862
452	4	[2 5]
826
698
308
999
494	4	[4 9]
354	4	[3 5]
611
153
008
462	4	[2 6]
052
121
306
525
471	4	[1 7]
398
577
418	4	[1 8]
125
881
269
438	4	[3 8]
056
598
374	4	[3 7]
476	4	[6 7]
072
879
152
481	4	[1 8]
556
468	4	[6 8]
785
721
727
965
524	4	[2 5]
126
733
681
475	4	[5 7]
278
175
147	4	[1 7]
911
928
429	4	[2 9]
448	4	[4 8]
021
507
913
372
705
126
789
258
632
403	4	[0 3]
279
911
109
762
932
276
885
976
861
321
364	4	[3 6]
427	4	[2 7]
108
894	4	[8 9]
008
365
220
247	4	[2 7]
945	4	[5 9]
358
282
682
003
366
506
111
149	4	[1 9]
044	4	[0 4]
863
995
479	4	[7 9]
237
907
658
621
421	4	[1 2]
545	4	[5 5]
059
622
150
048	4	[0 8]
544	4	[4 5]
407	4	[0 7]
814	4	[1 8]
029
416	4	[1 6]
049	4	[0 9]
223
525
873
940	4	[0 9]
272
509
537
169
838
691
421	4	[1 2]
667
830
277
143	4	[1 3]
475	4	[5 7]
055
503
334	4	[3 3]
021
043	4	[0 3]
076
282
515
713
601
642	4	[2 6]
640	4	[0 6]
404	4	[0 4]
871
808
229
942	4	[2 9]
227
620
047	4	[0 7]
678
744	4	[4 7]
028
031
890
197
704	4	[0 7]
003
725
922
170
580
588
285
632
087
488	4	[8 8]
502
425	4	[2 5]
113
192
112
037
900
227
854	4	[5 8]
210
061
286
121
592
248	4	[2 8]
807
495	4	[5 9]
830
044	4	[0 4]
557
250
961
709
747	4	[7 7]
889
017
747	4	[7 7]
652
339
323
936
696
381
382
347	4	[3 7]
369
147	4	[1 7]
345	4	[3 5]
696
122
187
971
895
384	4	[3 8]
775
889
414	4	[1 4]
703
508
661
690
552
229
824	4	[2 8]
893
955
609
979
538
721
958
895
202
629
089
053
290
999
973
934	4	[3 9]
356
148	4	[1 8]
963
953
731
233
246	4	[2 6]
746	4	[6 7]
850
410	4	[0 1]
133
931
436	4	[3 6]
868
444	4	[4 4]
017
747	4	[7 7]
522
160
048	4	[0 8]
870
013
799
641	4	[1 6]
835
354	4	[3 5]
952
406	4	[0 6]
943	4	[3 9]
154	4	[1 5]
021
179
462	4	[2 6]
580
381
771
574	4	[5 7]
663
023
463	4	[3 6]
906
773
640	4	[0 6]
579
357
736
084	4	[0 8]
847	4	[7 8]
647	4	[6 7]
687
840	4	[0 8]
498	4	[8 9]
002
150
183
402	4	[0 2]
727
794	4	[7 9]
121
975
744	4	[4 7]
086
919
147	4	[1 7]
022
349	4	[3 9]
077
743	4	[3 7]
203
983
678
711
779
441	4	[1 4]
854	4	[5 8]
214	4	[1 2]
678
206
502
088
088
520
832
618
650
205
623
232
856
297
946	4	[6 9]
894	4	[8 9]
224	4	[2 2]
993
064	4	[0 6]
242	4	[2 2]
447	4	[4 7]
629
172
730
239
375
453	4	[3 5]
467	4	[6 7]
421	4	[1 2]
619
683
502
586
308
891
627
555
289
816
921
666
644	4	[4 6]
227
291
908
565
483	4	[3 8]
912
183
913
988
463	4	[3 6]
970
405	4	[0 5]
172
442	4	[2 4]
759
017
755
338
298
223
513
612
099
551
163
073
509
808
542	4	[2 5]
468	4	[6 8]
543	4	[3 5]
773
233
727
370
893
250
138
729
714	4	[1 7]
210
027
160
957
265
881
599
474	4	[4 7]
623
801
604	4	[0 6]
730
525
093
817
586
267
153
806
340	4	[0 3]
774	4	[7 7]
641	4	[1 6]
501
902
339
836
781
832
663
389
613
518
821
768
519
918
013
079
003
001
092
728
399
344	4	[3 4]
977
229
558
919
187
312
872
945	4	[5 9]
117
791
007
905
056
333
131
387
217
700
306
064	4	[0 6]
700
322
262
541	4	[1 5]
127
937
738
995
839
933
624	4	[2 6]
433	4	[3 3]
164	4	[1 6]
704	4	[0 7]
101
766
582
018
974	4	[7 9]
128
798
662
524	4	[2 5]
650
158
834	4	[3 8]
711
272
048	4	[0 8]
164	4	[1 6]
754	4	[5 7]
242	4	[2 2]
745	4	[5 7]
526
105
198
760
594	4	[5 9]
660
266
521
411	4	[1 1]
810
235
045	4	[0 5]
998
242	4	[2 2]
288
111
544	4	[4 5]
384	4	[3 8]
999
243	4	[2 3]
321
262
103
224	4	[2 2]
502
091
723
677
275
392
087
946	4	[6 9]
134	4	[1 3]
078
501
673
348	4	[3 8]
194	4	[1 9]
053
423	4	[2 3]
896
792
641	4	[1 6]
317
665
100
123
109
898
010
213
912
610
001
857
820
935
561
310
855
377
544	4	[4 5]
464	4	[4 6]
168
156
021
842	4	[2 8]
822
073
973
044	4	[0 4]
986
619
465	4	[5 6]
529
325
525
183
420	4	[0 2]
603
968
295
417	4	[1 7]
414	4	[1 4]
313
751
524	4	[2 5]
604	4	[0 6]
681
878
245	4	[2 5]
868
371
189
929
397
417	4	[1 7]
927
680
698
323
687
562
451	4	[1 5]
052
051
813
748	4	[7 8]
369
228
738
946	4	[6 9]
102
822
781
629
949	4	[9 9]
414	4	[1 4]
496	4	[6 9]
403	4	[0 3]
975
248	4	[2 8]
855
831
560
406	4	[0 6]
129
796
558
733
506
281
473	4	[3 7]
873
731
312
804	4	[0 8]
688
216
767
269
505
030
060
689
810
274	4	[2 7]
707
846	4	[6 8]
769
855
204	4	[0 2]
034	4	[0 3]
135
858
420	4	[0 2]
571
427	4	[2 7]
481	4	[1 8]
140	4	[0 1]
101
801
100
272
358
520
209
722
604	4	[0 6]
368
287
700
022
274	4	[2 7]
574	4	[5 7]
639
755
034	4	[0 3]
123
738
588
712
687
420	4	[0 2]
012
411	4	[1 1]
424	4	[2 4]
787
090
621
540	4	[0 5]
762
238
563
772
680
061
667
253
838
791
691
237
070
730
997
885
316
124	4	[1 2]
907
864	4	[6 8]
414	4	[1 4]
307
131
057
855
298
214	4	[1 2]
594	4	[5 9]
515
788
317
072
856
568
411	4	[1 1]
073
497	4	[7 9]
724	4	[2 7]
953
945	4	[5 9]
465	4	[5 6]
047	4	[0 7]
202
858
150
576
916
606
955
219
732
972
142	4	[1 2]
839
499	4	[9 9]
060
892
845	4	[5 8]
720
891
956
722
759
778
992
734	4	[3 7]
301
636
965
608
242	4	[2 2]
643	4	[3 6]
408	4	[0 8]
083
037
343	4	[3 3]
822
770
391
398
811
817
110
168
126
034	4	[0 3]
275
763
863
660
185
774	4	[7 7]
306
525
618
495	4	[5 9]
361
577
564	4	[5 6]
621
059
202
373
367
084	4	[0 8]
143	4	[1 3]
545	4	[5 5]
842	4	[2 8]
270
741	4	[1 7]
412	4	[1 2]
744	4	[4 7]
455	4	[5 5]
455	4	[5 5]
974	4	[7 9]
919
300
327
919
056
131
193
935
874	4	[7 8]
591
668
907
699
042	4	[0 2]
798
017
585
847	4	[7 8]
458	4	[5 8]
551
593
283
416	4	[1 6]
218
140	4	[0 1]
829
544	4	[4 5]
870
911
376
081
593
788
348	4	[3 8]
827
293
573
882
275
863
814	4	[1 8]
865
455	4	[5 5]
555
201
822
646	4	[6 6]
779
593
818
546	4	[5 6]
803
437	4	[3 7]
064	4	[0 6]
962
038
656
885
161
666
402	4	[0 2]
266
200
562
595
328
146	4	[1 6]
822
036
363
020
599
620
288
154	4	[1 5]
926
996
058
753
753
144	4	[1 4]
540	4	[0 5]
824	4	[2 8]
860
284	4	[2 8]
256
436	4	[3 6]
181
226
675
507
186
122
876
651
531
095
103
593
449	4	[4 9]
750
324	4	[2 3]
268
933
719
519
250
932
213
213
556
723
831
201
461	4	[1 6]
999
327
200
725
733
655
292
192
280
970
461	4	[1 6]
783
003
411	4	[1 1]
306
994	4	[9 9]
628
424	4	[2 4]
836
042	4	[0 2]
118
982
974	4	[7 9]
479	4	[7 9]
380
994	4	[9 9]
887
335
488	4	[8 8]
521
760
686
805
531
418	4	[1 8]
047	4	[0 7]
378
424	4	[2 4]
475	4	[5 7]
166
510
288
907
335
530
801
434	4	[3 4]
658
361
343	4	[3 3]
267
386
757
214	4	[1 2]
078
221
001
934	4	[3 9]
517
384	4	[3 8]
984	4	[8 9]
200
164	4	[1 6]
998
806
312
960
052
085
265
986
001
380
065
880
578
520
855
469	4	[6 9]
925
146	4	[1 6]
313
915
967
890
925
751
181
460	4	[0 6]
482	4	[2 8]
336
037
216
138
631
856
353
202
751
197
937
974	4	[7 9]
782
617
516
778
323
919
719
569
988
615
231
941	4	[1 9]
820
020
438	4	[3 8]
209
120
008
722
135
991
506
209
876
323
828
269
606
328
377
844	4	[4 8]
111
319
880
453	4	[3 5]
387
457	4	[5 7]
166
671
852
404	4	[0 4]
842	4	[2 8]
232
564	4	[5 6]
164	4	[1 6]
035
242	4	[2 2]
096
972
330
593
163
405	4	[0 5]
011
824	4	[2 8]
451	4	[1 5]
353
207
053
236
971
410	4	[0 1]
303
523
577
318
244	4	[2 4]
549	4	[5 9]
382
105
120
515
053
990
298
105
507
808
962
965
665
700
431	4	[1 3]
806
155
851
770
563
377
339
379
969
547	4	[5 7]
458	4	[5 8]
888
345	4	[3 5]
768
166
197
683
067
057
332
290
520
225
279
874	4	[7 8]
118
897
727
169
431	4	[1 3]
098
162
007
369
145	4	[1 5]
604	4	[0 6]
604	4	[0 6]
663
379
948	4	[8 9]
561
178
394	4	[3 9]
160
252
946	4	[6 9]
190
754	4	[5 7]
647	4	[6 7]
216
561
416	4	[1 6]
339
148	4	[1 8]
313
232
017
810
325
489	4	[8 9]
380
006
347	4	[3 7]
364	4	[3 6]
307
119
992
197
542	4	[2 5]
257
674	4	[6 7]
116
964	4	[6 9]
571
100
595
886
409	4	[0 9]
921
884	4	[8 8]
056
994	4	[9 9]
850
936
981
299
607
753
630
624	4	[2 6]
443	4	[3 4]
116
221
614	4	[1 6]
301
625
879
836
559
002
320
917
709
748	4	[7 8]
727
555
879
606
131
400	4	[0 0]
695
176
867
469	4	[6 9]
414	4	[1 4]
465	4	[5 6]
245	4	[2 5]
385
024	4	[0 2]
527
210
892
962
400	4	[0 0]
123
371
894	4	[8 9]
981
051
318
940	4	[0 9]
743	4	[3 7]
994	4	[9 9]
233
818
492	4	[2 9]
357
837
662
638
362
995
509
694	4	[6 9]
657
540	4	[0 5]
810
935
398
874	4	[7 8]
813
985
714	4	[1 7]
986
091
825
693
026
289
983
753
217
133
725
605
576
004	4	[0 0]
079
140	4	[0 1]
588
814	4	[1 8]
143	4	[1 3]
953
561
262
025
682
197
046	4	[0 6]
279
767
133
818
710
519
945	4	[5 9]
475	4	[5 7]
546	4	[5 6]
830
378
846	4	[6 8]
422	4	[2 2]
052
585
321
716
589
894	4	[8 9]
888
929
266
093
426	4	[2 6]
287
239
591
961
642	4	[2 6]
984	4	[8 9]
803
981
935
586
633
543	4	[3 5]
417	4	[1 7]
805
668
007
112
385
178
411	4	[1 1]
724	4	[2 7]
794	4	[7 9]
775
890
086
297
676
573
020
884	4	[8 8]
308
388
682
347	4	[3 7]
126
086
343	4	[3 3]
009
218
723
228
083
631
464	4	[4 6]
803
872
073
701
951
130
925
569
250
048	4	[0 8]
552
513
724	4	[2 7]
066
155
918
488	4	[8 8]
475	4	[5 7]
998
007
817
844	4	[4 8]
551
049	4	[0 9]
894	4	[8 9]
014	4	[0 1]
071
926
559
380
151
702
212
545	4	[5 5]
755
769
798
224	4	[2 2]
476	4	[6 7]
852
322
704	4	[0 7]
508
010
075
352
589
643	4	[3 6]
877
186
034	4	[0 3]
977
343	4	[3 3]
320
553
270
975
288
505
125
849	4	[8 9]
833
882
739
101
772
451	4	[1 5]
682
076
495	4	[5 9]
837
534	4	[3 5]
311
714	4	[1 7]
613
935
524	4	[2 5]
524	4	[2 5]
011
421	4	[1 2]
081
971
565
786
789
307
429	4	[2 9]
739
085
077
275
780
163
930
444	4	[4 4]
231
253
936
841	4	[1 8]
442	4	[2 4]
123
713
369
848	4	[8 8]
749	4	[7 9]
711
286
233
507
510
809
258
415	4	[1 5]
255
194	4	[1 9]
705
886
804	4	[0 8]
033
434	4	[3 4]
756
385
051
726
999
569
103
007
045	4	[0 5]
540	4	[0 5]
685
207
278
528
801
831
998
506
502
778
553
453	4	[3 5]
102
017
544	4	[4 5]
173
372
636
110
944	4	[4 9]
487	4	[7 8]
679
960
545	4	[5 5]
769
441	4	[1 4]
384	4	[3 8]
181
193
738
609
529
130
753
932
222
236
712
677
243	4	[2 3]
152
345	4	[3 5]
801
386
845	4	[5 8]
435	4	[3 5]
711
578
936
837
834	4	[3 8]
248	4	[2 8]
396
398
018
047	4	[0 7]
586
702
395
094	4	[0 9]
509
989
502
974	4	[7 9]
639
957
882
132
835
209
209
757
154	4	[1 5]
873
701
228
774	4	[7 7]
283
682
915
705
572
715
169
133
023
378
038
804	4	[0 8]
794	4	[7 9]
077
644	4	[4 6]
302
813
476	4	[6 7]
791
646	4	[6 6]
960
460	4	[0 6]
674	4	[6 7]
492	4	[2 9]
886
222
801
098
219
120
503
855
541	4	[1 5]
459	4	[5 9]
123
945	4	[5 9]
299
276
905
524	4	[2 5]
183
264	4	[2 6]
464	4	[4 6]
114	4	[1 1]
457	4	[5 7]
494	4	[4 9]
000
190
506
122
265
761
839
913
385
382
592
280
830
656
579
396
154	4	[1 5]
286
576
906
120
356
419	4	[1 9]
360
607
821
090
820
561
283
961
102
782
219
135
772
152
532
570
335
540	4	[0 5]
812
404	4	[0 4]
254	4	[2 5]
513
471	4	[1 7]
229
994	4	[9 9]
807
684	4	[6 8]
019
421	4	[1 2]
801
116
470	4	[0 7]
273
382
955
997
622
236
539
526
395
903
773
711
260
747	4	[7 7]
502
228
138
056
043	4	[0 3]
705
667
009
991
258
027
145	4	[1 5]
523
095
656
731
571
899
518
463	4	[3 6]
520
874	4	[7 8]
252
038
174	4	[1 7]
019
553
844	4	[4 8]
192
900
999
890
351
968
056
221
858
295
302
930
960
081
729
543	4	[3 5]
920
621
656
467	4	[6 7]
365
564	4	[5 6]
679
088
068
077
569
603
644	4	[4 6]
357
220
652
818
291
561
494	4	[4 9]
979
094	4	[0 9]
240	4	[0 2]
486	4	[6 8]
044	4	[0 4]
491	4	[1 9]
161
844	4	[4 8]
936
601
282
751
769
028
524	4	[2 5]
772
102
487	4	[7 8]
338
932
211
795
883
441	4	[1 4]
457	4	[5 7]
975
250
316
226
656
264	4	[2 6]
001
009
153
364	4	[3 6]
466	4	[6 6]
664	4	[6 6]
969
325
080
528
087
563
706
240	4	[0 2]
889
749	4	[7 9]
758
487	4	[7 8]
453	4	[3 5]
942	4	[2 9]
150
695
262
695
569
774	4	[7 7]
127
678
547	4	[5 7]
592
544	4	[4 5]
992
335
501
455	4	[5 5]
050
817
410	4	[0 1]
953
310
063
613
079
156
725
371
859
261
850
921
423	4	[2 3]
765
826
063
558
610
967
005
303
146	4	[1 6]
814	4	[1 8]
272
458	4	[5 8]
933
049	4	[0 9]
259
034	4	[0 3]
774	4	[7 7]
242	4	[2 2]
761
280
926
546	4	[5 6]
493	4	[3 9]
418	4	[1 8]
888
730
389
965
484	4	[4 8]
371
322
187
248	4	[2 8]
605
249	4	[2 9]
536
813
372
288
299
112
327
839
495	4	[5 9]
364	4	[3 6]
211
015
494	4	[4 9]
416	4	[1 6]
884	4	[8 8]
327
853
286
974	4	[7 9]
491	4	[1 9]
513
325
985
737
757
742	4	[2 7]
464	4	[4 6]
659
016
258
631
484	4	[4 8]
731
682
490	4	[0 9]
742	4	[2 7]
083
502
712
516
136
400	4	[0 0]
955
039
827
520
054	4	[0 5]
501
020
949	4	[9 9]
152
468	4	[6 8]
184	4	[1 8]
949	4	[9 9]
063
616
680
763
723
167
763
400	4	[0 0]
130
254	4	[2 5]
764	4	[6 7]
563
286
321
917
733
318
384	4	[3 8]
432	4	[2 3]
333
541	4	[1 5]
140	4	[0 1]
972
468	4	[6 8]
117
486	4	[6 8]
300
613
546	4	[5 6]
875
171
897
304	4	[0 3]
844	4	[4 8]
098
691
543	4	[3 5]
113
001
750
609
672
506
489	4	[8 9]
202
640	4	[0 6]
264	4	[2 6]
159
704	4	[0 7]
026
801
428	4	[2 8]
230
981
912
621
358
035
591
433	4	[3 3]
653
157
303
626
868
703
733
517
976
928
382
245	4	[2 5]
220
398
249	4	[2 9]
969
952
371
019
648	4	[6 8]
575
554	4	[5 5]
952
706
004	4	[0 0]
871
450	4	[0 5]
405	4	[0 5]
874	4	[7 8]
139
167
882
544	4	[4 5]
419	4	[1 9]
898
294	4	[2 9]
650
393
674	4	[6 7]
703
762
943	4	[3 9]
020
923
682
385
864	4	[6 8]
518
287
188
667
960
329
967
715
377
835
480	4	[0 8]
768
804	4	[0 8]
507
375
874	4	[7 8]
144	4	[1 4]
717
804	4	[0 8]
856
057
288
803
924	4	[2 9]
820
614	4	[1 6]
552
355
150
305
687
173
888
953
902
069
673
225
882
451	4	[1 5]
287
156
424	4	[2 4]
000
798
954	4	[5 9]
587
518
376
522
186
253
480	4	[0 8]
922
642	4	[2 6]
456	4	[5 6]
576
698
037
079
390
772
399
049	4	[0 9]
302
649	4	[6 9]
196
738
578
808
695
369
280
096
666
555
121
163
341	4	[1 3]
405	4	[0 5]
417	4	[1 7]
229
770
616
995
405	4	[0 5]
328
041	4	[0 1]
480	4	[0 8]
683
076
145	4	[1 5]
971
444	4	[4 4]
443	4	[3 4]
510
535
897
299
971
751
444	4	[4 4]
934	4	[3 9]
555
311
468	4	[6 8]
568
157
831
327
806
332
685
203
083
795
528
057
705
830
121
551
697
112
186
538
753
181
152
956
087
765
408	4	[0 8]
895
884	4	[8 8]
788
677
750
102
670
911
368
369
735
401	4	[0 1]
941	4	[1 9]
861
546	4	[5 6]
529
140	4	[0 1]
332
569
163
154	4	[1 5]
005
087
008
507
384	4	[3 8]
726
780
628
192
057
724	4	[2 7]
421	4	[1 2]
562
624	4	[2 6]
638
270
657
918
926
683
554	4	[5 5]
928
671
276
961
041	4	[0 1]
557
389
259
556
600
921
528
215
379
710
425	4	[2 5]
742	4	[2 7]
479	4	[7 9]
583
257
481	4	[1 8]
538
227
876
960
581
154	4	[1 5]
764	4	[6 7]
234	4	[2 3]
106
733
702
905
236
968
927
617
357
393
629
627
263
891
606
181
315
768
121
846	4	[6 8]
159
299
436	4	[3 6]
487	4	[7 8]
955
071
886
833
663
107
507
744	4	[4 7]
015
054	4	[0 5]
801
104	4	[0 1]
189
560
138
100
702
997
854	4	[5 8]
424	4	[2 4]
623
338
656
627
013
020
837
173
943	4	[3 9]
524	4	[2 5]
087
019
890
046	4	[0 6]
704	4	[0 7]
741	4	[1 7]
310
847	4	[7 8]
907
826
585
515
335
448	4	[4 8]
272
570
240	4	[0 2]
064	4	[0 6]
214	4	[1 2]
739
863
540	4	[0 5]
571
179
897
487	4	[7 8]
006
363
962
393
087
383
176
613
890
162
356
959
495	4	[5 9]
288
580
690
462	4	[2 6]
406	4	[0 6]
261
036
083
243	4	[2 3]
294	4	[2 9]
597
853
110
065
967
604	4	[0 6]
657
878
716
214	4	[1 2]
725
490	4	[0 9]
574	4	[5 7]
251
190
184	4	[1 8]
307
975
796
526
391
705
574	4	[5 7]
407	4	[0 7]
428	4	[2 8]
469	4	[6 9]
932
885
185
916
335
062
446	4	[4 6]
493	4	[3 9]
223
491	4	[1 9]
319
247	4	[2 7]
523
774	4	[7 7]
427	4	[2 7]
377
553
103
561
837
607
524	4	[2 5]
483	4	[3 8]
764	4	[6 7]
914	4	[1 9]
661
004	4	[0 0]
584	4	[5 8]
918
130
913
288
389
675
115
540	4	[0 5]
548	4	[5 8]
017
843	4	[3 8]
775
184	4	[1 8]
485	4	[5 8]
718
545	4	[5 5]
877
267
233
734	4	[3 7]
025
935
030
721
913
514	4	[1 5]
350
557
469	4	[6 9]
139
067
369
702
887
471	4	[1 7]
922
155
552
986
426	4	[2 6]
152
598
639
378
724	4	[2 7]
197
076
731
886
886
856
155
255
446	4	[4 6]
262
726
724	4	[2 7]
160
292
084	4	[0 8]
980
178
162
055
070
359
634	4	[3 6]
574	4	[5 7]
661
028
049	4	[0 9]
048	4	[0 8]
054	4	[0 5]
349	4	[3 9]
927
061
134	4	[1 3]
491	4	[1 9]
051
615
512
482	4	[2 8]
754	4	[5 7]
502
071
849	4	[8 9]
303
542	4	[2 5]
664	4	[6 6]
201
338
792
694	4	[6 9]
875
381
826
911
188
489	4	[8 9]
104	4	[0 1]
305
114	4	[1 1]
691
861
116
241	4	[1 2]
364	4	[3 6]
518
734	4	[3 7]
199
707
720
966
653
695
807
670
170
520
467	4	[6 7]
755
893
691
518
194	4	[1 9]
472	4	[2 7]
482	4	[2 8]
756
854	4	[5 8]
835
189
303
310
158
996
563
349	4	[3 9]
352
174	4	[1 7]
424	4	[2 4]
781
931
501
121
678
780
422	4	[2 2]
217
428	4	[2 8]
044	4	[0 4]
007
259
845	4	[5 8]
109
131
079
660
179
223
951
254	4	[2 5]
515
005
875
818
716
804	4	[0 8]
282
165
157
064	4	[0 6]
390
438	4	[3 8]
393
820
097
001
607
564	4	[5 6]
644	4	[4 6]
625
118
507
691
427	4	[2 7]
641	4	[1 6]
279
760
075
646	4	[6 6]
844	4	[4 8]
073
575
241	4	[1 2]
759
148	4	[1 8]
304	4	[0 3]
582
534	4	[3 5]
217
178
089
248	4	[2 8]
184	4	[1 8]
864	4	[6 8]
156
929
935
444	4	[4 4]
082
907
748	4	[7 8]
993
783
623
705
949	4	[9 9]
219
475	4	[5 7]
718
938
626
031
234	4	[2 3]
640	4	[0 6]
170
841	4	[1 8]
787
261
682
720
175
827
531
636
563
194	4	[1 9]
249	4	[2 9]
487	4	[7 8]
536
865
711
958
876
814	4	[1 8]
174	4	[1 7]
502
232
769
468	4	[6 8]
701
982
554	4	[5 5]
150
401	4	[0 1]
840	4	[0 8]
880
780
222
970
523
735
504	4	[0 5]
881
550
280
371
047	4	[0 7]
022
905
415	4	[1 5]
301
958
323
273
726
466	4	[6 6]
321
188
216
475	4	[5 7]
423	4	[2 3]
370
807
369
164	4	[1 6]
465	4	[5 6]
566
786
795
241	4	[1 2]
883
221
081
710
082
086
952
751
132
110
441	4	[1 4]
396
645	4	[5 6]
014	4	[0 1]
160
292
134	4	[1 3]
834	4	[3 8]
846	4	[6 8]
643	4	[3 6]
254	4	[2 5]
297
403	4	[0 3]
296
522
559
949	4	[9 9]
636
650
261
591
285
915
984	4	[8 9]
436	4	[3 6]
883
512
824	4	[2 8]
292
878
401	4	[0 1]
426	4	[2 6]
411	4	[1 1]
428	4	[2 8]
329
739
705
794	4	[7 9]
181
002
586
578
221
545	4	[5 5]
835
905
764	4	[6 7]
437	4	[3 7]
811
119
607
758
930
797
587
894	4	[8 9]
531
376
369
479	4	[7 9]
139
821
486	4	[6 8]
180
592
175
159
548	4	[5 8]
338
305
705
420	4	[0 2]
387
717
840	4	[0 8]
376
685
066
479	4	[7 9]
720
216
034	4	[0 3]
537
733
091
321
729
478	4	[7 8]
547	4	[5 7]
412	4	[1 2]
103
333
681
857
475	4	[5 7]
146	4	[1 6]
951
671
232
119
377
773
526
931
904	4	[0 9]
467	4	[6 7]
103
732
539
545	4	[5 5]
024	4	[0 2]
548	4	[5 8]
484	4	[4 8]
664	4	[6 6]
624	4	[2 6]
642	4	[2 6]
144	4	[1 4]
214	4	[1 2]
483	4	[3 8]
599
931
388
562
588
483	4	[3 8]
225
475	4	[5 7]
344	4	[3 4]
559
346	4	[3 6]
923
392
386
041	4	[0 1]
917
154	4	[1 5]
799
586
346	4	[3 6]
386
327
431	4	[1 3]
184	4	[1 8]
275
476	4	[6 7]
135
111
613
612
595
531
332
756
399
375
681
268
678
662
247	4	[2 7]
721
667
564	4	[5 6]
144	4	[1 4]
254	4	[2 5]
941	4	[1 9]
741	4	[1 7]
027
921
585
208
037
160
396
932
226
182
013
490	4	[0 9]
843	4	[3 8]
255
219
942	4	[2 9]
906
229
011
299
879
754	4	[5 7]
259
059
114	4	[1 1]
471	4	[1 7]
964	4	[6 9]
464	4	[4 6]
704	4	[0 7]
465	4	[5 6]
440	4	[0 4]
244	4	[2 4]
485	4	[5 8]
374	4	[3 7]
532
277
576
504	4	[0 5]
821
337
219
704	4	[0 7]
317
439	4	[3 9]
767
211
167
167
999
578
358
141	4	[1 1]
513
689
991
017
944	4	[4 9]
660
788
696
248	4	[2 8]
967
383
044	4	[0 4]
797
124	4	[1 2]
931
946	4	[6 9]
557
973
726
046	4	[0 6]
977
892
484	4	[4 8]
434	4	[3 4]
310
456	4	[5 6]
244	4	[2 4]
846	4	[6 8]
773
777
963
785
608
452	4	[2 5]
762
879
146	4	[1 6]
510
438	4	[3 8]
906
364	4	[3 6]
211
159
881
337
152
191
247	4	[2 7]
180
796
232
612
142	4	[1 2]
452	4	[2 5]
642	4	[2 6]
121
984	4	[8 9]
541	4	[1 5]
818
182
743	4	[3 7]
527
769
736
294	4	[2 9]
100
969
094	4	[0 9]
261
749	4	[7 9]
165
031
532
590
340	4	[0 3]
218
976
420	4	[0 2]
984	4	[8 9]
161
105
406	4	[0 6]
542	4	[2 5]
243	4	[2 3]
178
241	4	[1 2]
365
183
323
040	4	[0 0]
610
510
350
539
073
636
243	4	[2 3]
464	4	[4 6]
430	4	[0 3]
042	4	[0 2]
068
891
561
868
449	4	[4 9]
360
750
860
807
233
192
989
446	4	[4 6]
808
071
649	4	[6 9]
411	4	[1 1]
617
859
303
079
153
314	4	[1 3]
671
961
205
162
830
920
766
480	4	[0 8]
271
127
171
598
103
033
204	4	[0 2]
083
222
167
257
092
818
094	4	[0 9]
476	4	[6 7]
492	4	[2 9]
390
757
831
992
218
292
730
718
182
484	4	[4 8]
745	4	[5 7]
963
908
052
062
932
583
744	4	[4 7]
028
146	4	[1 6]
749	4	[7 9]
598
973
706
965
346	4	[3 6]
577
531
094	4	[0 9]
967
311
383
763
523
520
869
302
220
469	4	[6 9]
991
566
418	4	[1 8]
945	4	[5 9]
642	4	[2 6]
831
869
811
592
717
809
891
773
192
574	4	[5 7]
696
856
347	4	[3 7]
119
465	4	[5 6]
465	4	[5 6]
983
672
140	4	[0 1]
533
863
404	4	[0 4]
141	4	[1 1]
327
743	4	[3 7]
675
896
757
075
578
110
488	4	[8 8]
448	4	[4 8]
533
958
876
825
336
565
812
331
043	4	[0 3]
605
324	4	[2 3]
720
406	4	[0 6]
272
965
933
017
277
639
199
056
562
094	4	[0 9]
377
071
063
596
034	4	[0 3]
297
797
605
590
345	4	[3 5]
130
795
824	4	[2 8]
242	4	[2 2]
138
528
580
410	4	[0 1]
506
368
394	4	[3 9]
627
965
876
856
015
770
338
028
459	4	[5 9]
261
162
897
764	4	[6 7]
212
229
486	4	[6 8]
211
037
027
373
731
704	4	[0 7]
952
080
998
206
167
827
058
725
419	4	[1 9]
840	4	[0 8]
292
407	4	[0 7]
227
904	4	[0 9]
827
886
602
439	4	[3 9]
741	4	[1 7]
864	4	[6 8]
175
002
906
957
308
422	4	[2 2]
937
177
665
128
310
717
157
854	4	[5 8]
163
701
230
525
640	4	[0 6]
484	4	[4 8]
628
581
426	4	[2 6]
489	4	[8 9]
134	4	[1 3]
824	4	[2 8]
565
151
708
059
208
310
440	4	[0 4]
109
795
464	4	[4 6]
197
886
513
274	4	[2 7]
221
215
427	4	[2 7]
966
992
733
800
503
990
105
731
508
999
542	4	[2 5]
917
171
565
896
764	4	[6 7]
178
806
439	4	[3 9]
797
144	4	[1 4]
759
527
066
004	4	[0 0]
725
961
358
687
631
581
670
946	4	[6 9]
403	4	[0 3]
406	4	[0 6]
266
148	4	[1 8]
404	4	[0 4]
206
690
974	4	[7 9]
900
076
348	4	[3 8]
353
009
304	4	[0 3]
682
644	4	[4 6]
754	4	[5 7]
236
010
776
162
363
683
118
116
880
099
457	4	[5 7]
389
311
825
955
937
843	4	[3 8]
601
354	4	[3 5]
527
525
359
870
051
017
717
694	4	[6 9]
306
839
784	4	[7 8]
492	4	[2 9]
725
902
515
387
173
102
010
563
522
440	4	[0 4]
184	4	[1 8]
421	4	[1 2]
053
992
814	4	[1 8]
691
285
101
282
331
346	4	[3 6]
241	4	[1 2]
638
749	4	[7 9]
363
522
039
891
151
579
017
558
666
636
504	4	[0 5]
737
742	4	[2 7]
176
093
411	4	[1 1]
171
273
526
562
096
300
218
295
831
031
984	4	[8 9]
537
634	4	[3 6]
649	4	[6 9]
997
245	4	[2 5]
478	4	[7 8]
129
901
448	4	[4 8]
423	4	[2 3]
732
988
417	4	[1 7]
290
114	4	[1 1]
690
279
475	4	[5 7]
401	4	[0 1]
029
355
362
559
200
278
081
764	4	[6 7]
038
349	4	[3 9]
000
853
397
212
707
971
800
355
962
599
038
535
239
964	4	[6 9]
650
590
464	4	[4 6]
531
865
697
961
864	4	[6 8]
731
851
590
793
128
918
517
726
800
480	4	[0 8]
722
249	4	[2 9]
399
863
918
485	4	[5 8]
326
982
682
437	4	[3 7]
057
527
625
709
615
599
939
152
923
868
039
204	4	[0 2]
818
829
445	4	[4 5]
516
939
270
023
970
343	4	[3 3]
596
228
833
896
559
305
357
299
590
527
002
592
664	4	[6 6]
163
835
587
335
362
708
534	4	[3 5]
659
901
113
712
083
151
298
048	4	[0 8]
719
697
671
350
679
155
749	4	[7 9]
803
982
981
895
490	4	[0 9]
163
911
829
663
545	4	[5 5]
385
901
810
191
448	4	[4 8]
191
179
666
220
385
911
276
162
812
398
468	4	[6 8]
486	4	[6 8]
527
942	4	[2 9]
583
027
176
559
129
844	4	[4 8]
726
451	4	[1 5]
248	4	[2 8]
168
354	4	[3 5]
558
056
474	4	[4 7]
701
309
814	4	[1 8]
114	4	[1 1]
367
427	4	[2 7]
024	4	[0 2]
453	4	[3 5]
817
477	4	[7 7]
927
990
877
439	4	[3 9]
771
039
748	4	[7 8]
852
263
205
943	4	[3 9]
242	4	[2 2]
376
877
118
801
791
369
221
395
107
731
316
991
648	4	[6 8]
729
733
471	4	[1 7]
132
019
215
620
265
183
793
905
311
365
389
685
576
991
355
919
540	4	[0 5]
695
003
665
241	4	[1 2]
680
324	4	[2 3]
066
189
339
476	4	[6 7]
903
279
949	4	[9 9]
057
226
826
211
951
102
391
137
017
655
511
358
468	4	[6 8]
049	4	[0 9]
069
494	4	[4 9]
745	4	[5 7]
751
854	4	[5 8]
636
651
348	4	[3 8]
146	4	[1 6]
259
360
853
743	4	[3 7]
236
673
901
159
418	4	[1 8]
443	4	[3 4]
003
511
387
808
283
258
086
915
750
761
639
247	4	[2 7]
792
328
493	4	[3 9]
131
332
218
700
