904	9	[0 4]
117
587
108
484
173
033
632
793	9	[3 7]
606
982	9	[2 8]
348
018
211
549	9	[4 5]
559	9	[5 5]
177
495	9	[4 5]
648
521
502
182
762
415
728
617
152
600
734
245
514
597	9	[5 7]
576
217
700
981	9	[1 8]
097	9	[0 7]
560
089	9	[0 8]
307
138
006
841
113
337
592	9	[2 5]
309	9	[0 3]
436
289	9	[2 8]
851
121
184
538
170
514
348
443
129	9	[1 2]
459	9	[4 5]
321
818
957	9	[5 7]
788
481
012
433
879	9	[7 8]
626
677
069	9	[0 6]
004
949	9	[4 9]
490	9	[0 4]
378
712
495	9	[4 5]
424
464
373
988	9	[8 8]
119	9	[1 1]
776
359	9	[3 5]
037
584
300
337
140
565
453
671
910	9	[0 1]
820
834
152
600
199	9	[1 9]
592	9	[2 5]
185
120
745
464
601
349	9	[3 4]
784
921	9	[1 2]
827
042
072
453
602
694	9	[4 6]
517
797	9	[7 7]
698	9	[6 8]
405
221
194	9	[1 4]
283
877
263
139	9	[1 3]
486
076
354
234
835
383
984	9	[4 8]
450
361
231
815
653
032
228
973	9	[3 7]
417
298	9	[2 8]
456
130
597	9	[5 7]
537
407
824
520
850
956	9	[5 6]
470
927	9	[2 7]
359	9	[3 5]
693	9	[3 6]
797	9	[7 7]
532
177
353
588
209	9	[0 2]
868
854
568
567
597	9	[5 7]
101
858
003
381
377
051
866
726
096	9	[0 6]
238
728
619	9	[1 6]
381
597	9	[5 7]
150
059	9	[0 5]
979	9	[7 9]
507
337
959	9	[5 9]
554
039	9	[0 3]
403
745
097	9	[0 7]
881
786
351
841
771
168
592	9	[2 5]
604
838
888
344
749	9	[4 7]
501
884
315
265
882
266
522
105
894	9	[4 8]
627
255
275
323
569	9	[5 6]
306
870
458
042
953	9	[3 5]
212
265
898	9	[8 8]
770
681
260
441
589	9	[5 8]
602
249	9	[2 4]
353
288
580
578
640
762
936	9	[3 6]
580
502
350
988	9	[8 8]
108
392	9	[2 3]
743
438
487
321
106
358
380
514
932	9	[2 3]
181
933	9	[3 3]
574
245
403
053
649	9	[4 6]
450
606
455
677
005
445
117
229	9	[2 2]
500
235
096	9	[0 6]
291	9	[1 2]
618
808
851
057
225
804
947	9	[4 7]
861
977	9	[7 7]
535
589	9	[5 8]
506
580
848
415
647
287
246
994	9	[4 9]
648
981	9	[1 8]
375
181
777
875
862
022
358
832
771
836
703
778
049	9	[0 4]
122
535
329	9	[2 3]
625
547
653
343
059	9	[0 5]
327
817
786
205
378
143
702
909	9	[0 9]
167
158
696	9	[6 6]
553
342
921	9	[1 2]
867
990	9	[0 9]
131
981	9	[1 8]
622
654
736
849	9	[4 8]
392	9	[2 3]
191	9	[1 1]
408
401
616
628
611
362
452
634
248
651
574
996	9	[6 9]
949	9	[4 9]
956	9	[5 6]
940	9	[0 4]
220
753
989	9	[8 9]
900	9	[0 0]
987	9	[7 8]
617
794	9	[4 7]
079	9	[0 7]
448
696	9	[6 6]
479	9	[4 7]
726
845
101
521
940	9	[0 4]
263
411
464
190	9	[0 1]
826
598	9	[5 8]
018
010
416
075
341
790	9	[0 7]
308
489	9	[4 8]
909	9	[0 9]
607
418
576
271
235
499	9	[4 9]
621
588
228
418
945	9	[4 5]
152
216
163
695	9	[5 6]
202
407
798	9	[7 8]
613
325
962	9	[2 6]
617
510
197	9	[1 7]
505
587
367
269	9	[2 6]
315
924	9	[2 4]
121
241
226
506
628
350
159	9	[1 5]
812
926	9	[2 6]
937	9	[3 7]
550
210
168
613
430
945	9	[4 5]
219	9	[1 2]
522
877
637
545
086
323
520
053
601
251
423
744
609	9	[0 6]
772
332
891	9	[1 8]
701
947	9	[4 7]
466
235
308
636
654
329	9	[2 3]
547
608
857
797	9	[7 7]
819	9	[1 8]
010
767
910	9	[0 1]
802
761
705
832
670
917	9	[1 7]
702
941	9	[1 4]
816
543
985	9	[5 8]
887
297	9	[2 7]
162
486
117
603
758
457
871
107
215
678
928	9	[2 8]
914	9	[1 4]
990	9	[0 9]
831
574
724
238
420
141
076
967	9	[6 7]
126
707
831
270
935	9	[3 5]
537
881
973	9	[3 7]
817
077
411
117
281
198	9	[1 8]
595	9	[5 5]
185
579	9	[5 7]
554
445
294	9	[2 4]
810
636
838
609	9	[0 6]
899	9	[8 9]
729	9	[2 7]
815
834
861
587
296	9	[2 6]
740
682
555
868
046
479	9	[4 7]
457
493	9	[3 4]
851
539	9	[3 5]
804
707
593	9	[3 5]
066
724
372
342
641
643
297	9	[2 7]
712
967	9	[6 7]
389	9	[3 8]
622
658
348
261
184
072
154
662
286
046
365
344
511
146
695	9	[5 6]
852
936	9	[3 6]
807
495	9	[4 5]
630
239	9	[2 3]
418
830
984	9	[4 8]
700
917	9	[1 7]
854
499	9	[4 9]
103
756
658
823
380
776
967	9	[6 7]
202
519	9	[1 5]
510
597	9	[5 7]
280
896	9	[6 8]
167
314
853
989	9	[8 9]
914	9	[1 4]
494	9	[4 4]
628
200
897	9	[7 8]
177
443
718
279	9	[2 7]
118
104
427
173
287
448
169	9	[1 6]
831
419	9	[1 4]
603
311
015
803
022
971	9	[1 7]
762
590	9	[0 5]
964	9	[4 6]
984	9	[4 8]
974	9	[4 7]
646
186
462
084
255
525
980	9	[0 8]
095	9	[0 5]
380
128
201
534
330
512
129	9	[1 2]
867
509	9	[0 5]
342
587
383
811
630
006
906	9	[0 6]
503
559	9	[5 5]
855
959	9	[5 9]
902	9	[0 2]
860
334
402
856
099	9	[0 9]
494	9	[4 4]
921	9	[1 2]
328
172
961	9	[1 6]
898	9	[8 8]
092	9	[0 2]
883
523
464
881
110
566
846
177
044
660
773
672
769	9	[6 7]
953	9	[3 5]
604
950	9	[0 5]
359	9	[3 5]
178
950	9	[0 5]
756
129	9	[1 2]
097	9	[0 7]
261
467
798	9	[7 8]
943	9	[3 4]
902	9	[0 2]
322
359	9	[3 5]
814
827
021
300
036
966	9	[6 6]
185
103
382
098	9	[0 8]
036
084
440
481
402
962	9	[2 6]
667
754
814
178
017
460
804
305
301
160
653
005
194	9	[1 4]
515
862
252
382
050
621
542
574
350
193	9	[1 3]
389	9	[3 8]
083
065
618
575
974	9	[4 7]
305
871
510
578
938	9	[3 8]
041
313
276
090	9	[0 0]
156
833
787
719	9	[1 7]
233
772
844
949	9	[4 9]
906	9	[0 6]
306
987	9	[7 8]
025
921	9	[1 2]
954	9	[4 5]
335
225
185
744
279	9	[2 7]
479	9	[4 7]
221
388
006
817
215
075
028
189	9	[1 8]
259	9	[2 5]
853
297	9	[2 7]
874
872
534
979	9	[7 9]
811
946	9	[4 6]
955	9	[5 5]
871
271
299	9	[2 9]
382
458
797	9	[7 7]
603
202
201
777
643
672
261
196	9	[1 6]
220
507
521
417
154
130
618
617
785
340
711
545
248
950	9	[0 5]
837
171
468
594	9	[4 5]
166
949	9	[4 9]
461
909	9	[0 9]
585
964	9	[4 6]
386
526
058
939	9	[3 9]
559	9	[5 5]
744
627
537
432
909	9	[0 9]
848
369	9	[3 6]
441
990	9	[0 9]
148
792	9	[2 7]
531
912	9	[1 2]
135
339	9	[3 3]
031
983	9	[3 8]
991	9	[1 9]
429	9	[2 4]
778
663
288
465
976	9	[6 7]
970	9	[0 7]
087
890	9	[0 8]
676
122
204
943	9	[3 4]
715
767
797	9	[7 7]
355
698	9	[6 8]
769	9	[6 7]
072
495	9	[4 5]
342
104
291	9	[1 2]
118
783
384
053
794	9	[4 7]
530
554
043
993	9	[3 9]
878
962	9	[2 6]
075
931	9	[1 3]
043
074
321
909	9	[0 9]
490	9	[0 4]
627
942	9	[2 4]
997	9	[7 9]
031
758
948	9	[4 8]
385
976	9	[6 7]
870
876
346
947	9	[4 7]
008
524
628
412
482
414
397	9	[3 7]
792	9	[2 7]
689	9	[6 8]
385
260
122
017
668
174
312
032
873
119	9	[1 1]
852
837
056
944	9	[4 4]
998	9	[8 9]
891	9	[1 8]
415
327
173
479	9	[4 7]
300
641
501
439	9	[3 4]
087
146
379	9	[3 7]
128
689	9	[6 8]
574
537
622
692	9	[2 6]
556
460
012
153
954	9	[4 5]
849	9	[4 8]
217
337
208
892	9	[2 8]
220
230
410
824
481
243
829	9	[2 8]
414
360
817
736
054
837
561
318
281
969	9	[6 9]
693	9	[3 6]
418
268
912	9	[1 2]
872
766
556
275
526
976	9	[6 7]
199	9	[1 9]
114
713
396	9	[3 6]
818
386
368
817
295	9	[2 5]
642
053
034
226
225
607
700
789	9	[7 8]
181
539	9	[3 5]
149	9	[1 4]
035
607
314
954	9	[4 5]
878
028
949	9	[4 9]
821
625
525
533
944	9	[4 4]
589	9	[5 8]
028
492	9	[2 4]
113
049	9	[0 4]
307
947	9	[4 7]
895	9	[5 8]
137
189	9	[1 8]
678
152
062
397	9	[3 7]
403
419	9	[1 4]
030
889	9	[8 8]
532
571
192	9	[1 2]
072
061
377
519	9	[1 5]
798	9	[7 8]
543
691	9	[1 6]
797	9	[7 7]
762
015
862
119	9	[1 1]
950	9	[0 5]
157
919	9	[1 9]
410
143
886
575
730
471
618
479	9	[4 7]
268
401
162
930	9	[0 3]
495	9	[4 5]
209	9	[0 2]
773
339	9	[3 3]
256
375
504
058
542
097	9	[0 7]
167
025
456
518
337
070
210
612
110
821
373
124
766
934	9	[3 4]
852
112
635
132
446
941	9	[1 4]
493	9	[3 4]
422
539	9	[3 5]
232
525
688
203
236
669	9	[6 6]
710
366
696	9	[6 6]
262
283
883
416
358
742
392	9	[2 3]
342
098	9	[0 8]
525
041
444
617
181
432
553
724
877
506
096	9	[0 6]
928	9	[2 8]
927	9	[2 7]
806
956	9	[5 6]
896	9	[6 8]
569	9	[5 6]
224
431
348
037
301
798	9	[7 8]
933	9	[3 3]
281
221
194	9	[1 4]
173
491	9	[1 4]
503
435
710
937	9	[3 7]
675
313
421
011
641
805
530
914	9	[1 4]
625
164
566
982	9	[2 8]
878
268
256
951	9	[1 5]
815
845
608
617
448
744
160
008
346
489	9	[4 8]
155
885
089	9	[0 8]
661
594	9	[4 5]
848
179	9	[1 7]
517
550
811
002
263
907	9	[0 7]
364
673
676
747
729	9	[2 7]
763
807
621
576
960	9	[0 6]
351
750
149	9	[1 4]
058
493	9	[3 4]
387
822
110
409	9	[0 4]
084
690	9	[0 6]
569	9	[5 6]
441
991	9	[1 9]
317
041
792	9	[2 7]
582
966	9	[6 6]
314
555
089	9	[0 8]
175
438
960	9	[0 6]
913	9	[1 3]
501
878
366
880
776
975	9	[5 7]
823
167
782
352
444
765
671
351
517
215
206
232
711
901	9	[0 1]
718
560
487
218
245
531
170
046
065
653
471
103
894	9	[4 8]
134
322
501
683
082
990	9	[0 9]
375
236
104
010
765
047
828
966	9	[6 6]
148
191	9	[1 1]
134
594	9	[4 5]
091	9	[0 1]
559	9	[5 5]
721
880
077
011
405
126
149	9	[1 4]
631
253
476
005
526
908	9	[0 8]
464
492	9	[2 4]
284
286
264
744
922	9	[2 2]
136
782
870
998	9	[8 9]
889	9	[8 8]
480
969	9	[6 9]
733
493	9	[3 4]
505
108
511
044
070
052
334
088
256
063
582
326
696	9	[6 6]
162
806
137
819	9	[1 8]
091	9	[0 1]
348
161
931	9	[1 3]
382
665
331
826
034
927	9	[2 7]
918	9	[1 8]
481
821
314
178
522
252
856
881
321
699	9	[6 9]
562
982	9	[2 8]
022
032
122
817
631
151
457
657
191	9	[1 1]
368
100
068
727
064
124
208
389	9	[3 8]
529	9	[2 5]
278
948	9	[4 8]
422
624
920	9	[0 2]
289	9	[2 8]
559	9	[5 5]
766
776
661
602
290	9	[0 2]
336
297	9	[2 7]
209	9	[0 2]
602
466
077
504
834
040
995	9	[5 9]
462
759	9	[5 7]
828
973	9	[3 7]
677
845
309	9	[0 3]
167
141
060
818
497	9	[4 7]
248
982	9	[2 8]
101
533
054
010
774
391	9	[1 3]
910	9	[0 1]
093	9	[0 3]
779	9	[7 7]
197	9	[1 7]
248
719	9	[1 7]
556
897	9	[7 8]
798	9	[7 8]
886
650
625
213
240
204
158
842
327
505
690	9	[0 6]
341
668
045
470
597	9	[5 7]
141
555
222
979	9	[7 9]
036
313
967	9	[6 7]
898	9	[8 8]
608
467
942	9	[2 4]
904	9	[0 4]
720
691	9	[1 6]
754
473
484
769	9	[6 7]
114
313
314
709	9	[0 7]
140
826
727
759	9	[5 7]
266
778
405
827
472
188
273
180
340
392	9	[2 3]
217
713
708
311
457
265
395	9	[3 5]
921	9	[1 2]
555
858
574
219	9	[1 2]
809	9	[0 8]
077
661
515
645
812
747
578
202
450
354
811
745
764
706
429	9	[2 4]
501
128
365
513
667
538
019	9	[0 1]
785
009	9	[0 0]
510
040
435
317
882
108
398	9	[3 8]
414
461
994	9	[4 9]
568
373
706
005
650
891	9	[1 8]
061
316
477
156
171
769	9	[6 7]
900	9	[0 0]
066
959	9	[5 9]
588
888
301
568
392	9	[2 3]
070
335
458
793	9	[3 7]
886
116
592	9	[2 5]
335
701
151
570
770
954	9	[4 5]
995	9	[5 9]
112
083
067
425
161
513
592	9	[2 5]
137
960	9	[0 6]
451
037
200
418
764
648
245
267
748
257
532
096	9	[0 6]
691	9	[1 6]
408
151
748
234
597	9	[5 7]
278
547
704
363
890	9	[0 8]
224
948	9	[4 8]
930	9	[0 3]
757
152
694	9	[4 6]
090	9	[0 0]
041
995	9	[5 9]
489	9	[4 8]
824
679	9	[6 7]
027
259	9	[2 5]
280
501
231
794	9	[4 7]
181
930	9	[0 3]
793	9	[3 7]
685
185
120
199	9	[1 9]
909	9	[0 9]
840
889	9	[8 8]
598	9	[5 8]
945	9	[4 5]
084
598	9	[5 8]
618
192	9	[1 2]
596	9	[5 6]
903	9	[0 3]
484
334
792	9	[2 7]
707
349	9	[3 4]
936	9	[3 6]
075
966	9	[6 6]
772
939	9	[3 9]
057
522
433
104
994	9	[4 9]
875
230
640
518
798	9	[7 8]
720
487
099	9	[0 9]
158
643
043
973	9	[3 7]
308
752
889	9	[8 8]
039	9	[0 3]
093	9	[0 3]
675
681
801
680
494	9	[4 4]
887
139	9	[1 3]
716
250
010
027
659	9	[5 6]
501
948	9	[4 8]
253
788
863
234
470
557
703
340
856
792	9	[2 7]
332
169	9	[1 6]
673
235
172
498	9	[4 8]
494	9	[4 4]
204
695	9	[5 6]
661
200
712
112
815
783
417
611
092	9	[0 2]
482
147
848
873
598	9	[5 8]
660
275
045
054
644
295	9	[2 5]
965	9	[5 6]
570
977	9	[7 7]
546
946	9	[4 6]
646
514
274
252
841
549	9	[4 5]
168
933	9	[3 3]
136
401
171
089	9	[0 8]
083
943	9	[3 4]
596	9	[5 6]
551
299	9	[2 9]
752
690	9	[0 6]
944	9	[4 4]
835
408
996	9	[6 9]
005
786
474
834
640
187
137
693	9	[3 6]
558
368
597	9	[5 7]
896	9	[6 8]
467
638
487
799	9	[7 9]
300
758
254
948	9	[4 8]
583
745
526
010
414
788
407
441
109	9	[0 1]
933	9	[3 3]
334
212
031
342
464
527
882
015
572
229	9	[2 2]
111
456
345
148
473
974	9	[4 7]
418
659	9	[5 6]
119	9	[1 1]
725
064
218
771
918	9	[1 8]
394	9	[3 4]
282
081
028
880
338
272
012
485
189	9	[1 8]
330
436
138
863
684
284
816
023
650
223
801
963	9	[3 6]
056
104
269	9	[2 6]
838
287
751
327
591	9	[1 5]
257
162
718
254
088
854
745
410
015
468
031
892	9	[2 8]
839	9	[3 8]
283
836
912	9	[1 2]
357
424
501
028
199	9	[1 9]
359	9	[3 5]
502
604
092	9	[0 2]
631
031
168
960	9	[0 6]
709	9	[0 7]
318
313
649	9	[4 6]
768
097	9	[0 7]
721
178
555
502
604
469	9	[4 6]
125
690	9	[0 6]
155
412
741
457
802
883
252
857
606
773
131
959	9	[5 9]
834
831
185
933	9	[3 3]
279	9	[2 7]
753
459	9	[4 5]
242
895	9	[5 8]
543
887
107
888
971	9	[1 7]
871
211
555
049	9	[0 4]
923	9	[2 3]
579	9	[5 7]
035
991	9	[1 9]
718
159	9	[1 5]
399	9	[3 9]
097	9	[0 7]
781
056
070
150
597	9	[5 7]
089	9	[0 8]
414
635
331
633
918	9	[1 8]
413
203
679	9	[6 7]
757
085
307
986	9	[6 8]
866
727
500
102
382
190	9	[0 1]
109	9	[0 1]
638
052
334
472
536
315
383
716
095	9	[0 5]
957	9	[5 7]
098	9	[0 8]
494	9	[4 4]
066
089	9	[0 8]
378
675
007
665
922	9	[2 2]
697	9	[6 7]
035
547
964	9	[4 6]
687
686
345
602
379	9	[3 7]
938	9	[3 8]
259	9	[2 5]
060
063
045
341
626
396	9	[3 6]
220
178
834
795	9	[5 7]
046
729	9	[2 7]
754
384
668
506
565
168
444
176
729	9	[2 7]
788
527
917	9	[1 7]
201
068
938	9	[3 8]
165
252
988	9	[8 8]
054
858
324
211
066
038
584
977	9	[7 7]
790	9	[0 7]
178
113
710
101
344
091	9	[0 1]
620
293	9	[2 3]
561
935	9	[3 5]
677
218
515
499	9	[4 9]
908	9	[0 8]
100
412
840
670
831
484
610
989	9	[8 9]
147
821
940	9	[0 4]
006
941	9	[1 4]
029	9	[0 2]
313
614
788
079	9	[0 7]
116
970	9	[0 7]
212
055
504
621
488
679	9	[6 7]
613
752
913	9	[1 3]
345
269	9	[2 6]
759	9	[5 7]
165
029	9	[0 2]
447
892	9	[2 8]
427
626
912	9	[1 2]
713
761
013
799	9	[7 9]
755
785
821
203
156
145
204
134
945	9	[4 5]
857
852
682
685
838
452
789	9	[7 8]
362
901	9	[0 1]
408
998	9	[8 9]
104
905	9	[0 5]
169	9	[1 6]
470
454
611
645
302
336
623
783
530
308
988	9	[8 8]
339	9	[3 3]
879	9	[7 8]
127
194	9	[1 4]
731
158
198	9	[1 8]
180
389	9	[3 8]
453
057
265
371
000
922	9	[2 2]
200
463
363
731
857
572
337
383
439	9	[3 4]
954	9	[4 5]
156
049	9	[0 4]
374
930	9	[0 3]
550
594	9	[4 5]
230
920	9	[0 2]
621
738
741
534
684
811
537
717
781
728
002
044
790	9	[0 7]
637
260
549	9	[4 5]
677
107
737
999	9	[9 9]
144
328
288
166
727
257
610
311
124
789	9	[7 8]
850
309	9	[0 3]
499	9	[4 9]
934	9	[3 4]
187
252
914	9	[1 4]
945	9	[4 5]
538
373
357
552
793	9	[3 7]
408
396	9	[3 6]
329	9	[2 3]
625
220
363
503
859	9	[5 8]
481
826
520
326
880
508
851
370
913	9	[1 3]
014
172
560
625
333
679	9	[6 7]
263
004
742
075
412
398	9	[3 8]
277
930	9	[0 3]
981	9	[1 8]
417
440
018
839	9	[3 8]
162
395	9	[3 5]
944	9	[4 4]
981	9	[1 8]
937	9	[3 7]
273
355
916	9	[1 6]
088
243
450
661
136
554
397	9	[3 7]
489	9	[4 8]
417
727
317
400
657
793	9	[3 7]
369	9	[3 6]
732
321
107
684
604
511
639	9	[3 6]
351
775
846
431
255
499	9	[4 9]
714
227
204
950	9	[0 5]
830
758
917	9	[1 7]
247
196	9	[1 6]
255
930	9	[0 3]
570
645
383
941	9	[1 4]
264
562
478
281
972	9	[2 7]
010
800
007
800
244
834
765
908	9	[0 8]
848
061
630
399	9	[3 9]
124
819	9	[1 8]
594	9	[4 5]
769	9	[6 7]
647
131
764
942	9	[2 4]
121
759	9	[5 7]
103
970	9	[0 7]
376
954	9	[4 5]
706
906	9	[0 6]
056
093	9	[0 3]
958	9	[5 8]
523
962	9	[2 6]
739	9	[3 7]
678
853
564
808
136
348
166
835
939	9	[3 9]
717
759	9	[5 7]
713
543
919	9	[1 9]
240
284
431
912	9	[1 2]
623
810
108
642
686
421
324
313
141
378
315
901	9	[0 1]
306
724
658
985	9	[5 8]
280
600
880
381
784
929	9	[2 9]
444
469	9	[4 6]
429	9	[2 4]
785
644
377
280
687
114
404
710
740
465
006
507
675
263
328
091	9	[0 1]
384
208
718
781
448
973	9	[3 7]
722
751
568
540
955	9	[5 5]
404
688
524
554
790	9	[0 7]
915	9	[1 5]
197	9	[1 7]
565
823
640
390	9	[0 3]
423
718
889	9	[8 8]
187
434
782
840
096	9	[0 6]
109	9	[0 1]
388
002
181
868
524
104
642
489	9	[4 8]
825
733
080
511
976	9	[6 7]
387
309	9	[0 3]
392	9	[2 3]
875
053
471
282
892	9	[2 8]
000
293	9	[2 3]
445
689	9	[6 8]
090	9	[0 0]
520
611
051
018
148
882
388
766
510
597	9	[5 7]
916	9	[1 6]
953	9	[3 5]
381
068
744
331
162
212
053
401
810
995	9	[5 9]
657
225
307
092	9	[0 2]
526
578
549	9	[4 5]
033
757
731
546
387
948	9	[4 8]
686
876
074
163
651
427
848
712
705
439	9	[3 4]
208
638
405
506
087
267
720
442
285
610
162
879	9	[7 8]
923	9	[2 3]
897	9	[7 8]
073
064
098	9	[0 8]
157
533
686
449	9	[4 4]
755
477
381
601
772
389	9	[3 8]
927	9	[2 7]
967	9	[6 7]
562
876
245
693	9	[3 6]
881
961	9	[1 6]
077
121
493	9	[3 4]
262
929	9	[2 9]
028
627
000
807
799	9	[7 9]
349	9	[3 4]
850
673
655
099	9	[0 9]
509	9	[0 5]
394	9	[3 4]
459	9	[4 5]
595	9	[5 5]
452
255
306
857
107
137
394	9	[3 4]
942	9	[2 4]
460
850
696	9	[6 6]
484
289	9	[2 8]
396	9	[3 6]
691	9	[1 6]
563
582
931	9	[1 3]
845
831
055
887
494	9	[4 4]
048
301
442
265
128
523
926	9	[2 6]
923	9	[2 3]
525
250
920	9	[0 2]
375
478
537
516
384
726
762
272
757
420
049	9	[0 4]
279	9	[2 7]
922	9	[2 2]
323
064
961	9	[1 6]
851
289	9	[2 8]
394	9	[3 4]
954	9	[4 5]
038
981	9	[1 8]
443
583
246
635
561
570
653
777
369	9	[3 6]
110
419	9	[1 4]
578
550
718
736
080
836
796	9	[6 7]
042
588
038
462
811
412
188
247
016
717
684
958	9	[5 8]
410
165
747
597	9	[5 7]
098	9	[0 8]
526
910	9	[0 1]
265
574
041
157
070
193	9	[1 3]
317
786
798	9	[7 8]
868
542
288
444
781
942	9	[2 4]
084
602
011
924	9	[2 4]
128
752
369	9	[3 6]
304
035
080
037
863
562
129	9	[1 2]
631
812
604
793	9	[3 7]
872
124
116
359	9	[3 5]
347
203
014
268
532
136
394	9	[3 4]
735
252
729	9	[2 7]
007
816
921	9	[1 2]
475
349	9	[3 4]
711
018
438
438
375
943	9	[3 4]
253
519	9	[1 5]
305
594	9	[4 5]
294	9	[2 4]
701
823
367
037
403
553
449	9	[4 4]
714
600
811
456
323
279	9	[2 7]
199	9	[1 9]
665
747
743
752
913	9	[1 3]
628
835
401
679	9	[6 7]
109	9	[0 1]
400
869	9	[6 8]
927	9	[2 7]
800
763
757
901	9	[0 1]
453
658
045
174
714
938	9	[3 8]
730
662
972	9	[2 7]
610
599	9	[5 9]
331
565
518
380
415
166
232
639	9	[3 6]
184
767
595	9	[5 5]
554
782
957	9	[5 7]
089	9	[0 8]
672
110
633
728
222
201
654
341
394	9	[3 4]
562
565
377
720
219	9	[1 2]
196	9	[1 6]
906	9	[0 6]
857
357
020
717
423
205
224
699	9	[6 9]
042
496	9	[4 6]
236
591	9	[1 5]
918	9	[1 8]
633
337
208
924	9	[2 4]
523
098	9	[0 8]
904	9	[0 4]
332
906	9	[0 6]
611
837
028
538
944	9	[4 4]
695	9	[5 6]
535
262
786
146
363
397	9	[3 7]
738
098	9	[0 8]
150
348
607
336
357
243
533
449	9	[4 4]
328
881
919	9	[1 9]
664
781
613
847
480
339	9	[3 3]
217
884
103
889	9	[8 8]
683
023
510
249	9	[2 4]
947	9	[4 7]
277
054
570
131
751
081
359	9	[3 5]
891	9	[1 8]
278
563
911	9	[1 1]
597	9	[5 7]
368
115
546
929	9	[2 9]
865
583
148
304
400
812
717
190	9	[0 1]
903	9	[0 3]
710
539	9	[3 5]
433
243
431
232
922	9	[2 2]
133
657
560
436
880
938	9	[3 8]
610
093	9	[0 3]
450
188
421
708
084
726
129	9	[1 2]
111
728
582
303
806
158
065
836
239	9	[2 3]
423
593	9	[3 5]
447
003
082
561
227
051
059	9	[0 5]
013
757
242
989	9	[8 9]
784
175
731
649	9	[4 6]
926	9	[2 6]
878
352
264
411
838
246
597	9	[5 7]
705
640
049	9	[0 4]
932	9	[2 3]
244
860
924	9	[2 4]
758
138
980	9	[0 8]
009	9	[0 0]
999	9	[9 9]
703
439	9	[3 4]
866
328
186
287
112
933	9	[3 3]
252
807
030
941	9	[1 4]
036
051
757
032
473
992	9	[2 9]
312
331
149	9	[1 4]
724
897	9	[7 8]
559	9	[5 5]
912	9	[1 2]
544
807
335
393	9	[3 3]
213
731
671
215
453
329	9	[2 3]
832
669	9	[6 6]
781
927	9	[2 7]
294	9	[2 4]
671
442
956	9	[5 6]
012
266
850
452
798	9	[7 8]
586
680
060
763
085
833
178
107
138
188
600
713
675
457
382
495	9	[4 5]
631
858
747
409	9	[0 4]
105
168
562
317
459	9	[4 5]
586
453
498	9	[4 8]
569	9	[5 6]
393	9	[3 3]
428
859	9	[5 8]
000
305
729	9	[2 7]
617
054
617
995	9	[5 9]
881
238
531
680
615
982	9	[2 8]
205
163
564
969	9	[6 9]
825
901	9	[0 1]
865
944	9	[4 4]
884
758
956	9	[5 6]
538
199	9	[1 9]
064
188
313
703
180
553
185
466
288
392	9	[2 3]
353
814
450
270
260
624
517
536
943	9	[3 4]
827
199	9	[1 9]
722
435
546
233
397	9	[3 7]
227
012
849	9	[4 8]
219	9	[1 2]
702
195	9	[1 5]
420
205
759	9	[5 7]
212
692	9	[2 6]
661
640
203
071
406
821
173
412
479	9	[4 7]
043
084
939	9	[3 9]
933	9	[3 3]
005
763
662
883
098	9	[0 8]
637
713
567
422
143
671
370
788
047
315
573
714
403
201
275
043
486
451
570
031
818
161
100
610
611
972	9	[2 7]
990	9	[0 9]
682
301
298	9	[2 8]
245
238
766
101
579	9	[5 7]
885
989	9	[8 9]
842
097	9	[0 7]
911	9	[1 1]
875
208
946	9	[4 6]
985	9	[5 8]
594	9	[4 5]
860
978	9	[7 8]
861
390	9	[0 3]
400
376
085
481
607
050
747
596	9	[5 6]
166
713
372
575
044
502
290	9	[0 2]
388
741
656
987	9	[7 8]
006
314
393	9	[3 3]
557
576
367
605
116
261
168
950	9	[0 5]
961	9	[1 6]
391	9	[1 3]
832
778
068
417
237
072
193	9	[1 3]
229	9	[2 2]
612
831
982	9	[2 8]
161
120
028
517
582
409	9	[0 4]
302
082
320
073
084
226
995	9	[5 9]
938	9	[3 8]
116
049	9	[0 4]
786
260
091	9	[0 1]
922	9	[2 2]
256
701
099	9	[0 9]
933	9	[3 3]
856
681
853
975	9	[5 7]
297	9	[2 7]
066
701
267
588
218
321
192	9	[1 2]
853
701
116
657
035
718
605
935	9	[3 5]
577
328
059	9	[0 5]
713
237
883
018
010
252
341
933	9	[3 3]
203
780
209	9	[0 2]
560
941	9	[1 4]
764
241
695	9	[5 6]
707
584
505
269	9	[2 6]
495	9	[4 5]
810
127
698	9	[6 8]
054
185
224
481
911	9	[1 1]
859	9	[5 8]
492	9	[2 4]
907	9	[0 7]
517
324
246
873
271
645
128
325
861
336
723
174
266
755
521
882
948	9	[4 8]
800
622
912	9	[1 2]
300
100
982	9	[2 8]
232
638
888
683
135
224
486
500
181
326
965	9	[5 6]
982	9	[2 8]
131
322
496	9	[4 6]
932	9	[2 3]
737
777
186
292	9	[2 2]
591	9	[1 5]
964	9	[4 6]
467
531
254
446
194	9	[1 4]
307
584
719	9	[1 7]
383
109	9	[0 1]
397	9	[3 7]
974	9	[4 7]
040
892	9	[2 8]
153
011
022
904	9	[0 4]
052
848
991	9	[1 9]
846
936	9	[3 6]
595	9	[5 5]
914	9	[1 4]
078
348
806
145
619	9	[1 6]
840
925	9	[2 5]
680
110
730
213
119	9	[1 1]
515
690	9	[0 6]
921	9	[1 2]
442
917	9	[1 7]
263
650
328
662
055
479	9	[4 7]
807
241
097	9	[0 7]
809	9	[0 8]
129	9	[1 2]
524
038
903	9	[0 3]
121
012
292	9	[2 2]
354
222
654
544
503
047
976	9	[6 7]
646
906	9	[0 6]
566
145
465
634
040
601
068
989	9	[8 9]
260
654
314
041
248
441
055
870
684
403
484
076
333
084
862
887
420
054
944	9	[4 4]
977	9	[7 7]
010
576
517
971	9	[1 7]
845
588
579	9	[5 7]
052
714
783
082
716
845
703
914	9	[1 4]
818
783
328
967	9	[6 7]
147
053
284
261
488
757
300
882
727
049	9	[0 4]
180
034
569	9	[5 6]
438
866
492	9	[2 4]
583
645
801
613
473
610
391	9	[1 3]
169	9	[1 6]
622
021
318
014
096	9	[0 6]
336
154
774
821
649	9	[4 6]
849	9	[4 8]
320
624
428
910	9	[0 1]
406
300
581
513
428
243
287
489	9	[4 8]
623
580
828
813
330
626
985	9	[5 8]
773
188
054
829	9	[2 8]
835
272
825
830
486
760
891	9	[1 8]
616
422
339	9	[3 3]
165
946	9	[4 6]
249	9	[2 4]
184
793	9	[3 7]
459	9	[4 5]
403
657
360
238
322
462
438
498	9	[4 8]
210
832
328
749	9	[4 7]
534
436
586
529	9	[2 5]
041
678
085
863
811
797	9	[7 7]
108
485
759	9	[5 7]
710
832
848
743
390	9	[0 3]
306
750
993	9	[3 9]
347
251
688
269	9	[2 6]
112
442
630
721
395	9	[3 5]
999	9	[9 9]
689	9	[6 8]
124
448
933	9	[3 3]
552
480
320
203
509	9	[0 5]
203
686
153
344
349	9	[3 4]
340
021
345
565
913	9	[1 3]
780
842
322
427
083
760
562
664
294	9	[2 4]
644
590	9	[0 5]
551
730
895	9	[5 8]
047
239	9	[2 3]
209	9	[0 2]
253
087
841
999	9	[9 9]
361
011
955	9	[5 5]
335
888
173
725
144
585
014
486
504
203
823
462
649	9	[4 6]
094	9	[0 4]
030
007
483
992	9	[2 9]
111
505
476
783
197	9	[1 7]
519	9	[1 5]
098	9	[0 8]
141
603
671
131
603
391	9	[1 3]
004
639	9	[3 6]
638
162
525
095	9	[0 5]
530
573
436
757
744
518
232
471
490	9	[0 4]
773
318
194	9	[1 4]
298	9	[2 8]
936	9	[3 6]
387
584
811
419	9	[1 4]
732
686
274
976	9	[6 7]
973	9	[3 7]
416
153
688
753
722
459	9	[4 5]
146
639	9	[3 6]
579	9	[5 7]
966	9	[6 6]
237
030
316
139	9	[1 3]
225
045
351
402
235
294	9	[2 4]
478
098	9	[0 8]
681
485
302
191	9	[1 1]
552
261
984	9	[4 8]
475
735
941	9	[1 4]
169	9	[1 6]
162
267
753
676
020
884
473
179	9	[1 7]
291	9	[1 2]
500
915	9	[1 5]
306
835
811
804
456
111
303
543
299	9	[2 9]
819	9	[1 8]
501
791	9	[1 7]
239	9	[2 3]
947	9	[4 7]
860
147
149	9	[1 4]
154
265
991	9	[1 9]
950	9	[0 5]
022
377
618
917	9	[1 7]
005
419	9	[1 4]
539	9	[3 5]
292	9	[2 2]
973	9	[3 7]
097	9	[0 7]
048
007
777
092	9	[0 2]
329	9	[2 3]
706
487
243
027
829	9	[2 8]
451
468
886
201
340
049	9	[0 4]
860
946	9	[4 6]
866
875
471
329	9	[2 3]
244
288
734
768
921	9	[1 2]
652
478
540
014
119	9	[1 1]
277
712
803
680
050
139	9	[1 3]
624
763
510
076
461
740
407
199	9	[1 9]
478
415
148
814
644
448
934	9	[3 4]
256
265
007
918	9	[1 8]
958	9	[5 8]
239	9	[2 3]
908	9	[0 8]
064
746
556
225
445
071
505
422
768
857
149	9	[1 4]
783
262
547
256
925	9	[2 5]
985	9	[5 8]
662
177
743
736
103
698	9	[6 8]
401
762
500
441
649	9	[4 6]
811
880
697	9	[6 7]
030
914	9	[1 4]
392	9	[2 3]
152
517
917	9	[1 7]
935	9	[3 5]
888
966	9	[6 6]
020
485
963	9	[3 6]
873
920	9	[0 2]
395	9	[3 5]
377
538
858
865
851
122
353
013
558
699	9	[6 9]
039	9	[0 3]
173
130
112
295	9	[2 5]
922	9	[2 2]
872
040
668
732
683
031
023
500
335
724
806
991	9	[1 9]
616
657
688
010
113
794	9	[4 7]
625
221
646
184
808
652
244
877
621
164
133
620
825
284
317
560
381
739	9	[3 7]
528
358
170
021
014
199	9	[1 9]
440
042
183
458
618
687
127
449	9	[4 4]
908	9	[0 8]
374
616
812
191	9	[1 1]
717
370
476
720
386
948	9	[4 8]
378
363
197	9	[1 7]
665
709	9	[0 7]
019	9	[0 1]
722
398	9	[3 8]
147
559	9	[5 5]
914	9	[1 4]
338
124
541
971	9	[1 7]
432
964	9	[4 6]
477
079	9	[0 7]
868
841
867
447
488
225
986	9	[6 8]
710
233
185
940	9	[0 4]
316
808
907	9	[0 7]
809	9	[0 8]
898	9	[8 8]
043
026
277
569	9	[5 6]
977	9	[7 7]
298	9	[2 8]
242
438
089	9	[0 8]
812
084
340
877
549	9	[4 5]
958	9	[5 8]
193	9	[1 3]
747
429	9	[2 4]
133
568
089	9	[0 8]
208
596	9	[5 6]
949	9	[4 9]
372
808
772
927	9	[2 7]
376
541
386
675
192	9	[1 2]
703
139	9	[1 3]
238
496	9	[4 6]
878
612
444
127
288
425
481
009	9	[0 0]
653
687
610
157
869	9	[6 8]
417
350
939	9	[3 9]
413
394	9	[3 4]
121
960	9	[0 6]
518
273
709	9	[0 7]
232
991	9	[1 9]
470
324
309	9	[0 3]
551
698	9	[6 8]
144
242
406
662
420
536
231
661
568
958	9	[5 8]
061
475
764
667
966	9	[6 6]
368
584
232
855
808
887
113
153
179	9	[1 7]
956	9	[5 6]
874
474
351
717
103
460
174
142
760
842
175
057
455
110
776
340
376
022
179	9	[1 7]
399	9	[3 9]
515
996	9	[6 9]
773
821
217
705
617
664
276
437
620
919	9	[1 9]
230
992	9	[2 9]
396	9	[3 6]
291	9	[1 2]
927	9	[2 7]
716
530
014
883
646
004
671
822
094	9	[0 4]
764
749	9	[4 7]
495	9	[4 5]
380
792	9	[2 7]
380
987	9	[7 8]
055
349	9	[3 4]
139	9	[1 3]
267
797	9	[7 7]
393	9	[3 3]
766
149	9	[1 4]
486
078
863
718
222
740
445
173
808
369	9	[3 6]
167
409	9	[0 4]
287
691	9	[1 6]
895	9	[5 8]
211
923	9	[2 3]
485
988	9	[8 8]
523
062
557
662
269	9	[2 6]
428
737
507
979	9	[7 9]
782
310
829	9	[2 8]
962	9	[2 6]
440
783
019	9	[0 1]
057
076
894	9	[4 8]
474
615
768
806
865
799	9	[7 9]
847
979	9	[7 9]
613
044
018
917	9	[1 7]
421
834
780
904	9	[0 4]
132
822
063
142
909	9	[0 9]
342
408
678
094	9	[0 4]
186
023
016
193	9	[1 3]
668
839	9	[3 8]
391	9	[1 3]
931	9	[1 3]
731
110
842
539	9	[3 5]
623
090	9	[0 0]
256
457
929	9	[2 9]
787
439	9	[3 4]
905	9	[0 5]
066
523
012
588
260
126
615
967	9	[6 7]
799	9	[7 9]
161
534
297	9	[2 7]
915	9	[1 5]
920	9	[0 2]
451
974	9	[4 7]
226
151
268
246
268
166
286
108
382
457
372
438
383
131
170
634
516
447
421
115
765
523
158
649	9	[4 6]
381
539	9	[3 5]
222
097	9	[0 7]
702
170
055
671
285
881
174
195	9	[1 5]
214
600
776
106
138
046
606
860
511
137
254
312
302
112
801
322
124
816
544
340
579	9	[5 7]
127
211
717
387
228
158
780
273
567
002
342
166
632
794	9	[4 7]
470
859	9	[5 8]
675
688
345
162
091	9	[0 1]
158
718
119	9	[1 1]
050
700
286
596	9	[5 6]
637
806
285
719	9	[1 7]
419	9	[1 4]
384
202
194	9	[1 4]
253
427
009	9	[0 0]
686
208
827
341
111
289	9	[2 8]
572
400
141
344
572
197	9	[1 7]
046
717
588
823
057
365
933	9	[3 3]
738
395	9	[3 5]
841
519	9	[1 5]
984	9	[4 8]
645
779	9	[7 7]
962	9	[2 6]
414
051
975	9	[5 7]
202
705
036
629	9	[2 6]
958	9	[5 8]
872
756
676
662
239	9	[2 3]
015
662
767
952	9	[2 5]
444
326
723
471
804
636
671
514
462
324
452
884
449	9	[4 4]
980	9	[0 8]
969	9	[6 9]
211
636
906	9	[0 6]
176
032
343
740
388
928	9	[2 8]
703
338
605
828
947	9	[4 7]
580
739	9	[3 7]
332
951	9	[1 5]
214
525
046
724
162
801
820
938	9	[3 8]
957	9	[5 7]
705
927	9	[2 7]
193	9	[1 3]
849	9	[4 8]
840
941	9	[1 4]
884
205
070
022
674
857
993	9	[3 9]
815
932	9	[2 3]
237
148
087
720
362
926	9	[2 6]
684
283
994	9	[4 9]
600
285
021
759	9	[5 7]
604
045
863
593	9	[3 5]
017
314
097	9	[0 7]
271
223
361
323
976	9	[6 7]
469	9	[4 6]
617
687
006
460
917	9	[1 7]
480
025
582
439	9	[3 4]
850
471
171
481
575
627
158
906	9	[0 6]
888
396	9	[3 6]
676
642
872
279	9	[2 7]
784
788
354
244
425
788
503
444
275
170
475
238
193	9	[1 3]
077
871
924	9	[2 4]
937	9	[3 7]
835
449	9	[4 4]
052
340
820
397	9	[3 7]
189	9	[1 8]
668
947	9	[4 7]
449	9	[4 4]
278
054
235
215
970	9	[0 7]
027
168
855
582
972	9	[2 7]
163
518
872
146
612
534
311
291	9	[1 2]
422
689	9	[6 8]
638
752
288
427
972	9	[2 7]
546
534
094	9	[0 4]
512
981	9	[1 8]
793	9	[3 7]
586
646
014
778
457
124
956	9	[5 6]
205
382
427
595	9	[5 5]
068
943	9	[3 4]
453
794	9	[4 7]
699	9	[6 9]
837
033
341
652
497	9	[4 7]
503
518
940	9	[0 4]
101
714
869	9	[6 8]
873
286
384
490	9	[0 4]
886
641
376
886
436
582
619	9	[1 6]
159	9	[1 5]
106
774
218
611
746
227
307
824
318
376
026
217
826
125
825
007
573
554
016
148
960	9	[0 6]
437
340
341
171
601
127
976	9	[6 7]
517
661
615
955	9	[5 5]
962	9	[2 6]
892	9	[2 8]
811
164
149	9	[1 4]
648
918	9	[1 8]
715
234
617
956	9	[5 6]
299	9	[2 9]
866
217
568
430
955	9	[5 5]
292	9	[2 2]
374
359	9	[3 5]
694	9	[4 6]
924	9	[2 4]
131
920	9	[0 2]
484
109	9	[0 1]
302
530
658
873
801
620
069	9	[0 6]
022
100
266
256
686
971	9	[1 7]
898	9	[8 8]
132
711
634
174
013
227
247
408
991	9	[1 9]
463
899	9	[8 9]
412
763
452
219	9	[1 2]
916	9	[1 6]
950	9	[0 5]
065
932	9	[2 3]
455
787
264
659	9	[5 6]
135
037
610
377
549	9	[4 5]
058
717
273
052
703
075
232
186
628
344
938	9	[3 8]
708
449	9	[4 4]
860
931	9	[1 3]
178
071
296	9	[2 6]
697	9	[6 7]
383
768
989	9	[8 9]
243
164
033
756
872
402
739	9	[3 7]
372
150
397	9	[3 7]
617
177
474
338
131
386
493	9	[3 4]
176
208
682
304
588
604
996	9	[6 9]
469	9	[4 6]
510
076
387
755
895	9	[5 8]
914	9	[1 4]
325
545
278
119	9	[1 1]
903	9	[0 3]
408
231
593	9	[3 5]
627
890	9	[0 8]
010
533
446
734
067
126
874
594	9	[4 5]
055
989	9	[8 9]
618
789	9	[7 8]
246
761
928	9	[2 8]
310
574
924	9	[2 4]
100
859	9	[5 8]
726
848
988	9	[8 8]
837
840
118
048
129	9	[1 2]
193	9	[1 3]
664
194	9	[1 4]
697	9	[6 7]
695	9	[5 6]
669	9	[6 6]
954	9	[4 5]
161
125
908	9	[0 8]
784
728
933	9	[3 3]
895	9	[5 8]
477
199	9	[1 9]
764
760
497	9	[4 7]
764
382
352
227
216
958	9	[5 8]
425
879	9	[7 8]
134
441
473
556
164
534
957	9	[5 7]
863
743
397	9	[3 7]
888
735
499	9	[4 9]
089	9	[0 8]
355
618
001
193	9	[1 3]
913	9	[1 3]
228
091	9	[0 1]
483
951	9	[1 5]
671
482
035
190	9	[0 1]
545
348
537
189	9	[1 8]
520
199	9	[1 9]
311
704
338
498	9	[4 8]
059	9	[0 5]
060
391	9	[1 3]
435
792	9	[2 7]
975	9	[5 7]
190	9	[0 1]
620
260
470
858
865
660
554
736
721
901	9	[0 1]
467
023
452
008
982	9	[2 8]
521
007
986	9	[6 8]
010
384
971	9	[1 7]
137
706
350
343
758
129	9	[1 2]
645
695	9	[5 6]
160
104
827
696	9	[6 6]
444
429	9	[2 4]
427
288
990	9	[0 9]
289	9	[2 8]
820
321
457
670
635
453
674
913	9	[1 3]
422
561
111
507
399	9	[3 9]
171
537
336
796	9	[6 7]
627
902	9	[0 2]
283
087
187
245
816
624
430
160
852
021
836
661
190	9	[0 1]
730
840
831
924	9	[2 4]
803
270
542
660
393	9	[3 3]
667
565
202
226
329	9	[2 3]
568
841
056
308
661
542
133
425
475
090	9	[0 0]
439	9	[3 4]
603
040
408
369	9	[3 6]
401
251
270
983	9	[3 8]
397	9	[3 7]
833
650
466
276
047
163
542
825
724
075
038
157
676
941	9	[1 4]
141
999	9	[9 9]
985	9	[5 8]
798	9	[7 8]
181
358
728
926	9	[2 6]
529	9	[2 5]
170
917	9	[1 7]
854
317
498	9	[4 8]
292	9	[2 2]
276
698	9	[6 8]
659	9	[5 6]
841
487
131
003
277
656
899	9	[8 9]
165
733
608
889	9	[8 8]
872
669	9	[6 6]
650
456
547
699	9	[6 9]
218
789	9	[7 8]
732
456
787
722
437
592	9	[2 5]
316
745
345
547
297	9	[2 7]
905	9	[0 5]
327
680
990	9	[0 9]
818
496	9	[4 6]
629	9	[2 6]
701
539	9	[3 5]
978	9	[7 8]
662
635
938	9	[3 8]
396	9	[3 6]
542
563
517
297	9	[2 7]
281
517
085
210
073
957	9	[5 7]
360
523
719	9	[1 7]
476
448
734
728
919	9	[1 9]
089	9	[0 8]
474
525
444
560
745
537
756
352
292	9	[2 2]
646
399	9	[3 9]
057
170
393	9	[3 3]
335
543
276
037
124
042
879	9	[7 8]
167
747
558
412
441
655
006
983	9	[3 8]
918	9	[1 8]
925	9	[2 5]
006
590	9	[0 5]
195	9	[1 5]
068
243
987	9	[7 8]
042
116
599	9	[5 9]
481
322
108
009	9	[0 0]
523
937	9	[3 7]
156
598	9	[5 8]
483
321
242
319	9	[1 3]
649	9	[4 6]
174
258
621
532
441
587
083
179	9	[1 7]
549	9	[4 5]
353
583
410
771
567
036
125
391	9	[1 3]
971	9	[1 7]
014
859	9	[5 8]
596	9	[5 6]
471
391	9	[1 3]
496	9	[4 6]
954	9	[4 5]
707
406
605
681
830
707
174
855
682
400
894	9	[4 8]
896	9	[6 8]
091	9	[0 1]
292	9	[2 2]
590	9	[0 5]
895	9	[5 8]
617
317
236
984	9	[4 8]
826
613
734
103
273
713
238
678
218
451
141
157
017
283
684
676
857
732
059	9	[0 5]
099	9	[0 9]
928	9	[2 8]
578
736
455
387
380
519	9	[1 5]
262
923	9	[2 3]
427
255
442
458
096	9	[0 6]
376
017
246
045
481
384
205
658
199	9	[1 9]
708
459	9	[4 5]
979	9	[7 9]
019	9	[0 1]
931	9	[1 3]
942	9	[2 4]
995	9	[5 9]
237
481
018
474
204
347
700
119	9	[1 1]
836
508
225
775
740
374
148
979	9	[7 9]
008
276
887
507
745
501
622
776
474
898	9	[8 8]
016
048
116
277
987	9	[7 8]
661
444
205
524
902	9	[0 2]
777
346
721
003
438
632
680
477
665
450
428
554
485
069	9	[0 6]
038
397	9	[3 7]
697	9	[6 7]
367
707
326
207
648
272
141
780
399	9	[3 9]
526
375
636
166
589	9	[5 8]
740
106
733
189	9	[1 8]
313
845
274
760
691	9	[1 6]
409	9	[0 4]
091	9	[0 1]
590	9	[0 5]
075
886
734
320
641
523
744
609	9	[0 6]
068
399	9	[3 9]
584
912	9	[1 2]
216
888
145
536
017
848
927	9	[2 7]
362
305
085
420
279	9	[2 7]
334
177
625
235
762
372
290	9	[0 2]
305
455
215
641
276
285
243
024
348
565
423
860
693	9	[3 6]
346
532
353
307
176
723
299	9	[2 9]
876
991	9	[1 9]
978	9	[7 8]
157
878
558
554
424
615
481
423
425
948	9	[4 8]
533
474
339	9	[3 3]
177
056
578
380
441
404
789	9	[7 8]
216
582
503
797	9	[7 7]
327
340
647
230
600
174
727
169	9	[1 6]
206
071
904	9	[0 4]
529	9	[2 5]
062
604
770
497	9	[4 7]
626
653
867
750
803
804
539	9	[3 5]
550
705
325
229	9	[2 2]
444
481
023
990	9	[0 9]
308
771
869	9	[6 8]
990	9	[0 9]
117
479	9	[4 7]
025
911	9	[1 1]
771
595	9	[5 5]
135
852
680
935	9	[3 5]
076
038
396	9	[3 6]
842
617
798	9	[7 8]
075
093	9	[0 3]
584
481
292	9	[2 2]
431
707
290	9	[0 2]
251
626
985	9	[5 8]
780
825
510
110
121
035
716
230
479	9	[4 7]
592	9	[2 5]
289	9	[2 8]
609	9	[0 6]
980	9	[0 8]
199	9	[1 9]
502
773
560
540
303
933	9	[3 3]
983	9	[3 8]
297	9	[2 7]
132
208
409	9	[0 4]
004
478
130
058
995	9	[5 9]
521
310
648
468
920	9	[0 2]
609	9	[0 6]
749	9	[4 7]
773
125
754
538
459	9	[4 5]
334
894	9	[4 8]
396	9	[3 6]
340
092	9	[0 2]
360
393	9	[3 3]
514
176
236
077
366
686
883
156
132
259	9	[2 5]
220
171
018
499	9	[4 9]
506
100
239	9	[2 3]
284
161
674
813
260
176
314
499	9	[4 9]
529	9	[2 5]
008
203
032
266
522
482
176
921	9	[1 2]
479	9	[4 7]
632
083
043
959	9	[5 9]
498	9	[4 8]
537
746
885
389	9	[3 8]
058
663
956	9	[5 6]
791	9	[1 7]
037
234
598	9	[5 8]
181
349	9	[3 4]
844
640
231
176
783
852
204
871
054
959	9	[5 9]
323
619	9	[1 6]
378
483
783
917	9	[1 7]
535
115
182
376
501
280
482
630
448
247
023
009	9	[0 0]
053
125
470
717
254
986	9	[6 8]
706
961	9	[1 6]
686
160
451
235
272
820
885
111
916	9	[1 6]
893	9	[3 8]
246
913	9	[1 3]
030
133
145
915	9	[1 5]
923	9	[2 3]
957	9	[5 7]
065
150
680
148
248
140
862
435
078
568
019	9	[0 1]
848
059	9	[0 5]
256
166
244
852
687
173
274
944	9	[4 4]
747
058
583
404
578
133
005
282
087
651
731
845
473
190	9	[0 1]
522
468
949	9	[4 9]
452
533
741
369	9	[3 6]
850
412
264
337
161
897	9	[7 8]
915	9	[1 5]
531
328
241
987	9	[7 8]
434
132
091	9	[0 1]
332
675
742
182
759	9	[5 7]
945	9	[4 5]
228
432
676
869	9	[6 8]
483
412
135
380
518
536
783
710
959	9	[5 9]
632
837
372
214
689	9	[6 8]
011
937	9	[3 7]
581
033
778
900	9	[0 0]
352
437
833
886
311
723
831
158
625
422
412
102
607
068
975	9	[5 7]
664
492	9	[2 4]
970	9	[0 7]
587
554
369	9	[3 6]
488
072
191	9	[1 1]
601
162
614
354
310
736
119	9	[1 1]
880
663
061
500
537
020
434
284
929	9	[2 9]
642
954	9	[4 5]
879	9	[7 8]
800
658
776
480
772
374
525
332
241
129	9	[1 2]
929	9	[2 9]
817
646
747
646
186
375
697	9	[6 7]
077
911	9	[1 1]
473
352
155
135
588
580
486
869	9	[6 8]
504
450
355
473
233
466
049	9	[0 4]
162
762
585
537
253
805
886
792	9	[2 7]
336
305
081
596	9	[5 6]
918	9	[1 8]
768
930	9	[0 3]
627
129	9	[1 2]
149	9	[1 4]
705
765
048
008
984	9	[4 8]
777
320
513
533
917	9	[1 7]
490	9	[0 4]
363
002
961	9	[1 6]
417
178
454
910	9	[0 1]
703
358
264
084
597	9	[5 7]
975	9	[5 7]
386
800
586
433
334
169	9	[1 6]
927	9	[2 7]
782
413
559	9	[5 5]
934	9	[3 4]
651
356
535
372
083
208
862
098	9	[0 8]
989	9	[8 9]
231
445
503
976	9	[6 7]
523
645
048
771
623
396	9	[3 6]
706
355
811
982	9	[2 8]
964	9	[4 6]
975	9	[5 7]
683
867
914	9	[1 4]
716
928	9	[2 8]
745
882
053
860
825
136
983	9	[3 8]
308
250
091	9	[0 1]
921	9	[1 2]
388
493	9	[3 4]
056
383
640
896	9	[6 8]
019	9	[0 1]
912	9	[1 2]
050
214
189	9	[1 8]
447
512
318
615
882
889	9	[8 8]
684
667
448
323
486
900	9	[0 0]
657
849	9	[4 8]
890	9	[0 8]
170
135
111
160
113
055
463
659	9	[5 6]
388
860
410
798	9	[7 8]
973	9	[3 7]
529	9	[2 5]
523
925	9	[2 5]
644
709	9	[0 7]
396	9	[3 6]
507
669	9	[6 6]
703
394	9	[3 4]
956	9	[5 6]
027
997	9	[7 9]
465
786
027
040
372
963	9	[3 6]
256
799	9	[7 9]
231
990	9	[0 9]
734
113
254
387
346
626
844
108
035
461
610
757
573
009	9	[0 0]
696	9	[6 6]
896	9	[6 8]
571
186
588
426
164
625
193	9	[1 3]
049	9	[0 4]
585
626
514
374
177
691	9	[1 6]
374
366
990	9	[0 9]
015
192	9	[1 2]
573
200
590	9	[0 5]
071
967	9	[6 7]
006
383
881
441
013
831
367
769	9	[6 7]
593	9	[3 5]
517
119	9	[1 1]
482
447
788
621
541
058
841
481
817
030
037
242
995	9	[5 9]
758
586
369	9	[3 6]
511
527
932	9	[2 3]
925	9	[2 5]
517
615
234
796	9	[6 7]
368
482
263
864
733
400
014
094	9	[0 4]
867
186
082
448
039	9	[0 3]
875
356
856
835
724
686
933	9	[3 3]
173
181
543
386
707
250
367
765
965	9	[5 6]
199	9	[1 9]
765
616
849	9	[4 8]
136
586
797	9	[7 7]
998	9	[8 9]
562
479	9	[4 7]
523
905	9	[0 5]
423
973	9	[3 7]
346
185
166
352
377
489	9	[4 8]
146
728
022
204
156
548
376
318
834
249	9	[2 4]
258
098	9	[0 8]
888
363
444
693	9	[3 6]
318
260
705
390	9	[0 3]
029	9	[0 2]
376
975	9	[5 7]
142
172
921	9	[1 2]
811
871
223
171
123
289	9	[2 8]
758
853
687
058
482
646
392	9	[2 3]
077
114
663
608
434
132
514
166
952	9	[2 5]
921	9	[1 2]
946	9	[4 6]
080
253
215
916	9	[1 6]
095	9	[0 5]
638
332
881
234
488
892	9	[2 8]
265
972	9	[2 7]
860
787
220
091	9	[0 1]
219	9	[1 2]
672
455
187
294	9	[2 4]
469	9	[4 6]
121
807
788
470
097	9	[0 7]
547
171
706
763
761
742
640
275
975	9	[5 7]
041
199	9	[1 9]
048
931	9	[1 3]
221
772
965	9	[5 6]
039	9	[0 3]
607
359	9	[3 5]
560
830
811
086
416
564
528
608
024
169	9	[1 6]
939	9	[3 9]
322
437
735
222
127
715
291	9	[1 2]
242
479	9	[4 7]
720
553
115
626
074
588
783
302
009	9	[0 0]
987	9	[7 8]
724
633
356
583
655
161
516
525
220
102
590	9	[0 5]
262
539	9	[3 5]
047
143
069	9	[0 6]
322
146
450
643
382
967	9	[6 7]
309	9	[0 3]
533
730
179	9	[1 7]
472
239	9	[2 3]
449	9	[4 4]
171
628
688
230
508
197	9	[1 7]
540
527
542
775
509	9	[0 5]
786
569	9	[5 6]
226
879	9	[7 8]
341
680
811
897	9	[7 8]
698	9	[6 8]
877
433
261
979	9	[7 9]
396	9	[3 6]
111
548
382
532
203
292	9	[2 2]
526
770
749	9	[4 7]
438
519	9	[1 5]
510
577
024
641
268
033
569	9	[5 6]
475
607
646
242
833
570
812
858
680
438
071
984	9	[4 8]
941	9	[1 4]
231
113
949	9	[4 9]
866
274
061
122
432
209	9	[0 2]
465
414
861
337
257
126
595	9	[5 5]
241
235
185
972	9	[2 7]
208
814
681
713
955	9	[5 5]
091	9	[0 1]
552
935	9	[3 5]
324
499	9	[4 9]
519	9	[1 5]
109	9	[0 1]
075
665
575
958	9	[5 8]
175
636
666
876
262
634
756
659	9	[5 6]
197	9	[1 7]
817
045
265
119	9	[1 1]
204
054
997	9	[7 9]
841
977	9	[7 7]
740
847
185
805
903	9	[0 3]
163
847
536
697	9	[6 7]
411
742
611
414
952	9	[2 5]
383
160
780
539	9	[3 5]
422
962	9	[2 6]
888
959	9	[5 9]
371
846
140
492	9	[2 4]
653
504
851
956	9	[5 6]
397	9	[3 7]
022
391	9	[1 3]
976	9	[6 7]
860
864
541
154
144
507
192	9	[1 2]
847
756
272
044
472
407
779	9	[7 7]
125
609	9	[0 6]
185
958	9	[5 8]
265
591	9	[1 5]
722
807
353
589	9	[5 8]
272
051
438
421
637
118
557
057
670
199	9	[1 9]
209	9	[0 2]
229	9	[2 2]
782
825
855
899	9	[8 9]
710
001
904	9	[0 4]
809	9	[0 8]
503
538
220
737
427
562
019	9	[0 1]
089	9	[0 8]
630
244
071
117
824
383
389	9	[3 8]
964	9	[4 6]
970	9	[0 7]
368
794	9	[4 7]
307
466
892	9	[2 8]
482
853
264
967	9	[6 7]
549	9	[4 5]
904	9	[0 4]
362
475
388
287
186
800
795	9	[5 7]
506
797	9	[7 7]
921	9	[1 2]
681
844
147
621
833
475
557
908	9	[0 8]
739	9	[3 7]
037
479	9	[4 7]
311
731
366
612
571
430
210
328
283
658
204
578
671
720
405
858
680
241
162
379	9	[3 7]
403
787
594	9	[4 5]
462
415
456
368
114
152
121
956	9	[5 6]
984	9	[4 8]
853
777
594	9	[4 5]
310
105
538
553
491	9	[1 4]
199	9	[1 9]
804
779	9	[7 7]
104
775
121
492	9	[2 4]
171
004
509	9	[0 5]
195	9	[1 5]
760
271
882
052
845
871
679	9	[6 7]
575
541
392	9	[2 3]
252
602
569	9	[5 6]
707
634
952	9	[2 5]
904	9	[0 4]
924	9	[2 4]
018
342
022
983	9	[3 8]
486
978	9	[7 8]
864
599	9	[5 9]
414
329	9	[2 3]
584
890	9	[0 8]
022
940	9	[0 4]
411
207
377
639	9	[3 6]
744
435
363
268
272
651
053
781
078
967	9	[6 7]
961	9	[1 6]
490	9	[0 4]
162
770
179	9	[1 7]
965	9	[5 6]
218
925	9	[2 5]
251
795	9	[5 7]
741
330
510
053
584
367
804
470
629	9	[2 6]
268
958	9	[5 8]
238
464
923	9	[2 3]
241
845
386
625
677
919	9	[1 9]
836
096	9	[0 6]
312
330
549	9	[4 5]
766
160
473
328
926	9	[2 6]
841
730
959	9	[5 9]
564
047
886
752
027
085
620
737
529	9	[2 5]
170
869	9	[6 8]
996	9	[6 9]
807
818
386
619	9	[1 6]
468
926	9	[2 6]
402
453
134
790	9	[0 7]
640
790	9	[0 7]
052
632
820
525
403
126
150
139	9	[1 3]
601
513
368
059	9	[0 5]
253
887
907	9	[0 7]
460
692	9	[2 6]
535
001
811
835
648
387
827
204
113
945	9	[4 5]
368
504
678
133
054
042
567
977	9	[7 7]
246
737
413
184
827
794	9	[4 7]
301
339	9	[3 3]
263
323
232
811
871
753
506
760
628
250
819	9	[1 8]
548
976	9	[6 7]
516
411
430
541
594	9	[4 5]
559	9	[5 5]
170
888
740
776
918	9	[1 8]
097	9	[0 7]
987	9	[7 8]
681
720
138
006
659	9	[5 6]
417
183
033
363
880
765
410
573
527
396	9	[3 6]
048
127
626
237
864
678
402
831
967	9	[6 7]
389	9	[3 8]
611
661
032
892	9	[2 8]
551
066
139	9	[1 3]
415
246
422
934	9	[3 4]
323
288
204
124
624
306
478
869	9	[6 8]
237
254
231
589	9	[5 8]
713
993	9	[3 9]
339	9	[3 3]
254
520
886
905	9	[0 5]
453
462
011
408
754
495	9	[4 5]
470
534
896	9	[6 8]
696	9	[6 6]
001
565
468
101
760
947	9	[4 7]
337
640
201
152
732
353
833
162
800
606
266
627
380
992	9	[2 9]
458
023
491	9	[1 4]
028
317
287
198	9	[1 8]
872
835
460
648
602
015
162
421
421
444
623
638
731
965	9	[5 6]
740
825
824
408
947	9	[4 7]
156
752
169	9	[1 6]
666
952	9	[2 5]
294	9	[2 4]
397	9	[3 7]
170
739	9	[3 7]
336
163
505
023
114
810
876
385
440
943	9	[3 4]
036
976	9	[6 7]
783
816
616
546
660
611
682
939	9	[3 9]
783
680
682
937	9	[3 7]
017
318
849	9	[4 8]
526
102
725
497	9	[4 7]
700
220
396	9	[3 6]
749	9	[4 7]
653
923	9	[2 3]
825
787
657
163
043
331
663
374
421
583
970	9	[0 7]
184
073
499	9	[4 9]
902	9	[0 2]
410
425
425
446
156
887
351
439	9	[3 4]
280
536
184
224
176
426
088
631
012
083
721
223
287
379	9	[3 7]
356
597	9	[5 7]
661
264
998	9	[8 9]
507
971	9	[1 7]
371
748
987	9	[7 8]
839	9	[3 8]
709	9	[0 7]
518
352
809	9	[0 8]
364
637
088
279	9	[2 7]
278
286
895	9	[5 8]
241
022
287
839	9	[3 8]
419	9	[1 4]
211
474
025
814
167
845
651
751
315
595	9	[5 5]
124
228
359	9	[3 5]
639	9	[3 6]
416
013
133
714
773
788
153
426
833
350
749	9	[4 7]
868
346
277
995	9	[5 9]
542
782
216
045
582
670
260
534
217
426
535
975	9	[5 7]
955	9	[5 5]
933	9	[3 3]
462
817
064
933	9	[3 3]
976	9	[6 7]
156
077
148
433
980	9	[0 8]
058
964	9	[4 6]
440
812
176
665
272
552
886
601
760
997	9	[7 9]
414
988	9	[8 8]
056
223
803
211
838
386
004
940	9	[0 4]
773
522
960	9	[0 6]
554
878
268
228
213
046
860
033
926	9	[2 6]
910	9	[0 1]
896	9	[6 8]
957	9	[5 7]
346
832
591	9	[1 5]
786
884
455
050
333
777
987	9	[7 8]
613
679	9	[6 7]
688
191	9	[1 1]
186
546
833
708
302
830
143
037
090	9	[0 0]
142
158
025
825
998	9	[8 9]
230
668
817
568
991	9	[1 9]
739	9	[3 7]
526
032
871
675
612
741
591	9	[1 5]
414
794	9	[4 7]
269	9	[2 6]
877
715
389	9	[3 8]
225
193	9	[1 3]
249	9	[2 4]
660
754
436
272
714
771
148
361
654
660
825
957	9	[5 7]
819	9	[1 8]
755
303
357
839	9	[3 8]
689	9	[6 8]
762
913	9	[1 3]
354
546
985	9	[5 8]
824
948	9	[4 8]
132
713
549	9	[4 5]
959	9	[5 9]
719	9	[1 7]
296	9	[2 6]
975	9	[5 7]
257
198	9	[1 8]
651
195	9	[1 5]
221
704
596	9	[5 6]
651
754
637
367
163
173
217
784
470
531
573
557
723
461
790	9	[0 7]
013
805
839	9	[3 8]
443
036
850
157
858
696	9	[6 6]
972	9	[2 7]
041
307
170
129	9	[1 2]
466
001
419	9	[1 4]
372
560
548
362
341
199	9	[1 9]
155
230
357
813
423
697	9	[6 7]
119	9	[1 1]
238
652
214
661
405
943	9	[3 4]
898	9	[8 8]
532
097	9	[0 7]
637
344
681
777
287
129	9	[1 2]
615
047
616
058
076
302
063
376
435
691	9	[1 6]
778
278
094	9	[0 4]
992	9	[2 9]
955	9	[5 5]
044
020
847
479	9	[4 7]
762
121
063
332
271
158
644
014
738
829	9	[2 8]
684
876
159	9	[1 5]
886
688
011
259	9	[2 5]
115
740
525
838
132
856
778
201
169	9	[1 6]
409	9	[0 4]
915	9	[1 5]
481
415
299	9	[2 9]
619	9	[1 6]
989	9	[8 9]
361
915	9	[1 5]
285
187
227
784
884
950	9	[0 5]
603
585
688
035
221
301
272
108
253
245
666
975	9	[5 7]
724
704
766
834
019	9	[0 1]
628
364
935	9	[3 5]
154
426
367
411
877
793	9	[3 7]
211
941	9	[1 4]
594	9	[4 5]
827
296	9	[2 6]
818
270
385
779	9	[7 7]
989	9	[8 9]
436
280
628
213
320
382
397	9	[3 7]
671
500
300
804
048
834
431
572
384
345
900	9	[0 0]
793	9	[3 7]
719	9	[1 7]
040
143
773
582
422
341
747
617
350
618
787
388
735
751
833
465
689	9	[6 8]
481
244
310
009	9	[0 0]
347
906	9	[0 6]
138
028
026
369	9	[3 6]
976	9	[6 7]
569	9	[5 6]
669	9	[6 6]
503
384
941	9	[1 4]
604
615
514
338
045
769	9	[6 7]
685
152
107
598	9	[5 8]
262
219	9	[1 2]
155
480
620
208
867
402
440
080
257
797	9	[7 7]
516
088
454
108
541
561
525
765
034
611
283
376
723
302
177
510
069	9	[0 6]
623
204
458
940	9	[0 4]
693	9	[3 6]
358
973	9	[3 7]
945	9	[4 5]
486
707
330
035
878
066
147
302
518
568
463
657
208
137
109	9	[0 1]
394	9	[3 4]
669	9	[6 6]
569	9	[5 6]
722
044
282
976	9	[6 7]
694	9	[4 6]
178
302
292	9	[2 2]
898	9	[8 8]
131
913	9	[1 3]
059	9	[0 5]
471
468
318
837
544
246
786
657
944	9	[4 4]
901	9	[0 1]
129	9	[1 2]
032
315
090	9	[0 0]
212
119	9	[1 1]
972	9	[2 7]
608
807
047
826
307
955	9	[5 5]
035
301
790	9	[0 7]
474
124
021
271
688
317
303
566
331
908	9	[0 8]
561
963	9	[3 6]
078
726
002
757
933	9	[3 3]
916	9	[1 6]
700
554
636
187
258
378
944	9	[4 4]
498	9	[4 8]
291	9	[1 2]
519	9	[1 5]
478
414
150
474
131
361
150
146
716
750
982	9	[2 8]
063
093	9	[0 3]
471
318
923	9	[2 3]
513
918	9	[1 8]
359	9	[3 5]
655
057
652
299	9	[2 9]
402
975	9	[5 7]
229	9	[2 2]
573
630
016
381
167
549	9	[4 5]
072
917	9	[1 7]
771
726
159	9	[1 5]
643
877
031
115
170
553
536
492	9	[2 4]
674
243
928	9	[2 8]
466
763
920	9	[0 2]
982	9	[2 8]
188
564
244
474
373
376
272
186
268
040
679	9	[6 7]
767
999	9	[9 9]
750
910	9	[0 1]
594	9	[4 5]
420
472
439	9	[3 4]
606
278
164
057
320
810
449	9	[4 4]
414
676
544
591	9	[1 5]
175
730
654
420
047
691	9	[1 6]
480
971	9	[1 7]
465
789	9	[7 8]
916	9	[1 6]
675
300
989	9	[8 9]
957	9	[5 7]
106
969	9	[6 9]
373
223
331
026
488
756
324
461
095	9	[0 5]
121
703
468
746
598	9	[5 8]
397	9	[3 7]
667
098	9	[0 8]
071
802
794	9	[4 7]
372
163
960	9	[0 6]
588
877
169	9	[1 6]
026
570
057
619	9	[1 6]
068
080
702
552
820
387
551
252
237
744
443
275
682
571
069	9	[0 6]
151
661
491	9	[1 4]
000
706
898	9	[8 8]
235
201
260
367
696	9	[6 6]
798	9	[7 8]
481
853
127
392	9	[2 3]
722
805
264
324
915	9	[1 5]
139	9	[1 3]
170
335
313
480
497	9	[4 7]
580
711
860
972	9	[2 7]
631
986	9	[6 8]
944	9	[4 4]
478
447
825
871
664
518
171
679	9	[6 7]
995	9	[5 9]
159	9	[1 5]
214
923	9	[2 3]
511
338
008
884
933	9	[3 3]
469	9	[4 6]
637
001
838
459	9	[4 5]
133
733
235
175
160
495	9	[4 5]
748
563
713
519	9	[1 5]
859	9	[5 8]
947	9	[4 7]
130
359	9	[3 5]
384
849	9	[4 8]
111
639	9	[3 6]
062
369	9	[3 6]
191	9	[1 1]
124
908	9	[0 8]
583
646
183
825
956	9	[5 6]
862
734
213
397	9	[3 7]
042
372
446
910	9	[0 1]
971	9	[1 7]
859	9	[5 8]
584
823
986	9	[6 8]
657
798	9	[7 8]
636
305
845
939	9	[3 9]
886
936	9	[3 6]
426
307
684
543
194	9	[1 4]
001
480
215
743
445
132
618
394	9	[3 4]
626
507
074
318
711
051
601
879	9	[7 8]
860
155
106
980	9	[0 8]
046
847
217
379	9	[3 7]
038
867
096	9	[0 6]
160
874
257
079	9	[0 7]
936	9	[3 6]
609	9	[0 6]
272
676
654
255
099	9	[0 9]
528
199	9	[1 9]
580
283
124
463
047
853
856
750
989	9	[8 9]
173
889	9	[8 8]
654
296	9	[2 6]
721
969	9	[6 9]
717
197	9	[1 7]
582
418
138
204
187
657
757
761
745
845
708
875
035
977	9	[7 7]
737
879	9	[7 8]
160
221
204
449	9	[4 4]
282
137
211
731
802
871
276
709	9	[0 7]
389	9	[3 8]
775
699	9	[6 9]
273
824
440
676
389	9	[3 8]
021
343
706
200
366
264
407
925	9	[2 5]
949	9	[4 9]
434
182
709	9	[0 7]
426
043
862
103
697	9	[6 7]
386
126
427
031
224
986	9	[6 8]
638
108
776
249	9	[2 4]
314
448
615
519	9	[1 5]
389	9	[3 8]
826
852
113
425
520
996	9	[6 9]
157
786
414
944	9	[4 4]
176
538
711
982	9	[2 8]
837
690	9	[0 6]
657
864
098	9	[0 8]
061
041
969	9	[6 9]
925	9	[2 5]
247
941	9	[1 4]
492	9	[2 4]
050
744
475
806
525
737
563
332
658
076
948	9	[4 8]
317
658
248
458
060
603
672
529	9	[2 5]
584
487
255
063
749	9	[4 7]
993	9	[3 9]
354
048
616
282
885
057
968	9	[6 8]
481
191	9	[1 1]
905	9	[0 5]
756
437
025
245
822
009	9	[0 0]
915	9	[1 5]
684
699	9	[6 9]
587
032
064
975	9	[5 7]
292	9	[2 2]
399	9	[3 9]
047
051
251
229	9	[2 2]
389	9	[3 8]
943	9	[3 4]
542
405
510
185
861
415
097	9	[0 7]
952	9	[2 5]
447
078
433
325
184
608
552
873
744
463
912	9	[1 2]
835
757
345
357
288
066
860
235
662
066
514
705
245
816
658
012
875
178
429	9	[2 4]
049	9	[0 4]
845
324
547
847
953	9	[3 5]
099	9	[0 9]
523
678
724
103
497	9	[4 7]
193	9	[1 3]
560
562
785
886
283
334
545
932	9	[2 3]
226
106
800
443
481
314
987	9	[7 8]
650
312
767
974	9	[4 7]
193	9	[1 3]
226
082
564
810
964	9	[4 6]
847
898	9	[8 8]
452
607
346
866
256
147
039	9	[0 3]
418
755
306
714
407
011
297	9	[2 7]
452
684
429	9	[2 4]
558
378
818
419	9	[1 4]
798	9	[7 8]
676
189	9	[1 8]
346
616
591	9	[1 5]
678
203
034
248
023
142
131
192	9	[1 2]
281
428
720
326
220
744
113
209	9	[0 2]
812
568
328
200
704
763
847
368
130
271
837
618
598	9	[5 8]
611
267
325
665
091	9	[0 1]
303
807
420
607
023
411
021
006
597	9	[5 7]
471
218
528
286
595	9	[5 5]
889	9	[8 8]
959	9	[5 9]
586
055
865
322
464
780
943	9	[3 4]
104
780
863
206
356
998	9	[8 9]
856
291	9	[1 2]
106
322
477
358
932	9	[2 3]
699	9	[6 9]
850
794	9	[4 7]
130
153
459	9	[4 5]
918	9	[1 8]
062
603
925	9	[2 5]
134
538
608
451
157
607
923	9	[2 3]
489	9	[4 8]
989	9	[8 9]
715
182
320
460
230
557
441
052
209	9	[0 2]
944	9	[4 4]
791	9	[1 7]
418
062
969	9	[6 9]
989	9	[8 9]
453
791	9	[1 7]
269	9	[2 6]
615
605
284
586
104
103
486
014
153
077
818
107
774
169	9	[1 6]
081
720
513
389	9	[3 8]
613
363
624
277
860
994	9	[4 9]
330
481
380
826
752
030
649	9	[4 6]
433
638
261
213
471
858
778
644
081
835
119	9	[1 1]
947	9	[4 7]
055
893	9	[3 8]
769	9	[6 7]
218
161
921	9	[1 2]
651
982	9	[2 8]
432
858
138
723
808
205
207
884
973	9	[3 7]
325
143
398	9	[3 8]
672
698	9	[6 8]
232
256
924	9	[2 4]
039	9	[0 3]
270
971	9	[1 7]
623
264
615
480
108
666
768
245
703
368
677
482
386
225
221
312
352
433
743
623
606
943	9	[3 4]
444
675
187
830
662
654
588
558
249	9	[2 4]
966	9	[6 6]
115
776
496	9	[4 6]
183
508
309	9	[0 3]
791	9	[1 7]
475
511
396	9	[3 6]
099	9	[0 9]
708
590	9	[0 5]
498	9	[4 8]
980	9	[0 8]
941	9	[1 4]
528
936	9	[3 6]
954	9	[4 5]
832
230
968	9	[6 8]
793	9	[3 7]
868
369	9	[3 6]
807
294	9	[2 4]
049	9	[0 4]
944	9	[4 4]
998	9	[8 9]
690	9	[0 6]
133
956	9	[5 6]
959	9	[5 9]
530
314
842
317
421
037
715
128
933	9	[3 3]
119	9	[1 1]
550
096	9	[0 6]
260
232
941	9	[1 4]
553
606
876
891	9	[1 8]
864
889	9	[8 8]
070
420
225
880
936	9	[3 6]
958	9	[5 8]
714
010
919	9	[1 9]
333
885
074
171
343
184
244
627
742
134
324
710
913	9	[1 3]
352
455
532
804
928	9	[2 8]
506
910	9	[0 1]
492	9	[2 4]
116
222
873
860
546
067
553
233
496	9	[4 6]
312
082
781
266
713
865
927	9	[2 7]
504
657
083
716
610
631
771
399	9	[3 9]
659	9	[5 6]
263
948	9	[4 8]
480
639	9	[3 6]
220
364
916	9	[1 6]
230
421
483
611
177
313
769	9	[6 7]
605
738
668
647
429	9	[2 4]
489	9	[4 8]
086
053
116
707
148
100
101
833
096	9	[0 6]
475
502
802
291	9	[1 2]
816
998	9	[8 9]
113
450
580
419	9	[1 4]
425
257
249	9	[2 4]
701
736
075
664
759	9	[5 7]
693	9	[3 6]
223
128
004
748
524
778
532
313
111
392	9	[2 3]
996	9	[6 9]
037
865
462
338
526
360
040
666
116
881
116
804
279	9	[2 7]
150
615
565
083
417
212
790	9	[0 7]
039	9	[0 3]
895	9	[5 8]
642
342
252
612
716
273
825
077
789	9	[7 8]
611
507
168
708
703
863
144
013
320
957	9	[5 7]
861
999	9	[9 9]
159	9	[1 5]
404
742
958	9	[5 8]
063
528
753
479	9	[4 7]
619	9	[1 6]
254
150
091	9	[0 1]
200
288
703
046
478
541
108
143
361
636
972	9	[2 7]
890	9	[0 8]
590	9	[0 5]
376
654
656
817
933	9	[3 3]
303
730
821
442
540
735
814
563
605
074
232
371
691	9	[1 6]
439	9	[3 4]
530
745
845
699	9	[6 9]
792	9	[2 7]
111
635
246
173
574
321
800
271
126
111
184
151
019	9	[0 1]
262
308
889	9	[8 8]
360
662
597	9	[5 7]
181
573
360
521
449	9	[4 4]
716
884
203
221
401
051
953	9	[3 5]
161
290	9	[0 2]
367
187
072
655
197	9	[1 7]
309	9	[0 3]
553
580
384
634
197	9	[1 7]
206
753
914	9	[1 4]
064
918	9	[1 8]
435
671
302
850
486
348
075
526
445
760
777
395	9	[3 5]
542
276
629	9	[2 6]
529	9	[2 5]
118
409	9	[0 4]
288
372
565
261
789	9	[7 8]
320
367
975	9	[5 7]
301
593	9	[3 5]
106
043
120
816
962	9	[2 6]
967	9	[6 7]
571
704
710
008
004
286
556
581
674
203
200
527
541
883
679	9	[6 7]
441
931	9	[1 3]
905	9	[0 5]
327
691	9	[1 6]
104
621
324
039	9	[0 3]
971	9	[1 7]
027
301
797	9	[7 7]
476
307
033
867
768
550
205
023
344
729	9	[2 7]
739	9	[3 7]
212
390	9	[0 3]
350
200
511
741
222
941	9	[1 4]
841
823
301
151
805
908	9	[0 8]
755
067
905	9	[0 5]
720
211
534
241
539	9	[3 5]
150
079	9	[0 7]
811
658
753
595	9	[5 5]
613
883
174
954	9	[4 5]
751
414
961	9	[1 6]
381
393	9	[3 3]
710
608
985	9	[5 8]
211
392	9	[2 3]
555
255
315
950	9	[0 5]
431
230
067
842
438
976	9	[6 7]
217
668
988	9	[8 8]
202
688
428
014
508
589	9	[5 8]
518
282
374
928	9	[2 8]
761
676
873
559	9	[5 5]
374
616
173
224
993	9	[3 9]
125
627
786
536
832
994	9	[4 9]
026
657
606
814
327
492	9	[2 4]
668
252
735
303
809	9	[0 8]
750
200
022
219	9	[1 2]
466
643
709	9	[0 7]
590	9	[0 5]
783
951	9	[1 5]
684
304
968	9	[6 8]
058
426
148
847
500
928	9	[2 8]
878
384
462
244
726
472
317
756
635
273
918	9	[1 8]
836
983	9	[3 8]
399	9	[3 9]
079	9	[0 7]
674
581
063
784
620
530
612
707
354
169	9	[1 6]
362
738
415
246
246
923	9	[2 3]
787
939	9	[3 9]
983	9	[3 8]
957	9	[5 7]
903	9	[0 3]
870
710
068
673
076
889	9	[8 8]
315
349	9	[3 4]
101
774
183
229	9	[2 2]
630
581
964	9	[4 6]
322
588
738
399	9	[3 9]
331
172
549	9	[4 5]
222
750
197	9	[1 7]
144
723
653
558
624
034
385
805
422
726
748
551
976	9	[6 7]
251
956	9	[5 6]
975	9	[5 7]
183
994	9	[4 9]
408
782
117
598	9	[5 8]
154
514
538
898	9	[8 8]
501
381
997	9	[7 9]
081
999	9	[9 9]
040
458
896	9	[6 8]
543
371
034
452
014
993	9	[3 9]
193	9	[1 3]
481
636
065
441
526
831
623
659	9	[5 6]
073
858
385
193	9	[1 3]
953	9	[3 5]
604
937	9	[3 7]
972	9	[2 7]
223
191	9	[1 1]
448
106
925	9	[2 5]
013
229	9	[2 2]
921	9	[1 2]
968	9	[6 8]
164
203
549	9	[4 5]
345
351
016
232
885
691	9	[1 6]
824
346
976	9	[6 7]
073
717
470
685
636
683
927	9	[2 7]
437
510
248
326
528
729	9	[2 7]
070
729	9	[2 7]
487
344
062
181
343
619	9	[1 6]
824
182
518
331
138
342
617
325
243
587
526
663
755
486
178
086
761
075
037
706
503
198	9	[1 8]
407
713
773
552
003
950	9	[0 5]
910	9	[0 1]
773
309	9	[0 3]
868
375
247
686
383
169	9	[1 6]
800
128
675
540
138
074
283
627
815
989	9	[8 9]
344
185
078
229	9	[2 2]
800
849	9	[4 8]
151
983	9	[3 8]
638
014
865
285
975	9	[5 7]
552
791	9	[1 7]
261
883
866
160
726
433
165
870
205
778
601
500
110
417
981	9	[1 8]
923	9	[2 3]
779	9	[7 7]
063
091	9	[0 1]
043
011
795	9	[5 7]
823
163
005
869	9	[6 8]
763
525
270
818
109	9	[0 1]
618
453
835
374
363
980	9	[0 8]
919	9	[1 9]
020
034
500
452
270
150
428
894	9	[4 8]
098	9	[0 8]
178
732
918	9	[1 8]
542
352
878
863
758
666
357
661
585
322
419	9	[1 4]
224
377
628
575
863
373
509	9	[0 5]
755
458
282
393	9	[3 3]
978	9	[7 8]
292	9	[2 2]
123
610
573
880
529	9	[2 5]
589	9	[5 8]
536
332
322
879	9	[7 8]
367
561
712
297	9	[2 7]
519	9	[1 5]
602
878
250
869	9	[6 8]
822
304
368
285
330
515
491	9	[1 4]
476
278
996	9	[6 9]
862
225
595	9	[5 5]
057
104
680
294	9	[2 4]
192	9	[1 2]
461
752
961	9	[1 6]
092	9	[0 2]
502
018
353
074
880
818
505
859	9	[5 8]
137
952	9	[2 5]
396	9	[3 6]
483
106
005
871
689	9	[6 8]
283
064
727
361
084
349	9	[3 4]
134
882
702
981	9	[1 8]
713
669	9	[6 6]
654
634
293	9	[2 3]
878
772
039	9	[0 3]
930	9	[0 3]
636
752
590	9	[0 5]
270
484
773
892	9	[2 8]
822
664
932	9	[2 3]
869	9	[6 8]
844
651
601
407
563
628
860
231
291	9	[1 2]
231
960	9	[0 6]
410
657
947	9	[4 7]
110
304
145
142
664
315
471
018
562
994	9	[4 9]
362
342
866
875
357
048
706
197	9	[1 7]
545
945	9	[4 5]
718
205
176
603
302
466
015
001
978	9	[7 8]
585
300
919	9	[1 9]
887
216
632
920	9	[0 2]
253
880
325
363
910	9	[0 1]
191	9	[1 1]
558
997	9	[7 9]
786
593	9	[3 5]
866
541
210
277
802
828
330
105
647
953	9	[3 5]
651
766
685
131
362
504
533
464
171
279	9	[2 7]
043
664
138
516
471
424
143
652
997	9	[7 9]
005
357
749	9	[4 7]
550
117
819	9	[1 8]
847
553
715
588
297	9	[2 7]
555
650
368
715
597	9	[5 7]
661
255
225
008
326
924	9	[2 4]
086
691	9	[1 6]
984	9	[4 8]
886
581
838
656
556
984	9	[4 8]
222
288
579	9	[5 7]
188
242
220
772
161
683
086
426
207
723
725
333
824
442
196	9	[1 6]
380
524
173
047
249	9	[2 4]
542
737
983	9	[3 8]
391	9	[1 3]
401
708
782
290	9	[0 2]
275
443
100
137
482
221
484
972	9	[2 7]
243
118
094	9	[0 4]
208
502
961	9	[1 6]
308
551
018
124
902	9	[0 2]
166
977	9	[7 7]
158
693	9	[3 6]
625
649	9	[4 6]
328
066
602
184
787
601
789	9	[7 8]
860
396	9	[3 6]
943	9	[3 4]
155
771
856
569	9	[5 6]
168
063
278
269	9	[2 6]
869	9	[6 8]
942	9	[2 4]
907	9	[0 7]
677
278
809	9	[0 8]
816
270
914	9	[1 4]
039	9	[0 3]
211
021
645
188
035
104
217
847
874
459	9	[4 5]
925	9	[2 5]
638
989	9	[8 9]
119	9	[1 1]
973	9	[3 7]
915	9	[1 5]
353
398	9	[3 8]
986	9	[6 8]
196	9	[1 6]
569	9	[5 6]
610
708
530
880
350
760
133
954	9	[4 5]
028
127
107
300
737
240
140
533
369	9	[3 6]
598	9	[5 8]
327
101
684
913	9	[1 3]
822
623
709	9	[0 7]
647
511
678
312
498	9	[4 8]
802
841
605
350
481
389	9	[3 8]
766
416
883
335
195	9	[1 5]
890	9	[0 8]
903	9	[0 3]
771
641
556
033
290	9	[0 2]
466
971	9	[1 7]
596	9	[5 6]
202
459	9	[4 5]
961	9	[1 6]
855
086
508
075
708
527
075
371
345
125
669	9	[6 6]
221
671
960	9	[0 6]
049	9	[0 4]
154
715
648
372
720
908	9	[0 8]
405
704
702
808
541
737
461
226
111
614
114
479	9	[4 7]
855
270
291	9	[1 2]
942	9	[2 4]
553
839	9	[3 8]
651
807
304
886
930	9	[0 3]
188
776
621
629	9	[2 6]
671
188
790	9	[0 7]
315
773
172
736
975	9	[5 7]
804
279	9	[2 7]
847
596	9	[5 6]
993	9	[3 9]
031
960	9	[0 6]
350
018
547
388
378
769	9	[6 7]
823
888
580
116
215
299	9	[2 9]
547
193	9	[1 3]
020
174
250
284
012
138
162
807
151
197	9	[1 7]
231
468
718
224
034
185
496	9	[4 6]
339	9	[3 3]
542
589	9	[5 8]
558
338
876
433
346
775
144
665
111
473
048
266
813
212
446
699	9	[6 9]
618
811
393	9	[3 3]
178
091	9	[0 1]
910	9	[0 1]
961	9	[1 6]
216
157
191	9	[1 1]
631
207
113
466
755
853
966	9	[6 6]
815
910	9	[0 1]
134
631
112
054
484
219	9	[1 2]
646
135
885
374
605
093	9	[0 3]
583
403
946	9	[4 6]
276
588
014
577
282
068
705
311
134
246
156
002
225
039	9	[0 3]
118
023
494	9	[4 4]
918	9	[1 8]
440
780
532
762
123
144
740
492	9	[2 4]
846
876
826
844
830
064
805
910	9	[0 1]
397	9	[3 7]
374
745
661
204
392	9	[2 3]
204
715
094	9	[0 4]
028
482
809	9	[0 8]
707
323
282
818
287
139	9	[1 3]
254
884
149	9	[1 4]
625
275
676
949	9	[4 9]
628
819	9	[1 8]
362
843
548
152
840
324
647
659	9	[5 6]
765
222
489	9	[4 8]
375
929	9	[2 9]
747
321
613
774
606
556
960	9	[0 6]
396	9	[3 6]
201
833
363
214
776
786
163
827
614
023
684
662
238
186
652
096	9	[0 6]
760
740
235
451
682
375
532
287
044
289	9	[2 8]
111
210
561
390	9	[0 3]
780
499	9	[4 9]
257
374
120
270
437
820
214
732
645
059	9	[0 5]
569	9	[5 6]
601
510
519	9	[1 5]
325
881
724
197	9	[1 7]
564
950	9	[0 5]
641
957	9	[5 7]
044
251
715
203
525
709	9	[0 7]
320
807
814
511
796	9	[6 7]
940	9	[0 4]
753
234
724
524
833
509	9	[0 5]
128
698	9	[6 8]
204
090	9	[0 0]
772
241
949	9	[4 9]
854
915	9	[1 5]
715
910	9	[0 1]
314
488
605
154
677
429	9	[2 4]
885
471
847
212
219	9	[1 2]
348
505
832
904	9	[0 4]
896	9	[6 8]
751
633
606
165
190	9	[0 1]
523
166
667
616
014
988	9	[8 8]
502
918	9	[1 8]
153
676
217
252
084
569	9	[5 6]
827
240
280
905	9	[0 5]
098	9	[0 8]
341
552
657
023
966	9	[6 6]
738
008
615
993	9	[3 9]
871
952	9	[2 5]
816
536
626
834
830
809	9	[0 8]
862
502
989	9	[8 9]
251
051
025
205
992	9	[2 9]
492	9	[2 4]
294	9	[2 4]
097	9	[0 7]
613
008
894	9	[4 8]
635
808
419	9	[1 4]
512
081
111
098	9	[0 8]
793	9	[3 7]
408
225
597	9	[5 7]
501
745
618
771
469	9	[4 6]
935	9	[3 5]
032
652
060
805
547
103
386
752
266
891	9	[1 8]
801
734
754
474
888
360
138
882
076
072
477
669	9	[6 6]
233
580
669	9	[6 6]
721
559	9	[5 5]
226
081
900	9	[0 0]
206
421
902	9	[0 2]
932	9	[2 3]
218
783
907	9	[0 7]
873
910	9	[0 1]
413
523
141
564
133
783
011
687
189	9	[1 8]
622
566
862
428
309	9	[0 3]
201
322
925	9	[2 5]
085
178
857
461
495	9	[4 5]
219	9	[1 2]
593	9	[3 5]
129	9	[1 2]
009	9	[0 0]
454
271
544
099	9	[0 9]
220
032
086
208
341
377
666
997	9	[7 9]
341
067
914	9	[1 4]
631
623
803
095	9	[0 5]
509	9	[0 5]
898	9	[8 8]
082
581
348
734
472
797	9	[7 7]
817
454
353
636
169	9	[1 6]
068
012
966	9	[6 6]
673
082
579	9	[5 7]
883
180
001
613
940	9	[0 4]
511
149	9	[1 4]
020
651
592	9	[2 5]
164
769	9	[6 7]
868
437
936	9	[3 6]
759	9	[5 7]
094	9	[0 4]
777
031
696	9	[6 6]
386
507
705
910	9	[0 1]
941	9	[1 4]
105
614
022
376
539	9	[3 5]
434
894	9	[4 8]
873
272
079	9	[0 7]
587
157
420
845
987	9	[7 8]
063
799	9	[7 9]
487
594	9	[4 5]
709	9	[0 7]
314
297	9	[2 7]
402
245
747
717
944	9	[4 4]
529	9	[2 5]
025
613
634
455
914	9	[1 4]
283
460
221
272
215
376
282
089	9	[0 8]
292	9	[2 2]
915	9	[1 5]
526
110
727
833
201
021
555
828
449	9	[4 4]
231
533
279	9	[2 7]
377
251
823
062
630
611
059	9	[0 5]
719	9	[1 7]
191	9	[1 1]
091	9	[0 1]
907	9	[0 7]
392	9	[2 3]
610
103
150
582
427
824
795	9	[5 7]
747
131
053
843
491	9	[1 4]
462
196	9	[1 6]
398	9	[3 8]
551
392	9	[2 3]
012
723
816
224
532
034
958	9	[5 8]
487
188
319	9	[1 3]
019	9	[0 1]
429	9	[2 4]
931	9	[1 3]
424
988	9	[8 8]
522
327
163
863
938	9	[3 8]
539	9	[3 5]
913	9	[1 3]
847
541
918	9	[1 8]
009	9	[0 0]
141
138
764
579	9	[5 7]
765
211
377
204
466
747
241
443
008
690	9	[0 6]
682
401
359	9	[3 5]
436
121
451
360
245
912	9	[1 2]
588
140
424
574
359	9	[3 5]
524
782
016
487
998	9	[8 9]
931	9	[1 3]
832
894	9	[4 8]
009	9	[0 0]
409	9	[0 4]
814
195	9	[1 5]
156
516
958	9	[5 8]
824
707
412
506
437
613
009	9	[0 0]
132
308
026
788
617
207
020
463
146
073
213
798	9	[7 8]
641
897	9	[7 8]
260
040
588
539	9	[3 5]
441
195	9	[1 5]
708
060
779	9	[7 7]
996	9	[6 9]
121
093	9	[0 3]
120
600
824
127
514
358
045
394	9	[3 4]
429	9	[2 4]
873
881
887
370
192	9	[1 2]
382
912	9	[1 2]
648
031
010
262
318
452
494	9	[4 4]
817
452
938	9	[3 8]
034
895	9	[5 8]
909	9	[0 9]
401
205
687
985	9	[5 8]
590	9	[0 5]
677
112
116
191	9	[1 1]
352
825
018
130
193	9	[1 3]
892	9	[2 8]
451
766
538
598	9	[5 8]
229	9	[2 2]
986	9	[6 8]
083
587
516
540
156
436
587
733
840
506
145
714
689	9	[6 8]
192	9	[1 2]
363
298	9	[2 8]
325
079	9	[0 7]
778
651
329	9	[2 3]
995	9	[5 9]
822
877
846
088
490	9	[0 4]
627
095	9	[0 5]
944	9	[4 4]
027
932	9	[2 3]
914	9	[1 4]
439	9	[3 4]
704
633
866
524
839	9	[3 8]
048
517
992	9	[2 9]
357
330
719	9	[1 7]
359	9	[3 5]
799	9	[7 9]
648
818
517
784
938	9	[3 8]
647
083
788
407
087
268
098	9	[0 8]
330
546
479	9	[4 7]
068
679	9	[6 7]
188
087
207
247
451
691	9	[1 6]
725
844
776
546
854
361
309	9	[0 3]
012
626
960	9	[0 6]
096	9	[0 6]
850
611
111
851
423
106
586
983	9	[3 8]
999	9	[9 9]
758
427
830
803
972	9	[2 7]
660
580
901	9	[0 1]
472
602
741
005
932	9	[2 3]
577
864
206
746
906	9	[0 6]
495	9	[4 5]
516
690	9	[0 6]
840
782
286
892	9	[2 8]
761
077
439	9	[3 4]
624
778
628
404
206
666
242
258
896	9	[6 8]
472
291	9	[1 2]
380
423
307
562
610
326
036
729	9	[2 7]
896	9	[6 8]
711
553
916	9	[1 6]
654
723
996	9	[6 9]
974	9	[4 7]
248
932	9	[2 3]
846
976	9	[6 7]
879	9	[7 8]
453
530
545
208
458
738
154
600
594	9	[4 5]
254
709	9	[0 7]
954	9	[4 5]
029	9	[0 2]
816
530
460
832
067
022
846
418
756
994	9	[4 9]
000
854
916	9	[1 6]
603
831
285
531
917	9	[1 7]
626
819	9	[1 8]
806
704
708
758
694	9	[4 6]
535
618
389	9	[3 8]
835
422
872
702
495	9	[4 5]
209	9	[0 2]
477
693	9	[3 6]
705
395	9	[3 5]
260
578
349	9	[3 4]
887
263
191	9	[1 1]
951	9	[1 5]
468
516
222
081
167
130
633
575
882
404
734
711
487
302
617
733
278
416
132
650
629	9	[2 6]
165
915	9	[1 5]
414
138
363
975	9	[5 7]
280
103
251
491	9	[1 4]
735
819	9	[1 8]
445
635
131
929	9	[2 9]
343
539	9	[3 5]
609	9	[0 6]
622
803
307
747
089	9	[0 8]
243
553
651
871
963	9	[3 6]
454
321
541
564
744
332
801
636
664
329	9	[2 3]
240
467
125
549	9	[4 5]
754
991	9	[1 9]
284
119	9	[1 1]
990	9	[0 9]
947	9	[4 7]
644
196	9	[1 6]
433
206
685
871
915	9	[1 5]
788
531
909	9	[0 9]
921	9	[1 2]
351
070
641
627
068
659	9	[5 6]
936	9	[3 6]
495	9	[4 5]
457
034
399	9	[3 9]
390	9	[0 3]
493	9	[3 4]
057
327
206
720
990	9	[0 9]
468
022
495	9	[4 5]
533
090	9	[0 0]
171
994	9	[4 9]
316
015
287
300
219	9	[1 2]
341
618
635
526
375
257
904	9	[0 4]
225
805
421
166
561
682
282
855
199	9	[1 9]
146
284
359	9	[3 5]
733
329	9	[2 3]
867
116
746
008
103
369	9	[3 6]
789	9	[7 8]
708
797	9	[7 7]
517
222
416
198	9	[1 8]
128
212
735
639	9	[3 6]
659	9	[5 6]
959	9	[5 9]
558
974	9	[4 7]
435
520
295	9	[2 5]
275
989	9	[8 9]
938	9	[3 8]
784
278
240
405
511
562
749	9	[4 7]
726
114
682
881
474
875
013
932	9	[2 3]
512
035
064
911	9	[1 1]
522
552
281
553
020
803
469	9	[4 6]
605
556
278
867
142
779	9	[7 7]
574
698	9	[6 8]
180
991	9	[1 9]
206
765
829	9	[2 8]
176
186
323
032
626
417
817
729	9	[2 7]
977	9	[7 7]
067
046
600
275
703
925	9	[2 5]
119	9	[1 1]
371
245
022
337
693	9	[3 6]
321
520
355
797	9	[7 7]
170
768
484
657
232
017
344
780
894	9	[4 8]
127
009	9	[0 0]
191	9	[1 1]
435
742
283
632
599	9	[5 9]
757
971	9	[1 7]
733
480
729	9	[2 7]
477
982	9	[2 8]
415
809	9	[0 8]
170
740
518
002
371
521
167
518
398	9	[3 8]
582
432
793	9	[3 7]
897	9	[7 8]
180
834
839	9	[3 8]
471
342
678
072
629	9	[2 6]
266
237
056
926	9	[2 6]
067
882
307
778
936	9	[3 6]
503
100
766
797	9	[7 7]
062
218
791	9	[1 7]
339	9	[3 3]
547
858
065
886
386
378
243
519	9	[1 5]
177
814
047
779	9	[7 7]
401
709	9	[0 7]
800
023
237
297	9	[2 7]
325
915	9	[1 5]
559	9	[5 5]
393	9	[3 3]
503
231
178
370
930	9	[0 3]
670
923	9	[2 3]
130
370
230
767
415
275
407
238
110
001
683
873
019	9	[0 1]
170
974	9	[4 7]
299	9	[2 9]
228
860
211
736
370
562
769	9	[6 7]
986	9	[6 8]
454
059	9	[0 5]
341
672
739	9	[3 7]
542
658
716
433
985	9	[5 8]
301
452
368
857
176
191	9	[1 1]
348
334
882
714
405
986	9	[6 8]
396	9	[3 6]
887
262
692	9	[2 6]
806
473
087
534
782
983	9	[3 8]
111
837
072
174
688
503
255
862
996	9	[6 9]
433
633
531
925	9	[2 5]
697	9	[6 7]
774
373
359	9	[3 5]
235
838
288
831
801
883
740
990	9	[0 9]
128
179	9	[1 7]
672
626
710
471
245
593	9	[3 5]
554
133
366
911	9	[1 1]
318
623
472
906	9	[0 6]
595	9	[5 5]
161
461
913	9	[1 3]
607
250
641
160
745
545
972	9	[2 7]
923	9	[2 3]
606
874
735
990	9	[0 9]
333
045
107
534
112
172
858
446
529	9	[2 5]
449	9	[4 4]
336
077
231
317
736
424
396	9	[3 6]
312
804
208
532
299	9	[2 9]
470
509	9	[0 5]
128
280
271
918	9	[1 8]
845
351
003
478
922	9	[2 2]
907	9	[0 7]
752
039	9	[0 3]
871
423
896	9	[6 8]
060
498	9	[4 8]
442
058
081
446
786
841
491	9	[1 4]
527
014
377
375
324
273
574
175
746
123
009	9	[0 0]
220
172
260
095	9	[0 5]
030
120
557
704
968	9	[6 8]
023
222
211
785
072
634
351
171
769	9	[6 7]
746
613
724
449	9	[4 4]
683
321
619	9	[1 6]
015
451
751
537
997	9	[7 9]
196	9	[1 6]
047
423
451
242
007
635
550
448
314
009	9	[0 0]
423
171
509	9	[0 5]
222
895	9	[5 8]
088
456
211
006
505
737
791	9	[1 7]
670
030
996	9	[6 9]
325
614
547
760
619	9	[1 6]
077
795	9	[5 7]
266
631
701
861
654
018
824
236
257
150
747
116
227
905	9	[0 5]
146
173
462
040
451
266
899	9	[8 9]
512
335
971	9	[1 7]
103
947	9	[4 7]
216
203
390	9	[0 3]
301
351
045
029	9	[0 2]
384
447
959	9	[5 9]
533
427
866
672
194	9	[1 4]
608
256
853
510
464
364
748
381
437
159	9	[1 5]
896	9	[6 8]
103
888
603
373
163
520
283
218
946	9	[4 6]
529	9	[2 5]
192	9	[1 2]
925	9	[2 5]
138
950	9	[0 5]
312
797	9	[7 7]
215
029	9	[0 2]
399	9	[3 9]
809	9	[0 8]
177
755
863
036
566
436
187
077
308
675
706
583
609	9	[0 6]
669	9	[6 6]
806
723
805
509	9	[0 5]
207
231
481
320
159	9	[1 5]
347
369	9	[3 6]
663
074
754
493	9	[3 4]
113
468
927	9	[2 7]
716
465
912	9	[1 2]
219	9	[1 2]
251
259	9	[2 5]
287
470
351
720
903	9	[0 3]
351
366
349	9	[3 4]
099	9	[0 9]
573
492	9	[2 4]
110
718
168
576
646
101
952	9	[2 5]
653
794	9	[4 7]
399	9	[3 9]
442
187
387
316
639	9	[3 6]
336
677
886
949	9	[4 9]
546
887
239	9	[2 3]
023
918	9	[1 8]
094	9	[0 4]
283
070
185
544
676
193	9	[1 3]
088
630
106
567
006
512
250
318
765
076
629	9	[2 6]
550
879	9	[7 8]
329	9	[2 3]
262
029	9	[0 2]
913	9	[1 3]
586
819	9	[1 8]
576
059	9	[0 5]
757
303
805
860
486
466
686
126
671
850
006
525
242
486
281
408
676
947	9	[4 7]
746
656
837
295	9	[2 5]
013
452
872
897	9	[7 8]
223
445
685
225
099	9	[0 9]
828
630
862
452
826
698	9	[6 8]
308
999	9	[9 9]
494	9	[4 4]
354
611
153
008
462
052
121
306
525
471
398	9	[3 8]
577
418
125
881
269	9	[2 6]
438
056
598	9	[5 8]
374
476
072
879	9	[7 8]
152
481
556
468
785
721
727
965	9	[5 6]
524
126
733
681
475
278
175
147
911	9	[1 1]
928	9	[2 8]
429	9	[2 4]
448
021
507
913	9	[1 3]
372
705
126
789	9	[7 8]
258
632
403
279	9	[2 7]
911	9	[1 1]
109	9	[0 1]
762
932	9	[2 3]
276
885
976	9	[6 7]
861
321
364
427
108
894	9	[4 8]
008
365
220
247
945	9	[4 5]
358
282
682
003
366
506
111
149	9	[1 4]
044
863
995	9	[5 9]
479	9	[4 7]
237
907	9	[0 7]
658
621
421
545
059	9	[0 5]
622
150
048
544
407
814
029	9	[0 2]
416
049	9	[0 4]
223
525
873
940	9	[0 4]
272
509	9	[0 5]
537
169	9	[1 6]
838
691	9	[1 6]
421
667
830
277
143
475
055
503
334
021
043
076
282
515
713
601
642
640
404
871
808
229	9	[2 2]
942	9	[2 4]
227
620
047
678
744
028
031
890	9	[0 8]
197	9	[1 7]
704
003
725
922	9	[2 2]
170
580
588
285
632
087
488
502
425
113
192	9	[1 2]
112
037
900	9	[0 0]
227
854
210
061
286
121
592	9	[2 5]
248
807
495	9	[4 5]
830
044
557
250
961	9	[1 6]
709	9	[0 7]
747
889	9	[8 8]
017
747
652
339	9	[3 3]
323
936	9	[3 6]
696	9	[6 6]
381
382
347
369	9	[3 6]
147
345
696	9	[6 6]
122
187
971	9	[1 7]
895	9	[5 8]
384
775
889	9	[8 8]
414
703
508
661
690	9	[0 6]
552
229	9	[2 2]
824
893	9	[3 8]
955	9	[5 5]
609	9	[0 6]
979	9	[7 9]
538
721
958	9	[5 8]
895	9	[5 8]
202
629	9	[2 6]
089	9	[0 8]
053
290	9	[0 2]
999	9	[9 9]
973	9	[3 7]
934	9	[3 4]
356
148
963	9	[3 6]
953	9	[3 5]
731
233
246
746
850
410
133
931	9	[1 3]
436
868
444
017
747
522
160
048
870
013
799	9	[7 9]
641
835
354
952	9	[2 5]
406
943	9	[3 4]
154
021
179	9	[1 7]
462
580
381
771
574
663
023
463
906	9	[0 6]
773
640
579	9	[5 7]
357
736
084
847
647
687
840
498	9	[4 8]
002
150
183
402
727
794	9	[4 7]
121
975	9	[5 7]
744
086
919	9	[1 9]
147
022
349	9	[3 4]
077
743
203
983	9	[3 8]
678
711
779	9	[7 7]
441
854
214
678
206
502
088
088
520
832
618
650
205
623
232
856
297	9	[2 7]
946	9	[4 6]
894	9	[4 8]
224
993	9	[3 9]
064
242
447
629	9	[2 6]
172
730
239	9	[2 3]
375
453
467
421
619	9	[1 6]
683
502
586
308
891	9	[1 8]
627
555
289	9	[2 8]
816
921	9	[1 2]
666
644
227
291	9	[1 2]
908	9	[0 8]
565
483
912	9	[1 2]
183
913	9	[1 3]
988	9	[8 8]
463
970	9	[0 7]
405
172
442
759	9	[5 7]
017
755
338
298	9	[2 8]
223
513
612
099	9	[0 9]
551
163
073
509	9	[0 5]
808
542
468
543
773
233
727
370
893	9	[3 8]
250
138
729	9	[2 7]
714
210
027
160
957	9	[5 7]
265
881
599	9	[5 9]
474
623
801
604
730
525
093	9	[0 3]
817
586
267
153
806
340
774
641
501
902	9	[0 2]
339	9	[3 3]
836
781
832
663
389	9	[3 8]
613
518
821
768
519	9	[1 5]
918	9	[1 8]
013
079	9	[0 7]
003
001
092	9	[0 2]
728
399	9	[3 9]
344
977	9	[7 7]
229	9	[2 2]
558
919	9	[1 9]
187
312
872
945	9	[4 5]
117
791	9	[1 7]
007
905	9	[0 5]
056
333
131
387
217
700
306
064
700
322
262
541
127
937	9	[3 7]
738
995	9	[5 9]
839	9	[3 8]
933	9	[3 3]
624
433
164
704
101
766
582
018
974	9	[4 7]
128
798	9	[7 8]
662
524
650
158
834
711
272
048
164
754
242
745
526
105
198	9	[1 8]
760
594	9	[4 5]
660
266
521
411
810
235
045
998	9	[8 9]
242
288
111
544
384
999	9	[9 9]
243
321
262
103
224
502
091	9	[0 1]
723
677
275
392	9	[2 3]
087
946	9	[4 6]
134
078
501
673
348
194	9	[1 4]
053
423
896	9	[6 8]
792	9	[2 7]
641
317
665
100
123
109	9	[0 1]
898	9	[8 8]
010
213
912	9	[1 2]
610
001
857
820
935	9	[3 5]
561
310
855
377
544
464
168
156
021
842
822
073
973	9	[3 7]
044
986	9	[6 8]
619	9	[1 6]
465
529	9	[2 5]
325
525
183
420
603
968	9	[6 8]
295	9	[2 5]
417
414
313
751
524
604
681
878
245
868
371
189	9	[1 8]
929	9	[2 9]
397	9	[3 7]
417
927	9	[2 7]
680
698	9	[6 8]
323
687
562
451
052
051
813
748
369	9	[3 6]
228
738
946	9	[4 6]
102
822
781
629	9	[2 6]
949	9	[4 9]
414
496	9	[4 6]
403
975	9	[5 7]
248
855
831
560
406
129	9	[1 2]
796	9	[6 7]
558
733
506
281
473
873
731
312
804
688
216
767
269	9	[2 6]
505
030
060
689	9	[6 8]
810
274
707
846
769	9	[6 7]
855
204
034
135
858
420
571
427
481
140
101
801
100
272
358
520
209	9	[0 2]
722
604
368
287
700
022
274
574
639	9	[3 6]
755
034
123
738
588
712
687
420
012
411
424
787
090	9	[0 0]
621
540
762
238
563
772
680
061
667
253
838
791	9	[1 7]
691	9	[1 6]
237
070
730
997	9	[7 9]
885
316
124
907	9	[0 7]
864
414
307
131
057
855
298	9	[2 8]
214
594	9	[4 5]
515
788
317
072
856
568
411
073
497	9	[4 7]
724
953	9	[3 5]
945	9	[4 5]
465
047
202
858
150
576
916	9	[1 6]
606
955	9	[5 5]
219	9	[1 2]
732
972	9	[2 7]
142
839	9	[3 8]
499	9	[4 9]
060
892	9	[2 8]
845
720
891	9	[1 8]
956	9	[5 6]
722
759	9	[5 7]
778
992	9	[2 9]
734
301
636
965	9	[5 6]
608
242
643
408
083
037
343
822
770
391	9	[1 3]
398	9	[3 8]
811
817
110
168
126
034
275
763
863
660
185
774
306
525
618
495	9	[4 5]
361
577
564
621
059	9	[0 5]
202
373
367
084
143
545
842
270
741
412
744
455
455
974	9	[4 7]
919	9	[1 9]
300
327
919	9	[1 9]
056
131
193	9	[1 3]
935	9	[3 5]
874
591	9	[1 5]
668
907	9	[0 7]
699	9	[6 9]
042
798	9	[7 8]
017
585
847
458
551
593	9	[3 5]
283
416
218
140
829	9	[2 8]
544
870
911	9	[1 1]
376
081
593	9	[3 5]
788
348
827
293	9	[2 3]
573
882
275
863
814
865
455
555
201
822
646
779	9	[7 7]
593	9	[3 5]
818
546
803
437
064
962	9	[2 6]
038
656
885
161
666
402
266
200
562
595	9	[5 5]
328
146
822
036
363
020
599	9	[5 9]
620
288
154
926	9	[2 6]
996	9	[6 9]
058
753
753
144
540
824
860
284
256
436
181
226
675
507
186
122
876
651
531
095	9	[0 5]
103
593	9	[3 5]
449	9	[4 4]
750
324
268
933	9	[3 3]
719	9	[1 7]
519	9	[1 5]
250
932	9	[2 3]
213
213
556
723
831
201
461
999	9	[9 9]
327
200
725
733
655
292	9	[2 2]
192	9	[1 2]
280
970	9	[0 7]
461
783
003
411
306
994	9	[4 9]
628
424
836
042
118
982	9	[2 8]
974	9	[4 7]
479	9	[4 7]
380
994	9	[4 9]
887
335
488
521
760
686
805
531
418
047
378
424
475
166
510
288
907	9	[0 7]
335
530
801
434
658
361
343
267
386
757
214
078
221
001
934	9	[3 4]
517
384
984	9	[4 8]
200
164
998	9	[8 9]
806
312
960	9	[0 6]
052
085
265
986	9	[6 8]
001
380
065
880
578
520
855
469	9	[4 6]
925	9	[2 5]
146
313
915	9	[1 5]
967	9	[6 7]
890	9	[0 8]
925	9	[2 5]
751
181
460
482
336
037
216
138
631
856
353
202
751
197	9	[1 7]
937	9	[3 7]
974	9	[4 7]
782
617
516
778
323
919	9	[1 9]
719	9	[1 7]
569	9	[5 6]
988	9	[8 8]
615
231
941	9	[1 4]
820
020
438
209	9	[0 2]
120
008
722
135
991	9	[1 9]
506
209	9	[0 2]
876
323
828
269	9	[2 6]
606
328
377
844
111
319	9	[1 3]
880
453
387
457
166
671
852
404
842
232
564
164
035
242
096	9	[0 6]
972	9	[2 7]
330
593	9	[3 5]
163
405
011
824
451
353
207
053
236
971	9	[1 7]
410
303
523
577
318
244
549	9	[4 5]
382
105
120
515
053
990	9	[0 9]
298	9	[2 8]
105
507
808
962	9	[2 6]
965	9	[5 6]
665
700
431
806
155
851
770
563
377
339	9	[3 3]
379	9	[3 7]
969	9	[6 9]
547
458
888
345
768
166
197	9	[1 7]
683
067
057
332
290	9	[0 2]
520
225
279	9	[2 7]
874
118
897	9	[7 8]
727
169	9	[1 6]
431
098	9	[0 8]
162
007
369	9	[3 6]
145
604
604
663
379	9	[3 7]
948	9	[4 8]
561
178
394	9	[3 4]
160
252
946	9	[4 6]
190	9	[0 1]
754
647
216
561
416
339	9	[3 3]
148
313
232
017
810
325
489	9	[4 8]
380
006
347
364
307
119	9	[1 1]
992	9	[2 9]
197	9	[1 7]
542
257
674
116
964	9	[4 6]
571
100
595	9	[5 5]
886
409	9	[0 4]
921	9	[1 2]
884
056
994	9	[4 9]
850
936	9	[3 6]
981	9	[1 8]
299	9	[2 9]
607
753
630
624
443
116
221
614
301
625
879	9	[7 8]
836
559	9	[5 5]
002
320
917	9	[1 7]
709	9	[0 7]
748
727
555
879	9	[7 8]
606
131
400
695	9	[5 6]
176
867
469	9	[4 6]
414
465
245
385
024
527
210
892	9	[2 8]
962	9	[2 6]
400
123
371
894	9	[4 8]
981	9	[1 8]
051
318
940	9	[0 4]
743
994	9	[4 9]
233
818
492	9	[2 4]
357
837
662
638
362
995	9	[5 9]
509	9	[0 5]
694	9	[4 6]
657
540
810
935	9	[3 5]
398	9	[3 8]
874
813
985	9	[5 8]
714
986	9	[6 8]
091	9	[0 1]
825
693	9	[3 6]
026
289	9	[2 8]
983	9	[3 8]
753
217
133
725
605
576
004
079	9	[0 7]
140
588
814
143
953	9	[3 5]
561
262
025
682
197	9	[1 7]
046
279	9	[2 7]
767
133
818
710
519	9	[1 5]
945	9	[4 5]
475
546
830
378
846
422
052
585
321
716
589	9	[5 8]
894	9	[4 8]
888
929	9	[2 9]
266
093	9	[0 3]
426
287
239	9	[2 3]
591	9	[1 5]
961	9	[1 6]
642
984	9	[4 8]
803
981	9	[1 8]
935	9	[3 5]
586
633
543
417
805
668
007
112
385
178
411
724
794	9	[4 7]
775
890	9	[0 8]
086
297	9	[2 7]
676
573
020
884
308
388
682
347
126
086
343
009	9	[0 0]
218
723
228
083
631
464
803
872
073
701
951	9	[1 5]
130
925	9	[2 5]
569	9	[5 6]
250
048
552
513
724
066
155
918	9	[1 8]
488
475
998	9	[8 9]
007
817
844
551
049	9	[0 4]
894	9	[4 8]
014
071
926	9	[2 6]
559	9	[5 5]
380
151
702
212
545
755
769	9	[6 7]
798	9	[7 8]
224
476
852
322
704
508
010
075
352
589	9	[5 8]
643
877
186
034
977	9	[7 7]
343
320
553
270
975	9	[5 7]
288
505
125
849	9	[4 8]
833
882
739	9	[3 7]
101
772
451
682
076
495	9	[4 5]
837
534
311
714
613
935	9	[3 5]
524
524
011
421
081
971	9	[1 7]
565
786
789	9	[7 8]
307
429	9	[2 4]
739	9	[3 7]
085
077
275
780
163
930	9	[0 3]
444
231
253
936	9	[3 6]
841
442
123
713
369	9	[3 6]
848
749	9	[4 7]
711
286
233
507
510
809	9	[0 8]
258
415
255
194	9	[1 4]
705
886
804
033
434
756
385
051
726
999	9	[9 9]
569	9	[5 6]
103
007
045
540
685
207
278
528
801
831
998	9	[8 9]
506
502
778
553
453
102
017
544
173
372
636
110
944	9	[4 4]
487
679	9	[6 7]
960	9	[0 6]
545
769	9	[6 7]
441
384
181
193	9	[1 3]
738
609	9	[0 6]
529	9	[2 5]
130
753
932	9	[2 3]
222
236
712
677
243
152
345
801
386
845
435
711
578
936	9	[3 6]
837
834
248
396	9	[3 6]
398	9	[3 8]
018
047
586
702
395	9	[3 5]
094	9	[0 4]
509	9	[0 5]
989	9	[8 9]
502
974	9	[4 7]
639	9	[3 6]
957	9	[5 7]
882
132
835
209	9	[0 2]
209	9	[0 2]
757
154
873
701
228
774
283
682
915	9	[1 5]
705
572
715
169	9	[1 6]
133
023
378
038
804
794	9	[4 7]
077
644
302
813
476
791	9	[1 7]
646
960	9	[0 6]
460
674
492	9	[2 4]
886
222
801
098	9	[0 8]
219	9	[1 2]
120
503
855
541
459	9	[4 5]
123
945	9	[4 5]
299	9	[2 9]
276
905	9	[0 5]
524
183
264
464
114
457
494	9	[4 4]
000
190	9	[0 1]
506
122
265
761
839	9	[3 8]
913	9	[1 3]
385
382
592	9	[2 5]
280
830
656
579	9	[5 7]
396	9	[3 6]
154
286
576
906	9	[0 6]
120
356
419	9	[1 4]
360
607
821
090	9	[0 0]
820
561
283
961	9	[1 6]
102
782
219	9	[1 2]
135
772
152
532
570
335
540
812
404
254
513
471
229	9	[2 2]
994	9	[4 9]
807
684
019	9	[0 1]
421
801
116
470
273
382
955	9	[5 5]
997	9	[7 9]
622
236
539	9	[3 5]
526
395	9	[3 5]
903	9	[0 3]
773
711
260
747
502
228
138
056
043
705
667
009	9	[0 0]
991	9	[1 9]
258
027
145
523
095	9	[0 5]
656
731
571
899	9	[8 9]
518
463
520
874
252
038
174
019	9	[0 1]
553
844
192	9	[1 2]
900	9	[0 0]
999	9	[9 9]
890	9	[0 8]
351
968	9	[6 8]
056
221
858
295	9	[2 5]
302
930	9	[0 3]
960	9	[0 6]
081
729	9	[2 7]
543
920	9	[0 2]
621
656
467
365
564
679	9	[6 7]
088
068
077
569	9	[5 6]
603
644
357
220
652
818
291	9	[1 2]
561
494	9	[4 4]
979	9	[7 9]
094	9	[0 4]
240
486
044
491	9	[1 4]
161
844
936	9	[3 6]
601
282
751
769	9	[6 7]
028
524
772
102
487
338
932	9	[2 3]
211
795	9	[5 7]
883
441
457
975	9	[5 7]
250
316
226
656
264
001
009	9	[0 0]
153
364
466
664
969	9	[6 9]
325
080
528
087
563
706
240
889	9	[8 8]
749	9	[4 7]
758
487
453
942	9	[2 4]
150
695	9	[5 6]
262
695	9	[5 6]
569	9	[5 6]
774
127
678
547
592	9	[2 5]
544
992	9	[2 9]
335
501
455
050
817
410
953	9	[3 5]
310
063
613
079	9	[0 7]
156
725
371
859	9	[5 8]
261
850
921	9	[1 2]
423
765
826
063
558
610
967	9	[6 7]
005
303
146
814
272
458
933	9	[3 3]
049	9	[0 4]
259	9	[2 5]
034
774
242
761
280
926	9	[2 6]
546
493	9	[3 4]
418
888
730
389	9	[3 8]
965	9	[5 6]
484
371
322
187
248
605
249	9	[2 4]
536
813
372
288
299	9	[2 9]
112
327
839	9	[3 8]
495	9	[4 5]
364
211
015
494	9	[4 4]
416
884
327
853
286
974	9	[4 7]
491	9	[1 4]
513
325
985	9	[5 8]
737
757
742
464
659	9	[5 6]
016
258
631
484
731
682
490	9	[0 4]
742
083
502
712
516
136
400
955	9	[5 5]
039	9	[0 3]
827
520
054
501
020
949	9	[4 9]
152
468
184
949	9	[4 9]
063
616
680
763
723
167
763
400
130
254
764
563
286
321
917	9	[1 7]
733
318
384
432
333
541
140
972	9	[2 7]
468
117
486
300
613
546
875
171
897	9	[7 8]
304
844
098	9	[0 8]
691	9	[1 6]
543
113
001
750
609	9	[0 6]
672
506
489	9	[4 8]
202
640
264
159	9	[1 5]
704
026
801
428
230
981	9	[1 8]
912	9	[1 2]
621
358
035
591	9	[1 5]
433
653
157
303
626
868
703
733
517
976	9	[6 7]
928	9	[2 8]
382
245
220
398	9	[3 8]
249	9	[2 4]
969	9	[6 9]
952	9	[2 5]
371
019	9	[0 1]
648
575
554
952	9	[2 5]
706
004
871
450
405
874
139	9	[1 3]
167
882
544
419	9	[1 4]
898	9	[8 8]
294	9	[2 4]
650
393	9	[3 3]
674
703
762
943	9	[3 4]
020
923	9	[2 3]
682
385
864
518
287
188
667
960	9	[0 6]
329	9	[2 3]
967	9	[6 7]
715
377
835
480
768
804
507
375
874
144
717
804
856
057
288
803
924	9	[2 4]
820
614
552
355
150
305
687
173
888
953	9	[3 5]
902	9	[0 2]
069	9	[0 6]
673
225
882
451
287
156
424
000
798	9	[7 8]
954	9	[4 5]
587
518
376
522
186
253
480
922	9	[2 2]
642
456
576
698	9	[6 8]
037
079	9	[0 7]
390	9	[0 3]
772
399	9	[3 9]
049	9	[0 4]
302
649	9	[4 6]
196	9	[1 6]
738
578
808
695	9	[5 6]
369	9	[3 6]
280
096	9	[0 6]
666
555
121
163
341
405
417
229	9	[2 2]
770
616
995	9	[5 9]
405
328
041
480
683
076
145
971	9	[1 7]
444
443
510
535
897	9	[7 8]
299	9	[2 9]
971	9	[1 7]
751
444
934	9	[3 4]
555
311
468
568
157
831
327
806
332
685
203
083
795	9	[5 7]
528
057
705
830
121
551
697	9	[6 7]
112
186
538
753
181
152
956	9	[5 6]
087
765
408
895	9	[5 8]
884
788
677
750
102
670
911	9	[1 1]
368
369	9	[3 6]
735
401
941	9	[1 4]
861
546
529	9	[2 5]
140
332
569	9	[5 6]
163
154
005
087
008
507
384
726
780
628
192	9	[1 2]
057
724
421
562
624
638
270
657
918	9	[1 8]
926	9	[2 6]
683
554
928	9	[2 8]
671
276
961	9	[1 6]
041
557
389	9	[3 8]
259	9	[2 5]
556
600
921	9	[1 2]
528
215
379	9	[3 7]
710
425
742
479	9	[4 7]
583
257
481
538
227
876
960	9	[0 6]
581
154
764
234
106
733
702
905	9	[0 5]
236
968	9	[6 8]
927	9	[2 7]
617
357
393	9	[3 3]
629	9	[2 6]
627
263
891	9	[1 8]
606
181
315
768
121
846
159	9	[1 5]
299	9	[2 9]
436
487
955	9	[5 5]
071
886
833
663
107
507
744
015
054
801
104
189	9	[1 8]
560
138
100
702
997	9	[7 9]
854
424
623
338
656
627
013
020
837
173
943	9	[3 4]
524
087
019	9	[0 1]
890	9	[0 8]
046
704
741
310
847
907	9	[0 7]
826
585
515
335
448
272
570
240
064
214
739	9	[3 7]
863
540
571
179	9	[1 7]
897	9	[7 8]
487
006
363
962	9	[2 6]
393	9	[3 3]
087
383
176
613
890	9	[0 8]
162
356
959	9	[5 9]
495	9	[4 5]
288
580
690	9	[0 6]
462
406
261
036
083
243
294	9	[2 4]
597	9	[5 7]
853
110
065
967	9	[6 7]
604
657
878
716
214
725
490	9	[0 4]
574
251
190	9	[0 1]
184
307
975	9	[5 7]
796	9	[6 7]
526
391	9	[1 3]
705
574
407
428
469	9	[4 6]
932	9	[2 3]
885
185
916	9	[1 6]
335
062
446
493	9	[3 4]
223
491	9	[1 4]
319	9	[1 3]
247
523
774
427
377
553
103
561
837
607
524
483
764
914	9	[1 4]
661
004
584
918	9	[1 8]
130
913	9	[1 3]
288
389	9	[3 8]
675
115
540
548
017
843
775
184
485
718
545
877
267
233
734
025
935	9	[3 5]
030
721
913	9	[1 3]
514
350
557
469	9	[4 6]
139	9	[1 3]
067
369	9	[3 6]
702
887
471
922	9	[2 2]
155
552
986	9	[6 8]
426
152
598	9	[5 8]
639	9	[3 6]
378
724
197	9	[1 7]
076
731
886
886
856
155
255
446
262
726
724
160
292	9	[2 2]
084
980	9	[0 8]
178
162
055
070
359	9	[3 5]
634
574
661
028
049	9	[0 4]
048
054
349	9	[3 4]
927	9	[2 7]
061
134
491	9	[1 4]
051
615
512
482
754
502
071
849	9	[4 8]
303
542
664
201
338
792	9	[2 7]
694	9	[4 6]
875
381
826
911	9	[1 1]
188
489	9	[4 8]
104
305
114
691	9	[1 6]
861
116
241
364
518
734
199	9	[1 9]
707
720
966	9	[6 6]
653
695	9	[5 6]
807
670
170
520
467
755
893	9	[3 8]
691	9	[1 6]
518
194	9	[1 4]
472
482
756
854
835
189	9	[1 8]
303
310
158
996	9	[6 9]
563
349	9	[3 4]
352
174
424
781
931	9	[1 3]
501
121
678
780
422
217
428
044
007
259	9	[2 5]
845
109	9	[0 1]
131
079	9	[0 7]
660
179	9	[1 7]
223
951	9	[1 5]
254
515
005
875
818
716
804
282
165
157
064
390	9	[0 3]
438
393	9	[3 3]
820
097	9	[0 7]
001
607
564
644
625
118
507
691	9	[1 6]
427
641
279	9	[2 7]
760
075
646
844
073
575
241
759	9	[5 7]
148
304
582
534
217
178
089	9	[0 8]
248
184
864
156
929	9	[2 9]
935	9	[3 5]
444
082
907	9	[0 7]
748
993	9	[3 9]
783
623
705
949	9	[4 9]
219	9	[1 2]
475
718
938	9	[3 8]
626
031
234
640
170
841
787
261
682
720
175
827
531
636
563
194	9	[1 4]
249	9	[2 4]
487
536
865
711
958	9	[5 8]
876
814
174
502
232
769	9	[6 7]
468
701
982	9	[2 8]
554
150
401
840
880
780
222
970	9	[0 7]
523
735
504
881
550
280
371
047
022
905	9	[0 5]
415
301
958	9	[5 8]
323
273
726
466
321
188
216
475
423
370
807
369	9	[3 6]
164
465
566
786
795	9	[5 7]
241
883
221
081
710
082
086
952	9	[2 5]
751
132
110
441
396	9	[3 6]
645
014
160
292	9	[2 2]
134
834
846
643
254
297	9	[2 7]
403
296	9	[2 6]
522
559	9	[5 5]
949	9	[4 9]
636
650
261
591	9	[1 5]
285
915	9	[1 5]
984	9	[4 8]
436
883
512
824
292	9	[2 2]
878
401
426
411
428
329	9	[2 3]
739	9	[3 7]
705
794	9	[4 7]
181
002
586
578
221
545
835
905	9	[0 5]
764
437
811
119	9	[1 1]
607
758
930	9	[0 3]
797	9	[7 7]
587
894	9	[4 8]
531
376
369	9	[3 6]
479	9	[4 7]
139	9	[1 3]
821
486
180
592	9	[2 5]
175
159	9	[1 5]
548
338
305
705
420
387
717
840
376
685
066
479	9	[4 7]
720
216
034
537
733
091	9	[0 1]
321
729	9	[2 7]
478
547
412
103
333
681
857
475
146
951	9	[1 5]
671
232
119	9	[1 1]
377
773
526
931	9	[1 3]
904	9	[0 4]
467
103
732
539	9	[3 5]
545
024
548
484
664
624
642
144
214
483
599	9	[5 9]
931	9	[1 3]
388
562
588
483
225
475
344
559	9	[5 5]
346
923	9	[2 3]
392	9	[2 3]
386
041
917	9	[1 7]
154
799	9	[7 9]
586
346
386
327
431
184
275
476
135
111
613
612
595	9	[5 5]
531
332
756
399	9	[3 9]
375
681
268
678
662
247
721
667
564
144
254
941	9	[1 4]
741
027
921	9	[1 2]
585
208
037
160
396	9	[3 6]
932	9	[2 3]
226
182
013
490	9	[0 4]
843
255
219	9	[1 2]
942	9	[2 4]
906	9	[0 6]
229	9	[2 2]
011
299	9	[2 9]
879	9	[7 8]
754
259	9	[2 5]
059	9	[0 5]
114
471
964	9	[4 6]
464
704
465
440
244
485
374
532
277
576
504
821
337
219	9	[1 2]
704
317
439	9	[3 4]
767
211
167
167
999	9	[9 9]
578
358
141
513
689	9	[6 8]
991	9	[1 9]
017
944	9	[4 4]
660
788
696	9	[6 6]
248
967	9	[6 7]
383
044
797	9	[7 7]
124
931	9	[1 3]
946	9	[4 6]
557
973	9	[3 7]
726
046
977	9	[7 7]
892	9	[2 8]
484
434
310
456
244
846
773
777
963	9	[3 6]
785
608
452
762
879	9	[7 8]
146
510
438
906	9	[0 6]
364
211
159	9	[1 5]
881
337
152
191	9	[1 1]
247
180
796	9	[6 7]
232
612
142
452
642
121
984	9	[4 8]
541
818
182
743
527
769	9	[6 7]
736
294	9	[2 4]
100
969	9	[6 9]
094	9	[0 4]
261
749	9	[4 7]
165
031
532
590	9	[0 5]
340
218
976	9	[6 7]
420
984	9	[4 8]
161
105
406
542
243
178
241
365
183
323
040
610
510
350
539	9	[3 5]
073
636
243
464
430
042
068
891	9	[1 8]
561
868
449	9	[4 4]
360
750
860
807
233
192	9	[1 2]
989	9	[8 9]
446
808
071
649	9	[4 6]
411
617
859	9	[5 8]
303
079	9	[0 7]
153
314
671
961	9	[1 6]
205
162
830
920	9	[0 2]
766
480
271
127
171
598	9	[5 8]
103
033
204
083
222
167
257
092	9	[0 2]
818
094	9	[0 4]
476
492	9	[2 4]
390	9	[0 3]
757
831
992	9	[2 9]
218
292	9	[2 2]
730
718
182
484
745
963	9	[3 6]
908	9	[0 8]
052
062
932	9	[2 3]
583
744
028
146
749	9	[4 7]
598	9	[5 8]
973	9	[3 7]
706
965	9	[5 6]
346
577
531
094	9	[0 4]
967	9	[6 7]
311
383
763
523
520
869	9	[6 8]
302
220
469	9	[4 6]
991	9	[1 9]
566
418
945	9	[4 5]
642
831
869	9	[6 8]
811
592	9	[2 5]
717
809	9	[0 8]
891	9	[1 8]
773
192	9	[1 2]
574
696	9	[6 6]
856
347
119	9	[1 1]
465
465
983	9	[3 8]
672
140
533
863
404
141
327
743
675
896	9	[6 8]
757
075
578
110
488
448
533
958	9	[5 8]
876
825
336
565
812
331
043
605
324
720
406
272
965	9	[5 6]
933	9	[3 3]
017
277
639	9	[3 6]
199	9	[1 9]
056
562
094	9	[0 4]
377
071
063
596	9	[5 6]
034
297	9	[2 7]
797	9	[7 7]
605
590	9	[0 5]
345
130
795	9	[5 7]
824
242
138
528
580
410
506
368
394	9	[3 4]
627
965	9	[5 6]
876
856
015
770
338
028
459	9	[4 5]
261
162
897	9	[7 8]
764
212
229	9	[2 2]
486
211
037
027
373
731
704
952	9	[2 5]
080
998	9	[8 9]
206
167
827
058
725
419	9	[1 4]
840
292	9	[2 2]
407
227
904	9	[0 4]
827
886
602
439	9	[3 4]
741
864
175
002
906	9	[0 6]
957	9	[5 7]
308
422
937	9	[3 7]
177
665
128
310
717
157
854
163
701
230
525
640
484
628
581
426
489	9	[4 8]
134
824
565
151
708
059	9	[0 5]
208
310
440
109	9	[0 1]
795	9	[5 7]
464
197	9	[1 7]
886
513
274
221
215
427
966	9	[6 6]
992	9	[2 9]
733
800
503
990	9	[0 9]
105
731
508
999	9	[9 9]
542
917	9	[1 7]
171
565
896	9	[6 8]
764
178
806
439	9	[3 4]
797	9	[7 7]
144
759	9	[5 7]
527
066
004
725
961	9	[1 6]
358
687
631
581
670
946	9	[4 6]
403
406
266
148
404
206
690	9	[0 6]
974	9	[4 7]
900	9	[0 0]
076
348
353
009	9	[0 0]
304
682
644
754
236
010
776
162
363
683
118
116
880
099	9	[0 9]
457
389	9	[3 8]
311
825
955	9	[5 5]
937	9	[3 7]
843
601
354
527
525
359	9	[3 5]
870
051
017
717
694	9	[4 6]
306
839	9	[3 8]
784
492	9	[2 4]
725
902	9	[0 2]
515
387
173
102
010
563
522
440
184
421
053
992	9	[2 9]
814
691	9	[1 6]
285
101
282
331
346
241
638
749	9	[4 7]
363
522
039	9	[0 3]
891	9	[1 8]
151
579	9	[5 7]
017
558
666
636
504
737
742
176
093	9	[0 3]
411
171
273
526
562
096	9	[0 6]
300
218
295	9	[2 5]
831
031
984	9	[4 8]
537
634
649	9	[4 6]
997	9	[7 9]
245
478
129	9	[1 2]
901	9	[0 1]
448
423
732
988	9	[8 8]
417
290	9	[0 2]
114
690	9	[0 6]
279	9	[2 7]
475
401
029	9	[0 2]
355
362
559	9	[5 5]
200
278
081
764
038
349	9	[3 4]
000
853
397	9	[3 7]
212
707
971	9	[1 7]
800
355
962	9	[2 6]
599	9	[5 9]
038
535
239	9	[2 3]
964	9	[4 6]
650
590	9	[0 5]
464
531
865
697	9	[6 7]
961	9	[1 6]
864
731
851
590	9	[0 5]
793	9	[3 7]
128
918	9	[1 8]
517
726
800
480
722
249	9	[2 4]
399	9	[3 9]
863
918	9	[1 8]
485
326
982	9	[2 8]
682
437
057
527
625
709	9	[0 7]
615
599	9	[5 9]
939	9	[3 9]
152
923	9	[2 3]
868
039	9	[0 3]
204
818
829	9	[2 8]
445
516
939	9	[3 9]
270
023
970	9	[0 7]
343
596	9	[5 6]
228
833
896	9	[6 8]
559	9	[5 5]
305
357
299	9	[2 9]
590	9	[0 5]
527
002
592	9	[2 5]
664
163
835
587
335
362
708
534
659	9	[5 6]
901	9	[0 1]
113
712
083
151
298	9	[2 8]
048
719	9	[1 7]
697	9	[6 7]
671
350
679	9	[6 7]
155
749	9	[4 7]
803
982	9	[2 8]
981	9	[1 8]
895	9	[5 8]
490	9	[0 4]
163
911	9	[1 1]
829	9	[2 8]
663
545
385
901	9	[0 1]
810
191	9	[1 1]
448
191	9	[1 1]
179	9	[1 7]
666
220
385
911	9	[1 1]
276
162
812
398	9	[3 8]
468
486
527
942	9	[2 4]
583
027
176
559	9	[5 5]
129	9	[1 2]
844
726
451
248
168
354
558
056
474
701
309	9	[0 3]
814
114
367
427
024
453
817
477
927	9	[2 7]
990	9	[0 9]
877
439	9	[3 4]
771
039	9	[0 3]
748
852
263
205
943	9	[3 4]
242
376
877
118
801
791	9	[1 7]
369	9	[3 6]
221
395	9	[3 5]
107
731
316
991	9	[1 9]
648
729	9	[2 7]
733
471
132
019	9	[0 1]
215
620
265
183
793	9	[3 7]
905	9	[0 5]
311
365
389	9	[3 8]
685
576
991	9	[1 9]
355
919	9	[1 9]
540
695	9	[5 6]
003
665
241
680
324
066
189	9	[1 8]
339	9	[3 3]
476
903	9	[0 3]
279	9	[2 7]
949	9	[4 9]
057
226
826
211
951	9	[1 5]
102
391	9	[1 3]
137
017
655
511
358
468
049	9	[0 4]
069	9	[0 6]
494	9	[4 4]
745
751
854
636
651
348
146
259	9	[2 5]
360
853
743
236
673
901	9	[0 1]
159	9	[1 5]
418
443
003
511
387
808
283
258
086
915	9	[1 5]
750
761
639	9	[3 6]
247
792	9	[2 7]
328
493	9	[3 4]
131
332
218
700
036
438
463
103
313
013
744
060
909	9	[0 9]
301
146
589	9	[5 8]
011
012
852
050
783
941	9	[1 4]
294	9	[2 4]
114
020
930	9	[0 3]
925	9	[2 5]
113
039	9	[0 3]
904	9	[0 4]
733
157
267
824
309	9	[0 3]
152
668
750
445
101
806
275
508
255
986	9	[6 8]
932	9	[2 3]
156
366
498	9	[4 8]
730
739	9	[3 7]
563
622
027
226
219	9	[1 2]
511
767
208
045
913	9	[1 3]
680
012
956	9	[5 6]
393	9	[3 3]
940	9	[0 4]
109	9	[0 1]
644
854
810
598	9	[5 8]
143
513
394	9	[3 4]
556
719	9	[1 7]
757
517
093	9	[0 3]
457
087
266
469	9	[4 6]
679	9	[6 7]
180
005
957	9	[5 7]
093	9	[0 3]
882
452
092	9	[0 2]
066
401
063
730
135
971	9	[1 7]
446
142
540
363
491	9	[1 4]
780
674
867
048
390	9	[0 3]
096	9	[0 6]
295	9	[2 5]
778
397	9	[3 7]
977	9	[7 7]
975	9	[5 7]
027
854
744
633
599	9	[5 9]
454
088
601
907	9	[0 7]
189	9	[1 8]
772
201
740
109	9	[0 1]
120
198	9	[1 8]
605
486
756
887
816
253
933	9	[3 3]
842
773
597	9	[5 7]
241
166
324
820
588
107
885
588
800
049	9	[0 4]
685
251
563
308
446
246
928	9	[2 8]
937	9	[3 7]
323
660
532
360
648
842
414
863
706
117
834
373
494	9	[4 4]
144
644
904	9	[0 4]
918	9	[1 8]
322
977	9	[7 7]
047
807
679	9	[6 7]
828
780
293	9	[2 3]
360
107
