904
117
587
108
484
173
033
632	2	[3 6]
793
606
982	2	[8 9]
348
018
211	2	[1 1]
549
559
177
495
648
521	2	[1 5]
502	2	[0 5]
182	2	[1 8]
762	2	[6 7]
415
728	2	[7 8]
617
152	2	[1 5]
600
734
245	2	[4 5]
514
597
576
217	2	[1 7]
700
981
097
560
089
307
138
006
841
113
337
592	2	[5 9]
309
436
289	2	[8 9]
851
121	2	[1 1]
184
538
170
514
348
443
129	2	[1 9]
459
321	2	[1 3]
818
957
788
481
012	2	[0 1]
433
879
626	2	[6 6]
677
069
004
949
490
378
712	2	[1 7]
495
424	2	[4 4]
464
373
988
119
776
359
037
584
300
337
140
565
453
671
910
820	2	[0 8]
834
152	2	[1 5]
600
199
592	2	[5 9]
185
120	2	[0 1]
745
464
601
349
784
921	2	[1 9]
827	2	[7 8]
042	2	[0 4]
072	2	[0 7]
453
602	2	[0 6]
694
517
797
698
405
221	2	[1 2]
194
283	2	[3 8]
877
263	2	[3 6]
139
486
076
354
234	2	[3 4]
835
383
984
450
361
231	2	[1 3]
815
653
032	2	[0 3]
228	2	[2 8]
973
417
298	2	[8 9]
456
130
597
537
407
824	2	[4 8]
520	2	[0 5]
850
956
470
927	2	[7 9]
359
693
797
532	2	[3 5]
177
353
588
209	2	[0 9]
868
854
568
567
597
101
858
003
381
377
051
866
726	2	[6 7]
096
238	2	[3 8]
728	2	[7 8]
619
381
597
150
059
979
507
337
959
554
039
403
745
097
881
786
351
841
771
168
592	2	[5 9]
604
838
888
344
749
501
884
315
265	2	[5 6]
882	2	[8 8]
266	2	[6 6]
522	2	[2 5]
105
894
627	2	[6 7]
255	2	[5 5]
275	2	[5 7]
323	2	[3 3]
569
306
870
458
042	2	[0 4]
953
212	2	[1 2]
265	2	[5 6]
898
770
681
260	2	[0 6]
441
589
602	2	[0 6]
249	2	[4 9]
353
288	2	[8 8]
580
578
640
762	2	[6 7]
936
580
502	2	[0 5]
350
988
108
392	2	[3 9]
743
438
487
321	2	[1 3]
106
358
380
514
932	2	[3 9]
181
933
574
245	2	[4 5]
403
053
649
450
606
455
677
005
445
117
229	2	[2 9]
500
235	2	[3 5]
096
291	2	[1 9]
618
808
851
057
225	2	[2 5]
804
947
861
977
535
589
506
580
848
415
647
287	2	[7 8]
246	2	[4 6]
994
648
981
375
181
777
875
862	2	[6 8]
022	2	[0 2]
358
832	2	[3 8]
771
836
703
778
049
122	2	[1 2]
535
329	2	[3 9]
625	2	[5 6]
547
653
343
059
327	2	[3 7]
817
786
205	2	[0 5]
378
143
702	2	[0 7]
909
167
158
696
553
342	2	[3 4]
921	2	[1 9]
867
990
131
981
622	2	[2 6]
654
736
849
392	2	[3 9]
191
408
401
616
628	2	[6 8]
611
362	2	[3 6]
452	2	[4 5]
634
248	2	[4 8]
651
574
996
949
956
940
220	2	[0 2]
753
989
900
987
617
794
079
448
696
479
726	2	[6 7]
845
101
521	2	[1 5]
940
263	2	[3 6]
411
464
190
826	2	[6 8]
598
018
010
416
075
341
790
308
489
909
607
418
576
271	2	[1 7]
235	2	[3 5]
499
621	2	[1 6]
588
228	2	[2 8]
418
945
152	2	[1 5]
216	2	[1 6]
163
695
202	2	[0 2]
407
798
613
325	2	[3 5]
962	2	[6 9]
617
510
197
505
587
367
269	2	[6 9]
315
924	2	[4 9]
121	2	[1 1]
241	2	[1 4]
226	2	[2 6]
506
628	2	[6 8]
350
159
812	2	[1 8]
926	2	[6 9]
937
550
210	2	[0 1]
168
613
430
945
219	2	[1 9]
522	2	[2 5]
877
637
545
086
323	2	[3 3]
520	2	[0 5]
053
601
251	2	[1 5]
423	2	[3 4]
744
609
772	2	[7 7]
332	2	[3 3]
891
701
947
466
235	2	[3 5]
308
636
654
329	2	[3 9]
547
608
857
797
819
010
767
910
802	2	[0 8]
761
705
832	2	[3 8]
670
917
702	2	[0 7]
941
816
543
985
887
297	2	[7 9]
162	2	[1 6]
486
117
603
758
457
871
107
215	2	[1 5]
678
928	2	[8 9]
914
990
831
574
724	2	[4 7]
238	2	[3 8]
420	2	[0 4]
141
076
967
126	2	[1 6]
707
831
270	2	[0 7]
935
537
881
973
817
077
411
117
281	2	[1 8]
198
595
185
579
554
445
294	2	[4 9]
810
636
838
609
899
729	2	[7 9]
815
834
861
587
296	2	[6 9]
740
682	2	[6 8]
555
868
046
479
457
493
851
539
804
707
593
066
724	2	[4 7]
372	2	[3 7]
342	2	[3 4]
641
643
297	2	[7 9]
712	2	[1 7]
967
389
622	2	[2 6]
658
348
261	2	[1 6]
184
072	2	[0 7]
154
662	2	[6 6]
286	2	[6 8]
046
365
344
511
146
695
852	2	[5 8]
936
807
495
630
239	2	[3 9]
418
830
984
700
917
854
499
103
756
658
823	2	[3 8]
380
776
967
202	2	[0 2]
519
510
597
280	2	[0 8]
896
167
314
853
989
914
494
628	2	[6 8]
200	2	[0 0]
897
177
443
718
279	2	[7 9]
118
104
427	2	[4 7]
173
287	2	[7 8]
448
169
831
419
603
311
015
803
022	2	[0 2]
971
762	2	[6 7]
590
964
984
974
646
186
462	2	[4 6]
084
255	2	[5 5]
525	2	[5 5]
980
095
380
128	2	[1 8]
201	2	[0 1]
534
330
512	2	[1 5]
129	2	[1 9]
867
509
342	2	[3 4]
587
383
811
630
006
906
503
559
855
959
902	2	[0 9]
860
334
402	2	[0 4]
856
099
494
921	2	[1 9]
328	2	[3 8]
172	2	[1 7]
961
898
092	2	[0 9]
883
523	2	[3 5]
464
881
110
566
846
177
044
660
773
672	2	[6 7]
769
953
604
950
359
178
950
756
129	2	[1 9]
097
261	2	[1 6]
467
798
943
902	2	[0 9]
322	2	[2 3]
359
814
827	2	[7 8]
021	2	[0 1]
300
036
966
185
103
382	2	[3 8]
098
036
084
440
481
402	2	[0 4]
962	2	[6 9]
667
754
814
178
017
460
804
305
301
160
653
005
194
515
862	2	[6 8]
252	2	[2 5]
382	2	[3 8]
050
621	2	[1 6]
542	2	[4 5]
574
350
193
389
083
065
618
575
974
305
871
510
578
938
041
313
276	2	[6 7]
090
156
833
787
719
233	2	[3 3]
772	2	[7 7]
844
949
906
306
987
025	2	[0 5]
921	2	[1 9]
954
335
225	2	[2 5]
185
744
279	2	[7 9]
479
221	2	[1 2]
388
006
817
215	2	[1 5]
075
028	2	[0 8]
189
259	2	[5 9]
853
297	2	[7 9]
874
872	2	[7 8]
534
979
811
946
955
871
271	2	[1 7]
299	2	[9 9]
382	2	[3 8]
458
797
603
202	2	[0 2]
201	2	[0 1]
777
643
672	2	[6 7]
261	2	[1 6]
196
220	2	[0 2]
507
521	2	[1 5]
417
154
130
618
617
785
340
711
545
248	2	[4 8]
950
837
171
468
594
166
949
461
909
585
964
386
526	2	[5 6]
058
939
559
744
627	2	[6 7]
537
432	2	[3 4]
909
848
369
441
990
148
792	2	[7 9]
531
912	2	[1 9]
135
339
031
983
991
429	2	[4 9]
778
663
288	2	[8 8]
465
976
970
087
890
676
122	2	[1 2]
204	2	[0 4]
943
715
767
797
355
698
769
072	2	[0 7]
495
342	2	[3 4]
104
291	2	[1 9]
118
783
384
053
794
530
554
043
993
878
962	2	[6 9]
075
931
043
074
321	2	[1 3]
909
490
627	2	[6 7]
942	2	[4 9]
997
031
758
948
385
976
870
876
346
947
008
524	2	[4 5]
628	2	[6 8]
412	2	[1 4]
482	2	[4 8]
414
397
792	2	[7 9]
689
385
260	2	[0 6]
122	2	[1 2]
017
668
174
312	2	[1 3]
032	2	[0 3]
873
119
852	2	[5 8]
837
056
944
998
891
415
327	2	[3 7]
173
479
300
641
501
439
087
146
379
128	2	[1 8]
689
574
537
622	2	[2 6]
692	2	[6 9]
556
460
012	2	[0 1]
153
954
849
217	2	[1 7]
337
208	2	[0 8]
892	2	[8 9]
220	2	[0 2]
230	2	[0 3]
410
824	2	[4 8]
481
243	2	[3 4]
829	2	[8 9]
414
360
817
736
054
837
561
318
281	2	[1 8]
969
693
418
268	2	[6 8]
912	2	[1 9]
872	2	[7 8]
766
556
275	2	[5 7]
526	2	[5 6]
976
199
114
713
396
818
386
368
817
295	2	[5 9]
642	2	[4 6]
053
034
226	2	[2 6]
225	2	[2 5]
607
700
789
181
539
149
035
607
314
954
878
028	2	[0 8]
949
821	2	[1 8]
625	2	[5 6]
525	2	[5 5]
533
944
589
028	2	[0 8]
492	2	[4 9]
113
049
307
947
895
137
189
678
152	2	[1 5]
062	2	[0 6]
397
403
419
030
889
532	2	[3 5]
571
192	2	[1 9]
072	2	[0 7]
061
377
519
798
543
691
797
762	2	[6 7]
015
862	2	[6 8]
119
950
157
919
410
143
886
575
730
471
618
479
268	2	[6 8]
401
162	2	[1 6]
930
495
209	2	[0 9]
773
339
256	2	[5 6]
375
504
058
542	2	[4 5]
097
167
025	2	[0 5]
456
518
337
070
210	2	[0 1]
612	2	[1 6]
110
821	2	[1 8]
373
124	2	[1 4]
766
934
852	2	[5 8]
112	2	[1 1]
635
132	2	[1 3]
446
941
493
422	2	[2 4]
539
232	2	[2 3]
525	2	[5 5]
688
203	2	[0 3]
236	2	[3 6]
669
710
366
696
262	2	[2 6]
283	2	[3 8]
883
416
358
742	2	[4 7]
392	2	[3 9]
342	2	[3 4]
098
525	2	[5 5]
041
444
617
181
432	2	[3 4]
553
724	2	[4 7]
877
506
096
928	2	[8 9]
927	2	[7 9]
806
956
896
569
224	2	[2 4]
431
348
037
301
798
933
281	2	[1 8]
221	2	[1 2]
194
173
491
503
435
710
937
675
313
421	2	[1 4]
011
641
805
530
914
625	2	[5 6]
164
566
982	2	[8 9]
878
268	2	[6 8]
256	2	[5 6]
951
815
845
608
617
448
744
160
008
346
489
155
885
089
661
594
848
179
517
550
811
002	2	[0 0]
263	2	[3 6]
907
364
673
676
747
729	2	[7 9]
763
807
621	2	[1 6]
576
960
351
750
149
058
493
387
822	2	[2 8]
110
409
084
690
569
441
991
317
041
792	2	[7 9]
582	2	[5 8]
966
314
555
089
175
438
960
913
501
878
366
880
776
975
823	2	[3 8]
167
782	2	[7 8]
352	2	[3 5]
444
765
671
351
517
215	2	[1 5]
206	2	[0 6]
232	2	[2 3]
711
901
718
560
487
218	2	[1 8]
245	2	[4 5]
531
170
046
065
653
471
103
894
134
322	2	[2 3]
501
683
082	2	[0 8]
990
375
236	2	[3 6]
104
010
765
047
828	2	[8 8]
966
148
191
134
594
091
559
721	2	[1 7]
880
077
011
405
126	2	[1 6]
149
631
253	2	[3 5]
476
005
526	2	[5 6]
908
464
492	2	[4 9]
284	2	[4 8]
286	2	[6 8]
264	2	[4 6]
744
922	2	[2 9]
136
782	2	[7 8]
870
998
889
480
969
733
493
505
108
511
044
070
052	2	[0 5]
334
088
256	2	[5 6]
063
582	2	[5 8]
326	2	[3 6]
696
162	2	[1 6]
806
137
819
091
348
161
931
382	2	[3 8]
665
331
826	2	[6 8]
034
927	2	[7 9]
918
481
821	2	[1 8]
314
178
522	2	[2 5]
252	2	[2 5]
856
881
321	2	[1 3]
699
562	2	[5 6]
982	2	[8 9]
022	2	[0 2]
032	2	[0 3]
122	2	[1 2]
817
631
151
457
657
191
368
100
068
727	2	[7 7]
064
124	2	[1 4]
208	2	[0 8]
389
529	2	[5 9]
278	2	[7 8]
948
422	2	[2 4]
624	2	[4 6]
920	2	[0 9]
289	2	[8 9]
559
766
776
661
602	2	[0 6]
290	2	[0 9]
336
297	2	[7 9]
209	2	[0 9]
602	2	[0 6]
466
077
504
834
040
995
462	2	[4 6]
759
828	2	[8 8]
973
677
845
309
167
141
060
818
497
248	2	[4 8]
982	2	[8 9]
101
533
054
010
774
391
910
093
779
197
248	2	[4 8]
719
556
897
798
886
650
625	2	[5 6]
213	2	[1 3]
240	2	[0 4]
204	2	[0 4]
158
842	2	[4 8]
327	2	[3 7]
505
690
341
668
045
470
597
141
555
222	2	[2 2]
979
036
313
967
898
608
467
942	2	[4 9]
904
720	2	[0 7]
691
754
473
484
769
114
313
314
709
140
826	2	[6 8]
727	2	[7 7]
759
266	2	[6 6]
778
405
827	2	[7 8]
472	2	[4 7]
188
273	2	[3 7]
180
340
392	2	[3 9]
217	2	[1 7]
713
708
311
457
265	2	[5 6]
395
921	2	[1 9]
555
858
574
219	2	[1 9]
809
077
661
515
645
812	2	[1 8]
747
578
202	2	[0 2]
450
354
811
745
764
706
429	2	[4 9]
501
128	2	[1 8]
365
513
667
538
019
785
009
510
040
435
317
882	2	[8 8]
108
398
414
461
994
568
373
706
005
650
891
061
316
477
156
171
769
900
066
959
588
888
301
568
392	2	[3 9]
070
335
458
793
886
116
592	2	[5 9]
335
701
151
570
770
954
995
112	2	[1 1]
083
067
425	2	[4 5]
161
513
592	2	[5 9]
137
960
451
037
200	2	[0 0]
418
764
648
245	2	[4 5]
267	2	[6 7]
748
257	2	[5 7]
532	2	[3 5]
096
691
408
151
748
234	2	[3 4]
597
278	2	[7 8]
547
704
363
890
224	2	[2 4]
948
930
757
152	2	[1 5]
694
090
041
995
489
824	2	[4 8]
679
027	2	[0 7]
259	2	[5 9]
280	2	[0 8]
501
231	2	[1 3]
794
181
930
793
685
185
120	2	[0 1]
199
909
840
889
598
945
084
598
618
192	2	[1 9]
596
903
484
334
792	2	[7 9]
707
349
936
075
966
772	2	[7 7]
939
057
522	2	[2 5]
433
104
994
875
230	2	[0 3]
640
518
798
720	2	[0 7]
487
099
158
643
043
973
308
752	2	[5 7]
889
039
093
675
681
801
680
494
887
139
716
250	2	[0 5]
010
027	2	[0 7]
659
501
948
253	2	[3 5]
788
863
234	2	[3 4]
470
557
703
340
856
792	2	[7 9]
332	2	[3 3]
169
673
235	2	[3 5]
172	2	[1 7]
498
494
204	2	[0 4]
695
661
200	2	[0 0]
712	2	[1 7]
112	2	[1 1]
815
783
417
611
092	2	[0 9]
482	2	[4 8]
147
848
873
598
660
275	2	[5 7]
045
054
644
295	2	[5 9]
965
570
977
546
946
646
514
274	2	[4 7]
252	2	[2 5]
841
549
168
933
136
401
171
089
083
943
596
551
299	2	[9 9]
752	2	[5 7]
690
944
835
408
996
005
786
474
834
640
187
137
693
558
368
597
896
467
638
487
799
300
758
254	2	[4 5]
948
583
745
526	2	[5 6]
010
414
788
407
441
109
933
334
212	2	[1 2]
031
342	2	[3 4]
464
527	2	[5 7]
882	2	[8 8]
015
572	2	[5 7]
229	2	[2 9]
111
456
345
148
473
974
418
659
119
725	2	[5 7]
064
218	2	[1 8]
771
918
394
282	2	[2 8]
081
028	2	[0 8]
880
338
272	2	[2 7]
012	2	[0 1]
485
189
330
436
138
863
684
284	2	[4 8]
816
023	2	[0 3]
650
223	2	[2 3]
801
963
056
104
269	2	[6 9]
838
287	2	[7 8]
751
327	2	[3 7]
591
257	2	[5 7]
162	2	[1 6]
718
254	2	[4 5]
088
854
745
410
015
468
031
892	2	[8 9]
839
283	2	[3 8]
836
912	2	[1 9]
357
424	2	[4 4]
501
028	2	[0 8]
199
359
502	2	[0 5]
604
092	2	[0 9]
631
031
168
960
709
318
313
649
768
097
721	2	[1 7]
178
555
502	2	[0 5]
604
469
125	2	[1 5]
690
155
412	2	[1 4]
741
457
802	2	[0 8]
883
252	2	[2 5]
857
606
773
131
959
834
831
185
933
279	2	[7 9]
753
459
242	2	[2 4]
895
543
887
107
888
971
871
211	2	[1 1]
555
049
923	2	[3 9]
579
035
991
718
159
399
097
781
056
070
150
597
089
414
635
331
633
918
413
203	2	[0 3]
679
757
085
307
986
866
727	2	[7 7]
500
102	2	[0 1]
382	2	[3 8]
190
109
638
052	2	[0 5]
334
472	2	[4 7]
536
315
383
716
095
957
098
494
066
089
378
675
007
665
922	2	[2 9]
697
035
547
964
687
686
345
602	2	[0 6]
379
938
259	2	[5 9]
060
063
045
341
626	2	[6 6]
396
220	2	[0 2]
178
834
795
046
729	2	[7 9]
754
384
668
506
565
168
444
176
729	2	[7 9]
788
527	2	[5 7]
917
201	2	[0 1]
068
938
165
252	2	[2 5]
988
054
858
324	2	[3 4]
211	2	[1 1]
066
038
584
977
790
178
113
710
101
344
091
620	2	[0 6]
293	2	[3 9]
561
935
677
218	2	[1 8]
515
499
908
100
412	2	[1 4]
840
670
831
484
610
989
147
821	2	[1 8]
940
006
941
029	2	[0 9]
313
614
788
079
116
970
212	2	[1 2]
055
504
621	2	[1 6]
488
679
613
752	2	[5 7]
913
345
269	2	[6 9]
759
165
029	2	[0 9]
447
892	2	[8 9]
427	2	[4 7]
626	2	[6 6]
912	2	[1 9]
713
761
013
799
755
785
821	2	[1 8]
203	2	[0 3]
156
145
204	2	[0 4]
134
945
857
852	2	[5 8]
682	2	[6 8]
685
838
452	2	[4 5]
789
362	2	[3 6]
901
408
998
104
905
169
470
454
611
645
302	2	[0 3]
336
623	2	[3 6]
783
530
308
988
339
879
127	2	[1 7]
194
731
158
198
180
389
453
057
265	2	[5 6]
371
000
922	2	[2 9]
200	2	[0 0]
463
363
731
857
572	2	[5 7]
337
383
439
954
156
049
374
930
550
594
230	2	[0 3]
920	2	[0 9]
621	2	[1 6]
738
741
534
684
811
537
717
781
728	2	[7 8]
002	2	[0 0]
044
790
637
260	2	[0 6]
549
677
107
737
999
144
328	2	[3 8]
288	2	[8 8]
166
727	2	[7 7]
257	2	[5 7]
610
311
124	2	[1 4]
789
850
309
499
934
187
252	2	[2 5]
914
945
538
373
357
552	2	[5 5]
793
408
396
329	2	[3 9]
625	2	[5 6]
220	2	[0 2]
363
503
859
481
826	2	[6 8]
520	2	[0 5]
326	2	[3 6]
880
508
851
370
913
014
172	2	[1 7]
560
625	2	[5 6]
333
679
263	2	[3 6]
004
742	2	[4 7]
075
412	2	[1 4]
398
277	2	[7 7]
930
981
417
440
018
839
162	2	[1 6]
395
944
981
937
273	2	[3 7]
355
916
088
243	2	[3 4]
450
661
136
554
397
489
417
727	2	[7 7]
317
400
657
793
369
732	2	[3 7]
321	2	[1 3]
107
684
604
511
639
351
775
846
431
255	2	[5 5]
499
714
227	2	[2 7]
204	2	[0 4]
950
830
758
917
247	2	[4 7]
196
255	2	[5 5]
930
570
645
383
941
264	2	[4 6]
562	2	[5 6]
478
281	2	[1 8]
972	2	[7 9]
010
800
007
800
244	2	[4 4]
834
765
908
848
061
630
399
124	2	[1 4]
819
594
769
647
131
764
942	2	[4 9]
121	2	[1 1]
759
103
970
376
954
706
906
056
093
958
523	2	[3 5]
962	2	[6 9]
739
678
853
564
808
136
348
166
835
939
717
759
713
543
919
240	2	[0 4]
284	2	[4 8]
431
912	2	[1 9]
623	2	[3 6]
810
108
642	2	[4 6]
686
421	2	[1 4]
324	2	[3 4]
313
141
378
315
901
306
724	2	[4 7]
658
985
280	2	[0 8]
600
880
381
784
929	2	[9 9]
444
469
429	2	[4 9]
785
644
377
280	2	[0 8]
687
114
404
710
740
465
006
507
675
263	2	[3 6]
328	2	[3 8]
091
384
208	2	[0 8]
718
781
448
973
722	2	[2 7]
751
568
540
955
404
688
524	2	[4 5]
554
790
915
197
565
823	2	[3 8]
640
390
423	2	[3 4]
718
889
187
434
782	2	[7 8]
840
096
109
388
002	2	[0 0]
181
868
524	2	[4 5]
104
642	2	[4 6]
489
825	2	[5 8]
733
080
511
976
387
309
392	2	[3 9]
875
053
471
282	2	[2 8]
892	2	[8 9]
000
293	2	[3 9]
445
689
090
520	2	[0 5]
611
051
018
148
882	2	[8 8]
388
766
510
597
916
953
381
068
744
331
162	2	[1 6]
212	2	[1 2]
053
401
810
995
657
225	2	[2 5]
307
092	2	[0 9]
526	2	[5 6]
578
549
033
757
731
546
387
948
686
876
074
163
651
427	2	[4 7]
848
712	2	[1 7]
705
439
208	2	[0 8]
638
405
506
087
267	2	[6 7]
720	2	[0 7]
442	2	[4 4]
285	2	[5 8]
610
162	2	[1 6]
879
923	2	[3 9]
897
073
064
098
157
533
686
449
755
477
381
601
772	2	[7 7]
389
927	2	[7 9]
967
562	2	[5 6]
876
245	2	[4 5]
693
881
961
077
121	2	[1 1]
493
262	2	[2 6]
929	2	[9 9]
028	2	[0 8]
627	2	[6 7]
000
807
799
349
850
673
655
099
509
394
459
595
452	2	[4 5]
255	2	[5 5]
306
857
107
137
394
942	2	[4 9]
460
850
696
484
289	2	[8 9]
396
691
563
582	2	[5 8]
931
845
831
055
887
494
048
301
442	2	[4 4]
265	2	[5 6]
128	2	[1 8]
523	2	[3 5]
926	2	[6 9]
923	2	[3 9]
525	2	[5 5]
250	2	[0 5]
920	2	[0 9]
375
478
537
516
384
726	2	[6 7]
762	2	[6 7]
272	2	[2 7]
757
420	2	[0 4]
049
279	2	[7 9]
922	2	[2 9]
323	2	[3 3]
064
961
851
289	2	[8 9]
394
954
038
981
443
583
246	2	[4 6]
635
561
570
653
777
369
110
419
578
550
718
736
080
836
796
042	2	[0 4]
588
038
462	2	[4 6]
811
412	2	[1 4]
188
247	2	[4 7]
016
717
684
958
410
165
747
597
098
526	2	[5 6]
910
265	2	[5 6]
574
041
157
070
193
317
786
798
868
542	2	[4 5]
288	2	[8 8]
444
781
942	2	[4 9]
084
602	2	[0 6]
011
924	2	[4 9]
128	2	[1 8]
752	2	[5 7]
369
304
035
080
037
863
562	2	[5 6]
129	2	[1 9]
631
812	2	[1 8]
604
793
872	2	[7 8]
124	2	[1 4]
116
359
347
203	2	[0 3]
014
268	2	[6 8]
532	2	[3 5]
136
394
735
252	2	[2 5]
729	2	[7 9]
007
816
921	2	[1 9]
475
349
711
018
438
438
375
943
253	2	[3 5]
519
305
594
294	2	[4 9]
701
823	2	[3 8]
367
037
403
553
449
714
600
811
456
323	2	[3 3]
279	2	[7 9]
199
665
747
743
752	2	[5 7]
913
628	2	[6 8]
835
401
679
109
400
869
927	2	[7 9]
800
763
757
901
453
658
045
174
714
938
730
662	2	[6 6]
972	2	[7 9]
610
599
331
565
518
380
415
166
232	2	[2 3]
639
184
767
595
554
782	2	[7 8]
957
089
672	2	[6 7]
110
633
728	2	[7 8]
222	2	[2 2]
201	2	[0 1]
654
341
394
562	2	[5 6]
565
377
720	2	[0 7]
219	2	[1 9]
196
906
857
357
020	2	[0 0]
717
423	2	[3 4]
205	2	[0 5]
224	2	[2 4]
699
042	2	[0 4]
496
236	2	[3 6]
591
918
633
337
208	2	[0 8]
924	2	[4 9]
523	2	[3 5]
098
904
332	2	[3 3]
906
611
837
028	2	[0 8]
538
944
695
535
262	2	[2 6]
786
146
363
397
738
098
150
348
607
336
357
243	2	[3 4]
533
449
328	2	[3 8]
881
919
664
781
613
847
480
339
217	2	[1 7]
884
103
889
683
023	2	[0 3]
510
249	2	[4 9]
947
277	2	[7 7]
054
570
131
751
081
359
891
278	2	[7 8]
563
911
597
368
115
546
929	2	[9 9]
865
583
148
304
400
812	2	[1 8]
717
190
903
710
539
433
243	2	[3 4]
431
232	2	[2 3]
922	2	[2 9]
133
657
560
436
880
938
610
093
450
188
421	2	[1 4]
708
084
726	2	[6 7]
129	2	[1 9]
111
728	2	[7 8]
582	2	[5 8]
303
806
158
065
836
239	2	[3 9]
423	2	[3 4]
593
447
003
082	2	[0 8]
561
227	2	[2 7]
051
059
013
757
242	2	[2 4]
989
784
175
731
649
926	2	[6 9]
878
352	2	[3 5]
264	2	[4 6]
411
838
246	2	[4 6]
597
705
640
049
932	2	[3 9]
244	2	[4 4]
860
924	2	[4 9]
758
138
980
009
999
703
439
866
328	2	[3 8]
186
287	2	[7 8]
112	2	[1 1]
933
252	2	[2 5]
807
030
941
036
051
757
032	2	[0 3]
473
992	2	[9 9]
312	2	[1 3]
331
149
724	2	[4 7]
897
559
912	2	[1 9]
544
807
335
393
213	2	[1 3]
731
671
215	2	[1 5]
453
329	2	[3 9]
832	2	[3 8]
669
781
927	2	[7 9]
294	2	[4 9]
671
442	2	[4 4]
956
012	2	[0 1]
266	2	[6 6]
850
452	2	[4 5]
798
586
680
060
763
085
833
178
107
138
188
600
713
675
457
382	2	[3 8]
495
631
858
747
409
105
168
562	2	[5 6]
317
459
586
453
498
569
393
428	2	[4 8]
859
000
305
729	2	[7 9]
617
054
617
995
881
238	2	[3 8]
531
680
615
982	2	[8 9]
205	2	[0 5]
163
564
969
825	2	[5 8]
901
865
944
884
758
956
538
199
064
188
313
703
180
553
185
466
288	2	[8 8]
392	2	[3 9]
353
814
450
270	2	[0 7]
260	2	[0 6]
624	2	[4 6]
517
536
943
827	2	[7 8]
199
722	2	[2 7]
435
546
233	2	[3 3]
397
227	2	[2 7]
012	2	[0 1]
849
219	2	[1 9]
702	2	[0 7]
195
420	2	[0 4]
205	2	[0 5]
759
212	2	[1 2]
692	2	[6 9]
661
640
203	2	[0 3]
071
406
821	2	[1 8]
173
412	2	[1 4]
479
043
084
939
933
005
763
662	2	[6 6]
883
098
637
713
567
422	2	[2 4]
143
671
370
788
047
315
573
714
403
201	2	[0 1]
275	2	[5 7]
043
486
451
570
031
818
161
100
610
611
972	2	[7 9]
990
682	2	[6 8]
301
298	2	[8 9]
245	2	[4 5]
238	2	[3 8]
766
101
579
885
989
842	2	[4 8]
097
911
875
208	2	[0 8]
946
985
594
860
978
861
390
400
376
085
481
607
050
747
596
166
713
372	2	[3 7]
575
044
502	2	[0 5]
290	2	[0 9]
388
741
656
987
006
314
393
557
576
367
605
116
261	2	[1 6]
168
950
961
391
832	2	[3 8]
778
068
417
237	2	[3 7]
072	2	[0 7]
193
229	2	[2 9]
612	2	[1 6]
831
982	2	[8 9]
161
120	2	[0 1]
028	2	[0 8]
517
582	2	[5 8]
409
302	2	[0 3]
082	2	[0 8]
320	2	[0 3]
073
084
226	2	[2 6]
995
938
116
049
786
260	2	[0 6]
091
922	2	[2 9]
256	2	[5 6]
701
099
933
856
681
853
975
297	2	[7 9]
066
701
267	2	[6 7]
588
218	2	[1 8]
321	2	[1 3]
192	2	[1 9]
853
701
116
657
035
718
605
935
577
328	2	[3 8]
059
713
237	2	[3 7]
883
018
010
252	2	[2 5]
341
933
203	2	[0 3]
780
209	2	[0 9]
560
941
764
241	2	[1 4]
695
707
584
505
269	2	[6 9]
495
810
127	2	[1 7]
698
054
185
224	2	[2 4]
481
911
859
492	2	[4 9]
907
517
324	2	[3 4]
246	2	[4 6]
873
271	2	[1 7]
645
128	2	[1 8]
325	2	[3 5]
861
336
723	2	[3 7]
174
266	2	[6 6]
755
521	2	[1 5]
882	2	[8 8]
948
800
622	2	[2 6]
912	2	[1 9]
300
100
982	2	[8 9]
232	2	[2 3]
638
888
683
135
224	2	[2 4]
486
500
181
326	2	[3 6]
965
982	2	[8 9]
131
322	2	[2 3]
496
932	2	[3 9]
737
777
186
292	2	[2 9]
591
964
467
531
254	2	[4 5]
446
194
307
584
719
383
109
397
974
040
892	2	[8 9]
153
011
022	2	[0 2]
904
052	2	[0 5]
848
991
846
936
595
914
078
348
806
145
619
840
925	2	[5 9]
680
110
730
213	2	[1 3]
119
515
690
921	2	[1 9]
442	2	[4 4]
917
263	2	[3 6]
650
328	2	[3 8]
662	2	[6 6]
055
479
807
241	2	[1 4]
097
809
129	2	[1 9]
524	2	[4 5]
038
903
121	2	[1 1]
012	2	[0 1]
292	2	[2 9]
354
222	2	[2 2]
654
544
503
047
976
646
906
566
145
465
634
040
601
068
989
260	2	[0 6]
654
314
041
248	2	[4 8]
441
055
870
684
403
484
076
333
084
862	2	[6 8]
887
420	2	[0 4]
054
944
977
010
576
517
971
845
588
579
052	2	[0 5]
714
783
082	2	[0 8]
716
845
703
914
818
783
328	2	[3 8]
967
147
053
284	2	[4 8]
261	2	[1 6]
488
757
300
882	2	[8 8]
727	2	[7 7]
049
180
034
569
438
866
492	2	[4 9]
583
645
801
613
473
610
391
169
622	2	[2 6]
021	2	[0 1]
318
014
096
336
154
774
821	2	[1 8]
649
849
320	2	[0 3]
624	2	[4 6]
428	2	[4 8]
910
406
300
581
513
428	2	[4 8]
243	2	[3 4]
287	2	[7 8]
489
623	2	[3 6]
580
828	2	[8 8]
813
330
626	2	[6 6]
985
773
188
054
829	2	[8 9]
835
272	2	[2 7]
825	2	[5 8]
830
486
760
891
616
422	2	[2 4]
339
165
946
249	2	[4 9]
184
793
459
403
657
360
238	2	[3 8]
322	2	[2 3]
462	2	[4 6]
438
498
210	2	[0 1]
832	2	[3 8]
328	2	[3 8]
749
534
436
586
529	2	[5 9]
041
678
085
863
811
797
108
485
759
710
832	2	[3 8]
848
743
390
306
750
993
347
251	2	[1 5]
688
269	2	[6 9]
112	2	[1 1]
442	2	[4 4]
630
721	2	[1 7]
395
999
689
124	2	[1 4]
448
933
552	2	[5 5]
480
320	2	[0 3]
203	2	[0 3]
509
203	2	[0 3]
686
153
344
349
340
021	2	[0 1]
345
565
913
780
842	2	[4 8]
322	2	[2 3]
427	2	[4 7]
083
760
562	2	[5 6]
664
294	2	[4 9]
644
590
551
730
895
047
239	2	[3 9]
209	2	[0 9]
253	2	[3 5]
087
841
999
361
011
955
335
888
173
725	2	[5 7]
144
585
014
486
504
203	2	[0 3]
823	2	[3 8]
462	2	[4 6]
649
094
030
007
483
992	2	[9 9]
111
505
476
783
197
519
098
141
603
671
131
603
391
004
639
638
162	2	[1 6]
525	2	[5 5]
095
530
573
436
757
744
518
232	2	[2 3]
471
490
773
318
194
298	2	[8 9]
936
387
584
811
419
732	2	[3 7]
686
274	2	[4 7]
976
973
416
153
688
753
722	2	[2 7]
459
146
639
579
966
237	2	[3 7]
030
316
139
225	2	[2 5]
045
351
402	2	[0 4]
235	2	[3 5]
294	2	[4 9]
478
098
681
485
302	2	[0 3]
191
552	2	[5 5]
261	2	[1 6]
984
475
735
941
169
162	2	[1 6]
267	2	[6 7]
753
676
020	2	[0 0]
884
473
179
291	2	[1 9]
500
915
306
835
811
804
456
111
303
543
299	2	[9 9]
819
501
791
239	2	[3 9]
947
860
147
149
154
265	2	[5 6]
991
950
022	2	[0 2]
377
618
917
005
419
539
292	2	[2 9]
973
097
048
007
777
092	2	[0 9]
329	2	[3 9]
706
487
243	2	[3 4]
027	2	[0 7]
829	2	[8 9]
451
468
886
201	2	[0 1]
340
049
860
946
866
875
471
329	2	[3 9]
244	2	[4 4]
288	2	[8 8]
734
768
921	2	[1 9]
652	2	[5 6]
478
540
014
119
277	2	[7 7]
712	2	[1 7]
803
680
050
139
624	2	[4 6]
763
510
076
461
740
407
199
478
415
148
814
644
448
934
256	2	[5 6]
265	2	[5 6]
007
918
958
239	2	[3 9]
908
064
746
556
225	2	[2 5]
445
071
505
422	2	[2 4]
768
857
149
783
262	2	[2 6]
547
256	2	[5 6]
925	2	[5 9]
985
662	2	[6 6]
177
743
736
103
698
401
762	2	[6 7]
500
441
649
811
880
697
030
914
392	2	[3 9]
152	2	[1 5]
517
917
935
888
966
020	2	[0 0]
485
963
873
920	2	[0 9]
395
377
538
858
865
851
122	2	[1 2]
353
013
558
699
039
173
130
112	2	[1 1]
295	2	[5 9]
922	2	[2 9]
872	2	[7 8]
040
668
732	2	[3 7]
683
031
023	2	[0 3]
500
335
724	2	[4 7]
806
991
616
657
688
010
113
794
625	2	[5 6]
221	2	[1 2]
646
184
808
652	2	[5 6]
244	2	[4 4]
877
621	2	[1 6]
164
133
620	2	[0 6]
825	2	[5 8]
284	2	[4 8]
317
560
381
739
528	2	[5 8]
358
170
021	2	[0 1]
014
199
440
042	2	[0 4]
183
458
618
687
127	2	[1 7]
449
908
374
616
812	2	[1 8]
191
717
370
476
720	2	[0 7]
386
948
378
363
197
665
709
019
722	2	[2 7]
398
147
559
914
338
124	2	[1 4]
541
971
432	2	[3 4]
964
477
079
868
841
867
447
488
225	2	[2 5]
986
710
233	2	[3 3]
185
940
316
808
907
809
898
043
026	2	[0 6]
277	2	[7 7]
569
977
298	2	[8 9]
242	2	[2 4]
438
089
812	2	[1 8]
084
340
877
549
958
193
747
429	2	[4 9]
133
568
089
208	2	[0 8]
596
949
372	2	[3 7]
808
772	2	[7 7]
927	2	[7 9]
376
541
386
675
192	2	[1 9]
703
139
238	2	[3 8]
496
878
612	2	[1 6]
444
127	2	[1 7]
288	2	[8 8]
425	2	[4 5]
481
009
653
687
610
157
869
417
350
939
413
394
121	2	[1 1]
960
518
273	2	[3 7]
709
232	2	[2 3]
991
470
324	2	[3 4]
309
551
698
144
242	2	[2 4]
406
662	2	[6 6]
420	2	[0 4]
536
231	2	[1 3]
661
568
958
061
475
764
667
966
368
584
232	2	[2 3]
855
808
887
113
153
179
956
874
474
351
717
103
460
174
142	2	[1 4]
760
842	2	[4 8]
175
057
455
110
776
340
376
022	2	[0 2]
179
399
515
996
773
821	2	[1 8]
217	2	[1 7]
705
617
664
276	2	[6 7]
437
620	2	[0 6]
919
230	2	[0 3]
992	2	[9 9]
396
291	2	[1 9]
927	2	[7 9]
716
530
014
883
646
004
671
822	2	[2 8]
094
764
749
495
380
792	2	[7 9]
380
987
055
349
139
267	2	[6 7]
797
393
766
149
486
078
863
718
222	2	[2 2]
740
445
173
808
369
167
409
287	2	[7 8]
691
895
211	2	[1 1]
923	2	[3 9]
485
988
523	2	[3 5]
062	2	[0 6]
557
662	2	[6 6]
269	2	[6 9]
428	2	[4 8]
737
507
979
782	2	[7 8]
310
829	2	[8 9]
962	2	[6 9]
440
783
019
057
076
894
474
615
768
806
865
799
847
979
613
044
018
917
421	2	[1 4]
834
780
904
132	2	[1 3]
822	2	[2 8]
063
142	2	[1 4]
909
342	2	[3 4]
408
678
094
186
023	2	[0 3]
016
193
668
839
391
931
731
110
842	2	[4 8]
539
623	2	[3 6]
090
256	2	[5 6]
457
929	2	[9 9]
787
439
905
066
523	2	[3 5]
012	2	[0 1]
588
260	2	[0 6]
126	2	[1 6]
615
967
799
161
534
297	2	[7 9]
915
920	2	[0 9]
451
974
226	2	[2 6]
151
268	2	[6 8]
246	2	[4 6]
268	2	[6 8]
166
286	2	[6 8]
108
382	2	[3 8]
457
372	2	[3 7]
438
383
131
170
634
516
447
421	2	[1 4]
115
765
523	2	[3 5]
158
649
381
539
222	2	[2 2]
097
702	2	[0 7]
170
055
671
285	2	[5 8]
881
174
195
214	2	[1 4]
600
776
106
138
046
606
860
511
137
254	2	[4 5]
312	2	[1 3]
302	2	[0 3]
112	2	[1 1]
801
322	2	[2 3]
124	2	[1 4]
816
544
340
579
127	2	[1 7]
211	2	[1 1]
717
387
228	2	[2 8]
158
780
273	2	[3 7]
567
002	2	[0 0]
342	2	[3 4]
166
632	2	[3 6]
794
470
859
675
688
345
162	2	[1 6]
091
158
718
119
050
700
286	2	[6 8]
596
637
806
285	2	[5 8]
719
419
384
202	2	[0 2]
194
253	2	[3 5]
427	2	[4 7]
009
686
208	2	[0 8]
827	2	[7 8]
341
111
289	2	[8 9]
572	2	[5 7]
400
141
344
572	2	[5 7]
197
046
717
588
823	2	[3 8]
057
365
933
738
395
841
519
984
645
779
962	2	[6 9]
414
051
975
202	2	[0 2]
705
036
629	2	[6 9]
958
872	2	[7 8]
756
676
662	2	[6 6]
239	2	[3 9]
015
662	2	[6 6]
767
952	2	[5 9]
444
326	2	[3 6]
723	2	[3 7]
471
804
636
671
514
462	2	[4 6]
324	2	[3 4]
452	2	[4 5]
884
449
980
969
211	2	[1 1]
636
906
176
032	2	[0 3]
343
740
388
928	2	[8 9]
703
338
605
828	2	[8 8]
947
580
739
332	2	[3 3]
951
214	2	[1 4]
525	2	[5 5]
046
724	2	[4 7]
162	2	[1 6]
801
820	2	[0 8]
938
957
705
927	2	[7 9]
193
849
840
941
884
205	2	[0 5]
070
022	2	[0 2]
674
857
993
815
932	2	[3 9]
237	2	[3 7]
148
087
720	2	[0 7]
362	2	[3 6]
926	2	[6 9]
684
283	2	[3 8]
994
600
285	2	[5 8]
021	2	[0 1]
759
604
045
863
593
017
314
097
271	2	[1 7]
223	2	[2 3]
361
323	2	[3 3]
976
469
617
687
006
460
917
480
025	2	[0 5]
582	2	[5 8]
439
850
471
171
481
575
627	2	[6 7]
158
906
888
396
676
642	2	[4 6]
872	2	[7 8]
279	2	[7 9]
784
788
354
244	2	[4 4]
425	2	[4 5]
788
503
444
275	2	[5 7]
170
475
238	2	[3 8]
193
077
871
924	2	[4 9]
937
835
449
052	2	[0 5]
340
820	2	[0 8]
397
189
668
947
449
278	2	[7 8]
054
235	2	[3 5]
215	2	[1 5]
970
027	2	[0 7]
168
855
582	2	[5 8]
972	2	[7 9]
163
518
872	2	[7 8]
146
612	2	[1 6]
534
311
291	2	[1 9]
422	2	[2 4]
689
638
752	2	[5 7]
288	2	[8 8]
427	2	[4 7]
972	2	[7 9]
546
534
094
512	2	[1 5]
981
793
586
646
014
778
457
124	2	[1 4]
956
205	2	[0 5]
382	2	[3 8]
427	2	[4 7]
595
068
943
453
794
699
837
033
341
652	2	[5 6]
497
503
518
940
101
714
869
873
286	2	[6 8]
384
490
886
641
376
886
436
582	2	[5 8]
619
159
106
774
218	2	[1 8]
611
746
227	2	[2 7]
307
824	2	[4 8]
318
376
026	2	[0 6]
217	2	[1 7]
826	2	[6 8]
125	2	[1 5]
825	2	[5 8]
007
573
554
016
148
960
437
340
341
171
601
127	2	[1 7]
976
517
661
615
955
962	2	[6 9]
892	2	[8 9]
811
164
149
648
918
715
234	2	[3 4]
617
956
299	2	[9 9]
866
217	2	[1 7]
568
430
955
292	2	[2 9]
374
359
694
924	2	[4 9]
131
920	2	[0 9]
484
109
302	2	[0 3]
530
658
873
801
620	2	[0 6]
069
022	2	[0 2]
100
266	2	[6 6]
256	2	[5 6]
686
971
898
132	2	[1 3]
711
634
174
013
227	2	[2 7]
247	2	[4 7]
408
991
463
899
412	2	[1 4]
763
452	2	[4 5]
219	2	[1 9]
916
950
065
932	2	[3 9]
455
787
264	2	[4 6]
659
135
037
610
377
549
058
717
273	2	[3 7]
052	2	[0 5]
703
075
232	2	[2 3]
186
628	2	[6 8]
344
938
708
449
860
931
178
071
296	2	[6 9]
697
383
768
989
243	2	[3 4]
164
033
756
872	2	[7 8]
402	2	[0 4]
739
372	2	[3 7]
150
397
617
177
474
338
131
386
493
176
208	2	[0 8]
682	2	[6 8]
304
588
604
996
469
510
076
387
755
895
914
325	2	[3 5]
545
278	2	[7 8]
119
903
408
231	2	[1 3]
593
627	2	[6 7]
890
010
533
446
734
067
126	2	[1 6]
874
594
055
989
618
789
246	2	[4 6]
761
928	2	[8 9]
310
574
924	2	[4 9]
100
859
726	2	[6 7]
848
988
837
840
118
048
129	2	[1 9]
193
664
194
697
695
669
954
161
125	2	[1 5]
908
784
728	2	[7 8]
933
895
477
199
764
760
497
764
382	2	[3 8]
352	2	[3 5]
227	2	[2 7]
216	2	[1 6]
958
425	2	[4 5]
879
134
441
473
556
164
534
957
863
743
397
888
735
499
089
355
618
001
193
913
228	2	[2 8]
091
483
951
671
482	2	[4 8]
035
190
545
348
537
189
520	2	[0 5]
199
311
704
338
498
059
060
391
435
792	2	[7 9]
975
190
620	2	[0 6]
260	2	[0 6]
470
858
865
660
554
736
721	2	[1 7]
901
467
023	2	[0 3]
452	2	[4 5]
008
982	2	[8 9]
521	2	[1 5]
007
986
010
384
971
137
706
350
343
758
129	2	[1 9]
645
695
160
104
827	2	[7 8]
696
444
429	2	[4 9]
427	2	[4 7]
288	2	[8 8]
990
289	2	[8 9]
820	2	[0 8]
321	2	[1 3]
457
670
635
453
674
913
422	2	[2 4]
561
111
507
399
171
537
336
796
627	2	[6 7]
902	2	[0 9]
283	2	[3 8]
087
187
245	2	[4 5]
816
624	2	[4 6]
430
160
852	2	[5 8]
021	2	[0 1]
836
661
190
730
840
831
924	2	[4 9]
803
270	2	[0 7]
542	2	[4 5]
660
393
667
565
202	2	[0 2]
226	2	[2 6]
329	2	[3 9]
568
841
056
308
661
542	2	[4 5]
133
425	2	[4 5]
475
090
439
603
040
408
369
401
251	2	[1 5]
270	2	[0 7]
983
397
833
650
466
276	2	[6 7]
047
163
542	2	[4 5]
825	2	[5 8]
724	2	[4 7]
075
038
157
676
941
141
999
985
798
181
358
728	2	[7 8]
926	2	[6 9]
529	2	[5 9]
170
917
854
317
498
292	2	[2 9]
276	2	[6 7]
698
659
841
487
131
003
277	2	[7 7]
656
899
165
733
608
889
872	2	[7 8]
669
650
456
547
699
218	2	[1 8]
789
732	2	[3 7]
456
787
722	2	[2 7]
437
592	2	[5 9]
316
745
345
547
297	2	[7 9]
905
327	2	[3 7]
680
990
818
496
629	2	[6 9]
701
539
978
662	2	[6 6]
635
938
396
542	2	[4 5]
563
517
297	2	[7 9]
281	2	[1 8]
517
085
210	2	[0 1]
073
957
360
523	2	[3 5]
719
476
448
734
728	2	[7 8]
919
089
474
525	2	[5 5]
444
560
745
537
756
352	2	[3 5]
292	2	[2 9]
646
399
057
170
393
335
543
276	2	[6 7]
037
124	2	[1 4]
042	2	[0 4]
879
167
747
558
412	2	[1 4]
441
655
006
983
918
925	2	[5 9]
006
590
195
068
243	2	[3 4]
987
042	2	[0 4]
116
599
481
322	2	[2 3]
108
009
523	2	[3 5]
937
156
598
483
321	2	[1 3]
242	2	[2 4]
319
649
174
258	2	[5 8]
621	2	[1 6]
532	2	[3 5]
441
587
083
179
549
353
583
410
771
567
036
125	2	[1 5]
391
971
014
859
596
471
391
496
954
707
406
605
681
830
707
174
855
682	2	[6 8]
400
894
896
091
292	2	[2 9]
590
895
617
317
236	2	[3 6]
984
826	2	[6 8]
613
734
103
273	2	[3 7]
713
238	2	[3 8]
678
218	2	[1 8]
451
141
157
017
283	2	[3 8]
684
676
857
732	2	[3 7]
059
099
928	2	[8 9]
578
736
455
387
380
519
262	2	[2 6]
923	2	[3 9]
427	2	[4 7]
255	2	[5 5]
442	2	[4 4]
458
096
376
017
246	2	[4 6]
045
481
384
205	2	[0 5]
658
199
708
459
979
019
931
942	2	[4 9]
995
237	2	[3 7]
481
018
474
204	2	[0 4]
347
700
119
836
508
225	2	[2 5]
775
740
374
148
979
008
276	2	[6 7]
887
507
745
501
622	2	[2 6]
776
474
898
016
048
116
277	2	[7 7]
987
661
444
205	2	[0 5]
524	2	[4 5]
902	2	[0 9]
777
346
721	2	[1 7]
003
438
632	2	[3 6]
680
477
665
450
428	2	[4 8]
554
485
069
038
397
697
367
707
326	2	[3 6]
207	2	[0 7]
648
272	2	[2 7]
141
780
399
526	2	[5 6]
375
636
166
589
740
106
733
189
313
845
274	2	[4 7]
760
691
409
091
590
075
886
734
320	2	[0 3]
641
523	2	[3 5]
744
609
068
399
584
912	2	[1 9]
216	2	[1 6]
888
145
536
017
848
927	2	[7 9]
362	2	[3 6]
305
085
420	2	[0 4]
279	2	[7 9]
334
177
625	2	[5 6]
235	2	[3 5]
762	2	[6 7]
372	2	[3 7]
290	2	[0 9]
305
455
215	2	[1 5]
641
276	2	[6 7]
285	2	[5 8]
243	2	[3 4]
024	2	[0 4]
348
565
423	2	[3 4]
860
693
346
532	2	[3 5]
353
307
176
723	2	[3 7]
299	2	[9 9]
876
991
978
157
878
558
554
424	2	[4 4]
615
481
423	2	[3 4]
425	2	[4 5]
948
533
474
339
177
056
578
380
441
404
789
216	2	[1 6]
582	2	[5 8]
503
797
327	2	[3 7]
340
647
230	2	[0 3]
600
174
727	2	[7 7]
169
206	2	[0 6]
071
904
529	2	[5 9]
062	2	[0 6]
604
770
497
626	2	[6 6]
653
867
750
803
804
539
550
705
325	2	[3 5]
229	2	[2 9]
444
481
023	2	[0 3]
990
308
771
869
990
117
479
025	2	[0 5]
911
771
595
135
852	2	[5 8]
680
935
076
038
396
842	2	[4 8]
617
798
075
093
584
481
292	2	[2 9]
431
707
290	2	[0 9]
251	2	[1 5]
626	2	[6 6]
985
780
825	2	[5 8]
510
110
121	2	[1 1]
035
716
230	2	[0 3]
479
592	2	[5 9]
289	2	[8 9]
609
980
199
502	2	[0 5]
773
560
540
303
933
983
297	2	[7 9]
132	2	[1 3]
208	2	[0 8]
409
004
478
130
058
995
521	2	[1 5]
310
648
468
920	2	[0 9]
609
749
773
125	2	[1 5]
754
538
459
334
894
396
340
092	2	[0 9]
360
393
514
176
236	2	[3 6]
077
366
686
883
156
132	2	[1 3]
259	2	[5 9]
220	2	[0 2]
171
018
499
506
100
239	2	[3 9]
284	2	[4 8]
161
674
813
260	2	[0 6]
176
314
499
529	2	[5 9]
008
203	2	[0 3]
032	2	[0 3]
266	2	[6 6]
522	2	[2 5]
482	2	[4 8]
176
921	2	[1 9]
479
632	2	[3 6]
083
043
959
498
537
746
885
389
058
663
956
791
037
234	2	[3 4]
598
181
349
844
640
231	2	[1 3]
176
783
852	2	[5 8]
204	2	[0 4]
871
054
959
323	2	[3 3]
619
378
483
783
917
535
115
182	2	[1 8]
376
501
280	2	[0 8]
482	2	[4 8]
630
448
247	2	[4 7]
023	2	[0 3]
009
053
125	2	[1 5]
470
717
254	2	[4 5]
986
706
961
686
160
451
235	2	[3 5]
272	2	[2 7]
820	2	[0 8]
885
111
916
893
246	2	[4 6]
913
030
133
145
915
923	2	[3 9]
957
065
150
680
148
248	2	[4 8]
140
862	2	[6 8]
435
078
568
019
848
059
256	2	[5 6]
166
244	2	[4 4]
852	2	[5 8]
687
173
274	2	[4 7]
944
747
058
583
404
578
133
005
282	2	[2 8]
087
651
731
845
473
190
522	2	[2 5]
468
949
452	2	[4 5]
533
741
369
850
412	2	[1 4]
264	2	[4 6]
337
161
897
915
531
328	2	[3 8]
241	2	[1 4]
987
434
132	2	[1 3]
091
332	2	[3 3]
675
742	2	[4 7]
182	2	[1 8]
759
945
228	2	[2 8]
432	2	[3 4]
676
869
483
412	2	[1 4]
135
380
518
536
783
710
959
632	2	[3 6]
837
372	2	[3 7]
214	2	[1 4]
689
011
937
581
033
778
900
352	2	[3 5]
437
833
886
311
723	2	[3 7]
831
158
625	2	[5 6]
422	2	[2 4]
412	2	[1 4]
102	2	[0 1]
607
068
975
664
492	2	[4 9]
970
587
554
369
488
072	2	[0 7]
191
601
162	2	[1 6]
614
354
310
736
119
880
663
061
500
537
020	2	[0 0]
434
284	2	[4 8]
929	2	[9 9]
642	2	[4 6]
954
879
800
658
776
480
772	2	[7 7]
374
525	2	[5 5]
332	2	[3 3]
241	2	[1 4]
129	2	[1 9]
929	2	[9 9]
817
646
747
646
186
375
697
077
911
473
352	2	[3 5]
155
135
588
580
486
869
504
450
355
473
233	2	[3 3]
466
049
162	2	[1 6]
762	2	[6 7]
585
537
253	2	[3 5]
805
886
792	2	[7 9]
336
305
081
596
918
768
930
627	2	[6 7]
129	2	[1 9]
149
705
765
048
008
984
777
320	2	[0 3]
513
533
917
490
363
002	2	[0 0]
961
417
178
454
910
703
358
264	2	[4 6]
084
597
975
386
800
586
433
334
169
927	2	[7 9]
782	2	[7 8]
413
559
934
651
356
535
372	2	[3 7]
083
208	2	[0 8]
862	2	[6 8]
098
989
231	2	[1 3]
445
503
976
523	2	[3 5]
645
048
771
623	2	[3 6]
396
706
355
811
982	2	[8 9]
964
975
683
867
914
716
928	2	[8 9]
745
882	2	[8 8]
053
860
825	2	[5 8]
136
983
308
250	2	[0 5]
091
921	2	[1 9]
388
493
056
383
640
896
019
912	2	[1 9]
050
214	2	[1 4]
189
447
512	2	[1 5]
318
615
882	2	[8 8]
889
684
667
448
323	2	[3 3]
486
900
657
849
890
170
135
111
160
113
055
463
659
388
860
410
798
973
529	2	[5 9]
523	2	[3 5]
925	2	[5 9]
644
709
396
507
669
703
394
956
027	2	[0 7]
997
465
786
027	2	[0 7]
040
372	2	[3 7]
963
256	2	[5 6]
799
231	2	[1 3]
990
734
113
254	2	[4 5]
387
346
626	2	[6 6]
844
108
035
461
610
757
573
009
696
896
571
186
588
426	2	[4 6]
164
625	2	[5 6]
193
049
585
626	2	[6 6]
514
374
177
691
374
366
990
015
192	2	[1 9]
573
200	2	[0 0]
590
071
967
006
383
881
441
013
831
367
769
593
517
119
482	2	[4 8]
447
788
621	2	[1 6]
541
058
841
481
817
030
037
242	2	[2 4]
995
758
586
369
511
527	2	[5 7]
932	2	[3 9]
925	2	[5 9]
517
615
234	2	[3 4]
796
368
482	2	[4 8]
263	2	[3 6]
864
733
400
014
094
867
186
082	2	[0 8]
448
039
875
356
856
835
724	2	[4 7]
686
933
173
181
543
386
707
250	2	[0 5]
367
765
965
199
765
616
849
136
586
797
998
562	2	[5 6]
479
523	2	[3 5]
905
423	2	[3 4]
973
346
185
166
352	2	[3 5]
377
489
146
728	2	[7 8]
022	2	[0 2]
204	2	[0 4]
156
548
376
318
834
249	2	[4 9]
258	2	[5 8]
098
888
363
444
693
318
260	2	[0 6]
705
390
029	2	[0 9]
376
975
142	2	[1 4]
172	2	[1 7]
921	2	[1 9]
811
871
223	2	[2 3]
171
123	2	[1 3]
289	2	[8 9]
758
853
687
058
482	2	[4 8]
646
392	2	[3 9]
077
114
663
608
434
132	2	[1 3]
514
166
952	2	[5 9]
921	2	[1 9]
946
080
253	2	[3 5]
215	2	[1 5]
916
095
638
332	2	[3 3]
881
234	2	[3 4]
488
892	2	[8 9]
265	2	[5 6]
972	2	[7 9]
860
787
220	2	[0 2]
091
219	2	[1 9]
672	2	[6 7]
455
187
294	2	[4 9]
469
121	2	[1 1]
807
788
470
097
547
171
706
763
761
742	2	[4 7]
640
275	2	[5 7]
975
041
199
048
931
221	2	[1 2]
772	2	[7 7]
965
039
607
359
560
830
811
086
416
564
528	2	[5 8]
608
024	2	[0 4]
169
939
322	2	[2 3]
437
735
222	2	[2 2]
127	2	[1 7]
715
291	2	[1 9]
242	2	[2 4]
479
720	2	[0 7]
553
115
626	2	[6 6]
074
588
783
302	2	[0 3]
009
987
724	2	[4 7]
633
356
583
655
161
516
525	2	[5 5]
220	2	[0 2]
102	2	[0 1]
590
262	2	[2 6]
539
047
143
069
322	2	[2 3]
146
450
643
382	2	[3 8]
967
309
533
730
179
472	2	[4 7]
239	2	[3 9]
449
171
628	2	[6 8]
688
230	2	[0 3]
508
197
540
527	2	[5 7]
542	2	[4 5]
775
509
786
569
226	2	[2 6]
879
341
680
811
897
698
877
433
261	2	[1 6]
979
396
111
548
382	2	[3 8]
532	2	[3 5]
203	2	[0 3]
292	2	[2 9]
526	2	[5 6]
770
749
438
519
510
577
024	2	[0 4]
641
268	2	[6 8]
033
569
475
607
646
242	2	[2 4]
833
570
812	2	[1 8]
858
680
438
071
984
941
231	2	[1 3]
113
949
866
274	2	[4 7]
061
122	2	[1 2]
432	2	[3 4]
209	2	[0 9]
465
414
861
337
257	2	[5 7]
126	2	[1 6]
595
241	2	[1 4]
235	2	[3 5]
185
972	2	[7 9]
208	2	[0 8]
814
681
713
955
091
552	2	[5 5]
935
324	2	[3 4]
499
519
109
075
665
575
958
175
636
666
876
262	2	[2 6]
634
756
659
197
817
045
265	2	[5 6]
119
204	2	[0 4]
054
997
841
977
740
847
185
805
903
163
847
536
697
411
742	2	[4 7]
611
414
952	2	[5 9]
383
160
780
539
422	2	[2 4]
962	2	[6 9]
888
959
371
846
140
492	2	[4 9]
653
504
851
956
397
022	2	[0 2]
391
976
860
864
541
154
144
507
192	2	[1 9]
847
756
272	2	[2 7]
044
472	2	[4 7]
407
779
125	2	[1 5]
609
185
958
265	2	[5 6]
591
722	2	[2 7]
807
353
589
272	2	[2 7]
051
438
421	2	[1 4]
637
118
557
057
670
199
209	2	[0 9]
229	2	[2 9]
782	2	[7 8]
825	2	[5 8]
855
899
710
001
904
809
503
538
220	2	[0 2]
737
427	2	[4 7]
562	2	[5 6]
019
089
630
244	2	[4 4]
071
117
824	2	[4 8]
383
389
964
970
368
794
307
466
892	2	[8 9]
482	2	[4 8]
853
264	2	[4 6]
967
549
904
362	2	[3 6]
475
388
287	2	[7 8]
186
800
795
506
797
921	2	[1 9]
681
844
147
621	2	[1 6]
833
475
557
908
739
037
479
311
731
366
612	2	[1 6]
571
430
210	2	[0 1]
328	2	[3 8]
283	2	[3 8]
658
204	2	[0 4]
578
671
720	2	[0 7]
405
858
680
241	2	[1 4]
162	2	[1 6]
379
403
787
594
462	2	[4 6]
415
456
368
114
152	2	[1 5]
121	2	[1 1]
956
984
853
777
594
310
105
538
553
491
199
804
779
104
775
121	2	[1 1]
492	2	[4 9]
171
004
509
195
760
271	2	[1 7]
882	2	[8 8]
052	2	[0 5]
845
871
679
575
541
392	2	[3 9]
252	2	[2 5]
602	2	[0 6]
569
707
634
952	2	[5 9]
904
924	2	[4 9]
018
342	2	[3 4]
022	2	[0 2]
983
486
978
864
599
414
329	2	[3 9]
584
890
022	2	[0 2]
940
411
207	2	[0 7]
377
639
744
435
363
268	2	[6 8]
272	2	[2 7]
651
053
781
078
967
961
490
162	2	[1 6]
770
179
965
218	2	[1 8]
925	2	[5 9]
251	2	[1 5]
795
741
330
510
053
584
367
804
470
629	2	[6 9]
268	2	[6 8]
958
238	2	[3 8]
464
923	2	[3 9]
241	2	[1 4]
845
386
625	2	[5 6]
677
919
836
096
312	2	[1 3]
330
549
766
160
473
328	2	[3 8]
926	2	[6 9]
841
730
959
564
047
886
752	2	[5 7]
027	2	[0 7]
085
620	2	[0 6]
737
529	2	[5 9]
170
869
996
807
818
386
619
468
926	2	[6 9]
402	2	[0 4]
453
134
790
640
790
052	2	[0 5]
632	2	[3 6]
820	2	[0 8]
525	2	[5 5]
403
126	2	[1 6]
150
139
601
513
368
059
253	2	[3 5]
887
907
460
692	2	[6 9]
535
001
811
835
648
387
827	2	[7 8]
204	2	[0 4]
113
945
368
504
678
133
054
042	2	[0 4]
567
977
246	2	[4 6]
737
413
184
827	2	[7 8]
794
301
339
263	2	[3 6]
323	2	[3 3]
232	2	[2 3]
811
871
753
506
760
628	2	[6 8]
250	2	[0 5]
819
548
976
516
411
430
541
594
559
170
888
740
776
918
097
987
681
720	2	[0 7]
138
006
659
417
183
033
363
880
765
410
573
527	2	[5 7]
396
048
127	2	[1 7]
626	2	[6 6]
237	2	[3 7]
864
678
402	2	[0 4]
831
967
389
611
661
032	2	[0 3]
892	2	[8 9]
551
066
139
415
246	2	[4 6]
422	2	[2 4]
934
323	2	[3 3]
288	2	[8 8]
204	2	[0 4]
124	2	[1 4]
624	2	[4 6]
306
478
869
237	2	[3 7]
254	2	[4 5]
231	2	[1 3]
589
713
993
339
254	2	[4 5]
520	2	[0 5]
886
905
453
462	2	[4 6]
011
408
754
495
470
534
896
696
001
565
468
101
760
947
337
640
201	2	[0 1]
152	2	[1 5]
732	2	[3 7]
353
833
162	2	[1 6]
800
606
266	2	[6 6]
627	2	[6 7]
380
992	2	[9 9]
458
023	2	[0 3]
491
028	2	[0 8]
317
287	2	[7 8]
198
872	2	[7 8]
835
460
648
602	2	[0 6]
015
162	2	[1 6]
421	2	[1 4]
421	2	[1 4]
444
623	2	[3 6]
638
731
965
740
825	2	[5 8]
824	2	[4 8]
408
947
156
752	2	[5 7]
169
666
952	2	[5 9]
294	2	[4 9]
397
170
739
336
163
505
023	2	[0 3]
114
810
876
385
440
943
036
976
783
816
616
546
660
611
682	2	[6 8]
939
783
680
682	2	[6 8]
937
017
318
849
526	2	[5 6]
102	2	[0 1]
725	2	[5 7]
497
700
220	2	[0 2]
396
749
653
923	2	[3 9]
825	2	[5 8]
787
657
163
043
331
663
374
421	2	[1 4]
583
970
184
073
499
902	2	[0 9]
410
425	2	[4 5]
425	2	[4 5]
446
156
887
351
439
280	2	[0 8]
536
184
224	2	[2 4]
176
426	2	[4 6]
088
631
012	2	[0 1]
083
721	2	[1 7]
223	2	[2 3]
287	2	[7 8]
379
356
597
661
264	2	[4 6]
998
507
971
371
748
987
839
709
518
352	2	[3 5]
809
364
637
088
279	2	[7 9]
278	2	[7 8]
286	2	[6 8]
895
241	2	[1 4]
022	2	[0 2]
287	2	[7 8]
839
419
211	2	[1 1]
474
025	2	[0 5]
814
167
845
651
751
315
595
124	2	[1 4]
228	2	[2 8]
359
639
416
013
133
714
773
788
153
426	2	[4 6]
833
350
749
868
346
277	2	[7 7]
995
542	2	[4 5]
782	2	[7 8]
216	2	[1 6]
045
582	2	[5 8]
670
260	2	[0 6]
534
217	2	[1 7]
426	2	[4 6]
535
975
955
933
462	2	[4 6]
817
064
933
976
156
077
148
433
980
058
964
440
812	2	[1 8]
176
665
272	2	[2 7]
552	2	[5 5]
886
601
760
997
414
988
056
223	2	[2 3]
803
211	2	[1 1]
838
386
004
940
773
522	2	[2 5]
960
554
878
268	2	[6 8]
228	2	[2 8]
213	2	[1 3]
046
860
033
926	2	[6 9]
910
896
957
346
832	2	[3 8]
591
786
884
455
050
333
777
987
613
679
688
191
186
546
833
708
302	2	[0 3]
830
143
037
090
142	2	[1 4]
158
025	2	[0 5]
825	2	[5 8]
998
230	2	[0 3]
668
817
568
991
739
526	2	[5 6]
032	2	[0 3]
871
675
612	2	[1 6]
741
591
414
794
269	2	[6 9]
877
715
389
225	2	[2 5]
193
249	2	[4 9]
660
754
436
272	2	[2 7]
714
771
148
361
654
660
825	2	[5 8]
957
819
755
303
357
839
689
762	2	[6 7]
913
354
546
985
824	2	[4 8]
948
132	2	[1 3]
713
549
959
719
296	2	[6 9]
975
257	2	[5 7]
198
651
195
221	2	[1 2]
704
596
651
754
637
367
163
173
217	2	[1 7]
784
470
531
573
557
723	2	[3 7]
461
790
013
805
839
443
036
850
157
858
696
972	2	[7 9]
041
307
170
129	2	[1 9]
466
001
419
372	2	[3 7]
560
548
362	2	[3 6]
341
199
155
230	2	[0 3]
357
813
423	2	[3 4]
697
119
238	2	[3 8]
652	2	[5 6]
214	2	[1 4]
661
405
943
898
532	2	[3 5]
097
637
344
681
777
287	2	[7 8]
129	2	[1 9]
615
047
616
058
076
302	2	[0 3]
063
376
435
691
778
278	2	[7 8]
094
992	2	[9 9]
955
044
020	2	[0 0]
847
479
762	2	[6 7]
121	2	[1 1]
063
332	2	[3 3]
271	2	[1 7]
158
644
014
738
829	2	[8 9]
684
876
159
886
688
011
259	2	[5 9]
115
740
525	2	[5 5]
838
132	2	[1 3]
856
778
201	2	[0 1]
169
409
915
481
415
299	2	[9 9]
619
989
361
915
285	2	[5 8]
187
227	2	[2 7]
784
884
950
603
585
688
035
221	2	[1 2]
301
272	2	[2 7]
108
253	2	[3 5]
245	2	[4 5]
666
975
724	2	[4 7]
704
766
834
019
628	2	[6 8]
364
935
154
426	2	[4 6]
367
411
877
793
211	2	[1 1]
941
594
827	2	[7 8]
296	2	[6 9]
818
270	2	[0 7]
385
779
989
436
280	2	[0 8]
628	2	[6 8]
213	2	[1 3]
320	2	[0 3]
382	2	[3 8]
397
671
500
300
804
048
834
431
572	2	[5 7]
384
345
900
793
719
040
143
773
582	2	[5 8]
422	2	[2 4]
341
747
617
350
618
787
388
735
751
833
465
689
481
244	2	[4 4]
310
009
347
906
138
028	2	[0 8]
026	2	[0 6]
369
976
569
669
503
384
941
604
615
514
338
045
769
685
152	2	[1 5]
107
598
262	2	[2 6]
219	2	[1 9]
155
480
620	2	[0 6]
208	2	[0 8]
867
402	2	[0 4]
440
080
257	2	[5 7]
797
516
088
454
108
541
561
525	2	[5 5]
765
034
611
283	2	[3 8]
376
723	2	[3 7]
302	2	[0 3]
177
510
069
623	2	[3 6]
204	2	[0 4]
458
940
693
358
973
945
486
707
330
035
878
066
147
302	2	[0 3]
518
568
463
657
208	2	[0 8]
137
109
394
669
569
722	2	[2 7]
044
282	2	[2 8]
976
694
178
302	2	[0 3]
292	2	[2 9]
898
131
913
059
471
468
318
837
544
246	2	[4 6]
786
657
944
901
129	2	[1 9]
032	2	[0 3]
315
090
212	2	[1 2]
119
972	2	[7 9]
608
807
047
826	2	[6 8]
307
955
035
301
790
474
124	2	[1 4]
021	2	[0 1]
271	2	[1 7]
688
317
303
566
331
908
561
963
078
726	2	[6 7]
002	2	[0 0]
757
933
916
700
554
636
187
258	2	[5 8]
378
944
498
291	2	[1 9]
519
478
414
150
474
131
361
150
146
716
750
982	2	[8 9]
063
093
471
318
923	2	[3 9]
513
918
359
655
057
652	2	[5 6]
299	2	[9 9]
402	2	[0 4]
975
229	2	[2 9]
573
630
016
381
167
549
072	2	[0 7]
917
771
726	2	[6 7]
159
643
877
031
115
170
553
536
492	2	[4 9]
674
243	2	[3 4]
928	2	[8 9]
466
763
920	2	[0 9]
982	2	[8 9]
188
564
244	2	[4 4]
474
373
376
272	2	[2 7]
186
268	2	[6 8]
040
679
767
999
750
910
594
420	2	[0 4]
472	2	[4 7]
439
606
278	2	[7 8]
164
057
320	2	[0 3]
810
449
414
676
544
591
175
730
654
420	2	[0 4]
047
691
480
971
465
789
916
675
300
989
957
106
969
373
223	2	[2 3]
331
026	2	[0 6]
488
756
324	2	[3 4]
461
095
121	2	[1 1]
703
468
746
598
397
667
098
071
802	2	[0 8]
794
372	2	[3 7]
163
960
588
877
169
026	2	[0 6]
570
057
619
068
080
702	2	[0 7]
552	2	[5 5]
820	2	[0 8]
387
551
252	2	[2 5]
237	2	[3 7]
744
443
275	2	[5 7]
682	2	[6 8]
571
069
151
661
491
000
706
898
235	2	[3 5]
201	2	[0 1]
260	2	[0 6]
367
696
798
481
853
127	2	[1 7]
392	2	[3 9]
722	2	[2 7]
805
264	2	[4 6]
324	2	[3 4]
915
139
170
335
313
480
497
580
711
860
972	2	[7 9]
631
986
944
478
447
825	2	[5 8]
871
664
518
171
679
995
159
214	2	[1 4]
923	2	[3 9]
511
338
008
884
933
469
637
001
838
459
133
733
235	2	[3 5]
175
160
495
748
563
713
519
859
947
130
359
384
849
111
639
062	2	[0 6]
369
191
124	2	[1 4]
908
583
646
183
825	2	[5 8]
956
862	2	[6 8]
734
213	2	[1 3]
397
042	2	[0 4]
372	2	[3 7]
446
910
971
859
584
823	2	[3 8]
986
657
798
636
305
845
939
886
936
426	2	[4 6]
307
684
543
194
001
480
215	2	[1 5]
743
445
132	2	[1 3]
618
394
626	2	[6 6]
507
074
318
711
051
601
879
860
155
106
980
046
847
217	2	[1 7]
379
038
867
096
160
874
257	2	[5 7]
079
936
609
272	2	[2 7]
676
654
255	2	[5 5]
099
528	2	[5 8]
199
580
283	2	[3 8]
124	2	[1 4]
463
047
853
856
750
989
173
889
654
296	2	[6 9]
721	2	[1 7]
969
717
197
582	2	[5 8]
418
138
204	2	[0 4]
187
657
757
761
745
845
708
875
035
977
737
879
160
221	2	[1 2]
204	2	[0 4]
449
282	2	[2 8]
137
211	2	[1 1]
731
802	2	[0 8]
871
276	2	[6 7]
709
389
775
699
273	2	[3 7]
824	2	[4 8]
440
676
389
021	2	[0 1]
343
706
200	2	[0 0]
366
264	2	[4 6]
407
925	2	[5 9]
949
434
182	2	[1 8]
709
426	2	[4 6]
043
862	2	[6 8]
103
697
386
126	2	[1 6]
427	2	[4 7]
031
224	2	[2 4]
986
638
108
776
249	2	[4 9]
314
448
615
519
389
826	2	[6 8]
852	2	[5 8]
113
425	2	[4 5]
520	2	[0 5]
996
157
786
414
944
176
538
711
982	2	[8 9]
837
690
657
864
098
061
041
969
925	2	[5 9]
247	2	[4 7]
941
492	2	[4 9]
050
744
475
806
525	2	[5 5]
737
563
332	2	[3 3]
658
076
948
317
658
248	2	[4 8]
458
060
603
672	2	[6 7]
529	2	[5 9]
584
487
255	2	[5 5]
063
749
993
354
048
616
282	2	[2 8]
885
057
968
481
191
905
756
437
025	2	[0 5]
245	2	[4 5]
822	2	[2 8]
009
915
684
699
587
032	2	[0 3]
064
975
292	2	[2 9]
399
047
051
251	2	[1 5]
229	2	[2 9]
389
943
542	2	[4 5]
405
510
185
861
415
097
952	2	[5 9]
447
078
433
325	2	[3 5]
184
608
552	2	[5 5]
873
744
463
912	2	[1 9]
835
757
345
357
288	2	[8 8]
066
860
235	2	[3 5]
662	2	[6 6]
066
514
705
245	2	[4 5]
816
658
012	2	[0 1]
875
178
429	2	[4 9]
049
845
324	2	[3 4]
547
847
953
099
523	2	[3 5]
678
724	2	[4 7]
103
497
193
560
562	2	[5 6]
785
886
283	2	[3 8]
334
545
932	2	[3 9]
226	2	[2 6]
106
800
443
481
314
987
650
312	2	[1 3]
767
974
193
226	2	[2 6]
082	2	[0 8]
564
810
964
847
898
452	2	[4 5]
607
346
866
256	2	[5 6]
147
039
418
755
306
714
407
011
297	2	[7 9]
452	2	[4 5]
684
429	2	[4 9]
558
378
818
419
798
676
189
346
616
591
678
203	2	[0 3]
034
248	2	[4 8]
023	2	[0 3]
142	2	[1 4]
131
192	2	[1 9]
281	2	[1 8]
428	2	[4 8]
720	2	[0 7]
326	2	[3 6]
220	2	[0 2]
744
113
209	2	[0 9]
812	2	[1 8]
568
328	2	[3 8]
200	2	[0 0]
704
763
847
368
130
271	2	[1 7]
837
618
598
611
267	2	[6 7]
325	2	[3 5]
665
091
303
807
420	2	[0 4]
607
023	2	[0 3]
411
021	2	[0 1]
006
597
471
218	2	[1 8]
528	2	[5 8]
286	2	[6 8]
595
889
959
586
055
865
322	2	[2 3]
464
780
943
104
780
863
206	2	[0 6]
356
998
856
291	2	[1 9]
106
322	2	[2 3]
477
358
932	2	[3 9]
699
850
794
130
153
459
918
062	2	[0 6]
603
925	2	[5 9]
134
538
608
451
157
607
923	2	[3 9]
489
989
715
182	2	[1 8]
320	2	[0 3]
460
230	2	[0 3]
557
441
052	2	[0 5]
209	2	[0 9]
944
791
418
062	2	[0 6]
969
989
453
791
269	2	[6 9]
615
605
284	2	[4 8]
586
104
103
486
014
153
077
818
107
774
169
081
720	2	[0 7]
513
389
613
363
624	2	[4 6]
277	2	[7 7]
860
994
330
481
380
826	2	[6 8]
752	2	[5 7]
030
649
433
638
261	2	[1 6]
213	2	[1 3]
471
858
778
644
081
835
119
947
055
893
769
218	2	[1 8]
161
921	2	[1 9]
651
982	2	[8 9]
432	2	[3 4]
858
138
723	2	[3 7]
808
205	2	[0 5]
207	2	[0 7]
884
973
325	2	[3 5]
143
398
672	2	[6 7]
698
232	2	[2 3]
256	2	[5 6]
924	2	[4 9]
039
270	2	[0 7]
971
623	2	[3 6]
264	2	[4 6]
615
480
108
666
768
245	2	[4 5]
703
368
677
482	2	[4 8]
386
225	2	[2 5]
221	2	[1 2]
312	2	[1 3]
352	2	[3 5]
433
743
623	2	[3 6]
606
943
444
675
187
830
662	2	[6 6]
654
588
558
249	2	[4 9]
966
115
776
496
183
508
309
791
475
511
396
099
708
590
498
980
941
528	2	[5 8]
936
954
832	2	[3 8]
230	2	[0 3]
968
793
868
369
807
294	2	[4 9]
049
944
998
690
133
956
959
530
314
842	2	[4 8]
317
421	2	[1 4]
037
715
128	2	[1 8]
933
119
550
096
260	2	[0 6]
232	2	[2 3]
941
553
606
876
891
864
889
070
420	2	[0 4]
225	2	[2 5]
880
936
958
714
010
919
333
885
074
171
343
184
244	2	[4 4]
627	2	[6 7]
742	2	[4 7]
134
324	2	[3 4]
710
913
352	2	[3 5]
455
532	2	[3 5]
804
928	2	[8 9]
506
910
492	2	[4 9]
116
222	2	[2 2]
873
860
546
067
553
233	2	[3 3]
496
312	2	[1 3]
082	2	[0 8]
781
266	2	[6 6]
713
865
927	2	[7 9]
504
657
083
716
610
631
771
399
659
263	2	[3 6]
948
480
639
220	2	[0 2]
364
916
230	2	[0 3]
421	2	[1 4]
483
611
177
313
769
605
738
668
647
429	2	[4 9]
489
086
053
116
707
148
100
101
833
096
475
502	2	[0 5]
802	2	[0 8]
291	2	[1 9]
816
998
113
450
580
419
425	2	[4 5]
257	2	[5 7]
249	2	[4 9]
701
736
075
664
759
693
223	2	[2 3]
128	2	[1 8]
004
748
524	2	[4 5]
778
532	2	[3 5]
313
111
392	2	[3 9]
996
037
865
462	2	[4 6]
338
526	2	[5 6]
360
040
666
116
881
116
804
279	2	[7 9]
150
615
565
083
417
212	2	[1 2]
790
039
895
642	2	[4 6]
342	2	[3 4]
252	2	[2 5]
612	2	[1 6]
716
273	2	[3 7]
825	2	[5 8]
077
789
611
507
168
708
703
863
144
013
320	2	[0 3]
957
861
999
159
404
742	2	[4 7]
958
063
528	2	[5 8]
753
479
619
254	2	[4 5]
150
091
200	2	[0 0]
288	2	[8 8]
703
046
478
541
108
143
361
636
972	2	[7 9]
890
590
376
654
656
817
933
303
730
821	2	[1 8]
442	2	[4 4]
540
735
814
563
605
074
232	2	[2 3]
371
691
439
530
745
845
699
792	2	[7 9]
111
635
246	2	[4 6]
173
574
321	2	[1 3]
800
271	2	[1 7]
126	2	[1 6]
111
184
151
019
262	2	[2 6]
308
889
360
662	2	[6 6]
597
181
573
360
521	2	[1 5]
449
716
884
203	2	[0 3]
221	2	[1 2]
401
051
953
161
290	2	[0 9]
367
187
072	2	[0 7]
655
197
309
553
580
384
634
197
206	2	[0 6]
753
914
064
918
435
671
302	2	[0 3]
850
486
348
075
526	2	[5 6]
445
760
777
395
542	2	[4 5]
276	2	[6 7]
629	2	[6 9]
529	2	[5 9]
118
409
288	2	[8 8]
372	2	[3 7]
565
261	2	[1 6]
789
320	2	[0 3]
367
975
301
593
106
043
120	2	[0 1]
816
962	2	[6 9]
967
571
704
710
008
004
286	2	[6 8]
556
581
674
203	2	[0 3]
200	2	[0 0]
527	2	[5 7]
541
883
679
441
931
905
327	2	[3 7]
691
104
621	2	[1 6]
324	2	[3 4]
039
971
027	2	[0 7]
301
797
476
307
033
867
768
550
205	2	[0 5]
023	2	[0 3]
344
729	2	[7 9]
739
212	2	[1 2]
390
350
200	2	[0 0]
511
741
222	2	[2 2]
941
841
823	2	[3 8]
301
151
805
908
755
067
905
720	2	[0 7]
211	2	[1 1]
534
241	2	[1 4]
539
150
079
811
658
753
595
613
883
174
954
751
414
961
381
393
710
608
985
211	2	[1 1]
392	2	[3 9]
555
255	2	[5 5]
315
950
431
230	2	[0 3]
067
842	2	[4 8]
438
976
217	2	[1 7]
668
988
202	2	[0 2]
688
428	2	[4 8]
014
508
589
518
282	2	[2 8]
374
928	2	[8 9]
761
676
873
559
374
616
173
224	2	[2 4]
993
125	2	[1 5]
627	2	[6 7]
786
536
832	2	[3 8]
994
026	2	[0 6]
657
606
814
327	2	[3 7]
492	2	[4 9]
668
252	2	[2 5]
735
303
809
750
200	2	[0 0]
022	2	[0 2]
219	2	[1 9]
466
643
709
590
783
951
684
304
968
058
426	2	[4 6]
148
847
500
928	2	[8 9]
878
384
462	2	[4 6]
244	2	[4 4]
726	2	[6 7]
472	2	[4 7]
317
756
635
273	2	[3 7]
918
836
983
399
079
674
581
063
784
620	2	[0 6]
530
612	2	[1 6]
707
354
169
362	2	[3 6]
738
415
246	2	[4 6]
246	2	[4 6]
923	2	[3 9]
787
939
983
957
903
870
710
068
673
076
889
315
349
101
774
183
229	2	[2 9]
630
581
964
322	2	[2 3]
588
738
399
331
172	2	[1 7]
549
222	2	[2 2]
750
197
144
723	2	[3 7]
653
558
624	2	[4 6]
034
385
805
422	2	[2 4]
726	2	[6 7]
748
551
976
251	2	[1 5]
956
975
183
994
408
782	2	[7 8]
117
598
154
514
538
898
501
381
997
081
999
040
458
896
543
371
034
452	2	[4 5]
014
993
193
481
636
065
441
526	2	[5 6]
831
623	2	[3 6]
659
073
858
385
193
953
604
937
972	2	[7 9]
223	2	[2 3]
191
448
106
925	2	[5 9]
013
229	2	[2 9]
921	2	[1 9]
968
164
203	2	[0 3]
549
345
351
016
232	2	[2 3]
885
691
824	2	[4 8]
346
976
073
717
470
685
636
683
927	2	[7 9]
437
510
248	2	[4 8]
326	2	[3 6]
528	2	[5 8]
729	2	[7 9]
070
729	2	[7 9]
487
344
062	2	[0 6]
181
343
619
824	2	[4 8]
182	2	[1 8]
518
331
138
342	2	[3 4]
617
325	2	[3 5]
243	2	[3 4]
587
526	2	[5 6]
663
755
486
178
086
761
075
037
706
503
198
407
713
773
552	2	[5 5]
003
950
910
773
309
868
375
247	2	[4 7]
686
383
169
800
128	2	[1 8]
675
540
138
074
283	2	[3 8]
627	2	[6 7]
815
989
344
185
078
229	2	[2 9]
800
849
151
983
638
014
865
285	2	[5 8]
975
552	2	[5 5]
791
261	2	[1 6]
883
866
160
726	2	[6 7]
433
165
870
205	2	[0 5]
778
601
500
110
417
981
923	2	[3 9]
779
063
091
043
011
795
823	2	[3 8]
163
005
869
763
525	2	[5 5]
270	2	[0 7]
818
109
618
453
835
374
363
980
919
020	2	[0 0]
034
500
452	2	[4 5]
270	2	[0 7]
150
428	2	[4 8]
894
098
178
732	2	[3 7]
918
542	2	[4 5]
352	2	[3 5]
878
863
758
666
357
661
585
322	2	[2 3]
419
224	2	[2 4]
377
628	2	[6 8]
575
863
373
509
755
458
282	2	[2 8]
393
978
292	2	[2 9]
123	2	[1 3]
610
573
880
529	2	[5 9]
589
536
332	2	[3 3]
322	2	[2 3]
879
367
561
712	2	[1 7]
297	2	[7 9]
519
602	2	[0 6]
878
250	2	[0 5]
869
822	2	[2 8]
304
368
285	2	[5 8]
330
515
491
476
278	2	[7 8]
996
862	2	[6 8]
225	2	[2 5]
595
057
104
680
294	2	[4 9]
192	2	[1 9]
461
752	2	[5 7]
961
092	2	[0 9]
502	2	[0 5]
018
353
074
880
818
505
859
137
952	2	[5 9]
396
483
106
005
871
689
283	2	[3 8]
064
727	2	[7 7]
361
084
349
134
882	2	[8 8]
702	2	[0 7]
981
713
669
654
634
293	2	[3 9]
878
772	2	[7 7]
039
930
636
752	2	[5 7]
590
270	2	[0 7]
484
773
892	2	[8 9]
822	2	[2 8]
664
932	2	[3 9]
869
844
651
601
407
563
628	2	[6 8]
860
231	2	[1 3]
291	2	[1 9]
231	2	[1 3]
960
410
657
947
110
304
145
142	2	[1 4]
664
315
471
018
562	2	[5 6]
994
362	2	[3 6]
342	2	[3 4]
866
875
357
048
706
197
545
945
718
205	2	[0 5]
176
603
302	2	[0 3]
466
015
001
978
585
300
919
887
216	2	[1 6]
632	2	[3 6]
920	2	[0 9]
253	2	[3 5]
880
325	2	[3 5]
363
910
191
558
997
786
593
866
541
210	2	[0 1]
277	2	[7 7]
802	2	[0 8]
828	2	[8 8]
330
105
647
953
651
766
685
131
362	2	[3 6]
504
533
464
171
279	2	[7 9]
043
664
138
516
471
424	2	[4 4]
143
652	2	[5 6]
997
005
357
749
550
117
819
847
553
715
588
297	2	[7 9]
555
650
368
715
597
661
255	2	[5 5]
225	2	[2 5]
008
326	2	[3 6]
924	2	[4 9]
086
691
984
886
581
838
656
556
984
222	2	[2 2]
288	2	[8 8]
579
188
242	2	[2 4]
220	2	[0 2]
772	2	[7 7]
161
683
086
426	2	[4 6]
207	2	[0 7]
723	2	[3 7]
725	2	[5 7]
333
824	2	[4 8]
442	2	[4 4]
196
380
524	2	[4 5]
173
047
249	2	[4 9]
542	2	[4 5]
737
983
391
401
708
782	2	[7 8]
290	2	[0 9]
275	2	[5 7]
443
100
137
482	2	[4 8]
221	2	[1 2]
484
972	2	[7 9]
243	2	[3 4]
118
094
208	2	[0 8]
502	2	[0 5]
961
308
551
018
124	2	[1 4]
902	2	[0 9]
166
977
158
693
625	2	[5 6]
649
328	2	[3 8]
066
602	2	[0 6]
184
787
601
789
860
396
943
155
771
856
569
168
063
278	2	[7 8]
269	2	[6 9]
869
942	2	[4 9]
907
677
278	2	[7 8]
809
816
270	2	[0 7]
914
039
211	2	[1 1]
021	2	[0 1]
645
188
035
104
217	2	[1 7]
847
874
459
925	2	[5 9]
638
989
119
973
915
353
398
986
196
569
610
708
530
880
350
760
133
954
028	2	[0 8]
127	2	[1 7]
107
300
737
240	2	[0 4]
140
533
369
598
327	2	[3 7]
101
684
913
822	2	[2 8]
623	2	[3 6]
709
647
511
678
312	2	[1 3]
498
802	2	[0 8]
841
605
350
481
389
766
416
883
335
195
890
903
771
641
556
033
290	2	[0 9]
466
971
596
202	2	[0 2]
459
961
855
086
508
075
708
527	2	[5 7]
075
371
345
125	2	[1 5]
669
221	2	[1 2]
671
960
049
154
715
648
372	2	[3 7]
720	2	[0 7]
908
405
704
702	2	[0 7]
808
541
737
461
226	2	[2 6]
111
614
114
479
855
270	2	[0 7]
291	2	[1 9]
942	2	[4 9]
553
839
651
807
304
886
930
188
776
621	2	[1 6]
629	2	[6 9]
671
188
790
315
773
172	2	[1 7]
736
975
804
279	2	[7 9]
847
596
993
031
960
350
018
547
388
378
769
823	2	[3 8]
888
580
116
215	2	[1 5]
299	2	[9 9]
547
193
020	2	[0 0]
174
250	2	[0 5]
284	2	[4 8]
012	2	[0 1]
138
162	2	[1 6]
807
151
197
231	2	[1 3]
468
718
224	2	[2 4]
034
185
496
339
542	2	[4 5]
589
558
338
876
433
346
775
144
665
111
473
048
266	2	[6 6]
813
212	2	[1 2]
446
699
618
811
393
178
091
910
961
216	2	[1 6]
157
191
631
207	2	[0 7]
113
466
755
853
966
815
910
134
631
112	2	[1 1]
054
484
219	2	[1 9]
646
135
885
374
605
093
583
403
946
276	2	[6 7]
588
014
577
282	2	[2 8]
068
705
311
134
246	2	[4 6]
156
002	2	[0 0]
225	2	[2 5]
039
118
023	2	[0 3]
494
918
440
780
532	2	[3 5]
762	2	[6 7]
123	2	[1 3]
144
740
492	2	[4 9]
846
876
826	2	[6 8]
844
830
064
805
910
397
374
745
661
204	2	[0 4]
392	2	[3 9]
204	2	[0 4]
715
094
028	2	[0 8]
482	2	[4 8]
809
707
323	2	[3 3]
282	2	[2 8]
818
287	2	[7 8]
139
254	2	[4 5]
884
149
625	2	[5 6]
275	2	[5 7]
676
949
628	2	[6 8]
819
362	2	[3 6]
843
548
152	2	[1 5]
840
324	2	[3 4]
647
659
765
222	2	[2 2]
489
375
929	2	[9 9]
747
321	2	[1 3]
613
774
606
556
960
396
201	2	[0 1]
833
363
214	2	[1 4]
776
786
163
827	2	[7 8]
614
023	2	[0 3]
684
662	2	[6 6]
238	2	[3 8]
186
652	2	[5 6]
096
760
740
235	2	[3 5]
451
682	2	[6 8]
375
532	2	[3 5]
287	2	[7 8]
044
289	2	[8 9]
111
210	2	[0 1]
561
390
780
499
257	2	[5 7]
374
120	2	[0 1]
270	2	[0 7]
437
820	2	[0 8]
214	2	[1 4]
732	2	[3 7]
645
059
569
601
510
519
325	2	[3 5]
881
724	2	[4 7]
197
564
950
641
957
044
251	2	[1 5]
715
203	2	[0 3]
525	2	[5 5]
709
320	2	[0 3]
807
814
511
796
940
753
234	2	[3 4]
724	2	[4 7]
524	2	[4 5]
833
509
128	2	[1 8]
698
204	2	[0 4]
090
772	2	[7 7]
241	2	[1 4]
949
854
915
715
910
314
488
605
154
677
429	2	[4 9]
885
471
847
212	2	[1 2]
219	2	[1 9]
348
505
832	2	[3 8]
904
896
751
633
606
165
190
523	2	[3 5]
166
667
616
014
988
502	2	[0 5]
918
153
676
217	2	[1 7]
252	2	[2 5]
084
569
827	2	[7 8]
240	2	[0 4]
280	2	[0 8]
905
098
341
552	2	[5 5]
657
023	2	[0 3]
966
738
008
615
993
871
952	2	[5 9]
816
536
626	2	[6 6]
834
830
809
862	2	[6 8]
502	2	[0 5]
989
251	2	[1 5]
051
025	2	[0 5]
205	2	[0 5]
992	2	[9 9]
492	2	[4 9]
294	2	[4 9]
097
613
008
894
635
808
419
512	2	[1 5]
081
111
098
793
408
225	2	[2 5]
597
501
745
618
771
469
935
032	2	[0 3]
652	2	[5 6]
060
805
547
103
386
752	2	[5 7]
266	2	[6 6]
891
801
734
754
474
888
360
138
882	2	[8 8]
076
072	2	[0 7]
477
669
233	2	[3 3]
580
669
721	2	[1 7]
559
226	2	[2 6]
081
900
206	2	[0 6]
421	2	[1 4]
902	2	[0 9]
932	2	[3 9]
218	2	[1 8]
783
907
873
910
413
523	2	[3 5]
141
564
133
783
011
687
189
622	2	[2 6]
566
862	2	[6 8]
428	2	[4 8]
309
201	2	[0 1]
322	2	[2 3]
925	2	[5 9]
085
178
857
461
495
219	2	[1 9]
593
129	2	[1 9]
009
454
271	2	[1 7]
544
099
220	2	[0 2]
032	2	[0 3]
086
208	2	[0 8]
341
377
666
997
341
067
914
631
623	2	[3 6]
803
095
509
898
082	2	[0 8]
581
348
734
472	2	[4 7]
797
817
454
353
636
169
068
012	2	[0 1]
966
673
082	2	[0 8]
579
883
180
001
613
940
511
149
020	2	[0 0]
651
592	2	[5 9]
164
769
868
437
936
759
094
777
031
696
386
507
705
910
941
105
614
022	2	[0 2]
376
539
434
894
873
272	2	[2 7]
079
587
157
420	2	[0 4]
845
987
063
799
487
594
709
314
297	2	[7 9]
402	2	[0 4]
245	2	[4 5]
747
717
944
529	2	[5 9]
025	2	[0 5]
613
634
455
914
283	2	[3 8]
460
221	2	[1 2]
272	2	[2 7]
215	2	[1 5]
376
282	2	[2 8]
089
292	2	[2 9]
915
526	2	[5 6]
110
727	2	[7 7]
833
201	2	[0 1]
021	2	[0 1]
555
828	2	[8 8]
449
231	2	[1 3]
533
279	2	[7 9]
377
251	2	[1 5]
823	2	[3 8]
062	2	[0 6]
630
611
059
719
191
091
907
392	2	[3 9]
610
103
150
582	2	[5 8]
427	2	[4 7]
824	2	[4 8]
795
747
131
053
843
491
462	2	[4 6]
196
398
551
392	2	[3 9]
012	2	[0 1]
723	2	[3 7]
816
224	2	[2 4]
532	2	[3 5]
034
958
487
188
319
019
429	2	[4 9]
931
424	2	[4 4]
988
522	2	[2 5]
327	2	[3 7]
163
863
938
539
913
847
541
918
009
141
138
764
579
765
211	2	[1 1]
377
204	2	[0 4]
466
747
241	2	[1 4]
443
008
690
682	2	[6 8]
401
359
436
121	2	[1 1]
451
360
245	2	[4 5]
912	2	[1 9]
588
140
424	2	[4 4]
574
359
524	2	[4 5]
782	2	[7 8]
016
487
998
931
832	2	[3 8]
894
009
409
814
195
156
516
958
824	2	[4 8]
707
412	2	[1 4]
506
437
613
009
132	2	[1 3]
308
026	2	[0 6]
788
617
207	2	[0 7]
020	2	[0 0]
463
146
073
213	2	[1 3]
798
641
897
260	2	[0 6]
040
588
539
441
195
708
060
779
996
121	2	[1 1]
093
120	2	[0 1]
600
824	2	[4 8]
127	2	[1 7]
514
358
045
394
429	2	[4 9]
873
881
887
370
192	2	[1 9]
382	2	[3 8]
912	2	[1 9]
648
031
010
262	2	[2 6]
318
452	2	[4 5]
494
817
452	2	[4 5]
938
034
895
909
401
205	2	[0 5]
687
985
590
677
112	2	[1 1]
116
191
352	2	[3 5]
825	2	[5 8]
018
130
193
892	2	[8 9]
451
766
538
598
229	2	[2 9]
986
083
587
516
540
156
436
587
733
840
506
145
714
689
192	2	[1 9]
363
298	2	[8 9]
325	2	[3 5]
079
778
651
329	2	[3 9]
995
822	2	[2 8]
877
846
088
490
627	2	[6 7]
095
944
027	2	[0 7]
932	2	[3 9]
914
439
704
633
866
524	2	[4 5]
839
048
517
992	2	[9 9]
357
330
719
359
799
648
818
517
784
938
647
083
788
407
087
268	2	[6 8]
098
330
546
479
068
679
188
087
207	2	[0 7]
247	2	[4 7]
451
691
725	2	[5 7]
844
776
546
854
361
309
012	2	[0 1]
626	2	[6 6]
960
096
850
611
111
851
423	2	[3 4]
106
586
983
999
758
427	2	[4 7]
830
803
972	2	[7 9]
660
580
901
472	2	[4 7]
602	2	[0 6]
741
005
932	2	[3 9]
577
864
206	2	[0 6]
746
906
495
516
690
840
782	2	[7 8]
286	2	[6 8]
892	2	[8 9]
761
077
439
624	2	[4 6]
778
628	2	[6 8]
404
206	2	[0 6]
666
242	2	[2 4]
258	2	[5 8]
896
472	2	[4 7]
291	2	[1 9]
380
423	2	[3 4]
307
562	2	[5 6]
610
326	2	[3 6]
036
729	2	[7 9]
896
711
553
916
654
723	2	[3 7]
996
974
248	2	[4 8]
932	2	[3 9]
846
976
879
453
530
545
208	2	[0 8]
458
738
154
600
594
254	2	[4 5]
709
954
029	2	[0 9]
816
530
460
832	2	[3 8]
067
022	2	[0 2]
846
418
756
994
000
854
916
603
831
285	2	[5 8]
531
917
626	2	[6 6]
819
806
704
708
758
694
535
618
389
835
422	2	[2 4]
872	2	[7 8]
702	2	[0 7]
495
209	2	[0 9]
477
693
705
395
260	2	[0 6]
578
349
887
263	2	[3 6]
191
951
468
516
222	2	[2 2]
081
167
130
633
575
882	2	[8 8]
404
734
711
487
302	2	[0 3]
617
733
278	2	[7 8]
416
132	2	[1 3]
650
629	2	[6 9]
165
915
414
138
363
975
280	2	[0 8]
103
251	2	[1 5]
491
735
819
445
635
131
929	2	[9 9]
343
539
609
622	2	[2 6]
803
307
747
089
243	2	[3 4]
553
651
871
963
454
321	2	[1 3]
541
564
744
332	2	[3 3]
801
636
664
329	2	[3 9]
240	2	[0 4]
467
125	2	[1 5]
549
754
991
284	2	[4 8]
119
990
947
644
196
433
206	2	[0 6]
685
871
915
788
531
909
921	2	[1 9]
351
070
641
627	2	[6 7]
068
659
936
495
457
034
399
390
493
057
327	2	[3 7]
206	2	[0 6]
720	2	[0 7]
990
468
022	2	[0 2]
495
533
090
171
994
316
015
287	2	[7 8]
300
219	2	[1 9]
341
618
635
526	2	[5 6]
375
257	2	[5 7]
904
225	2	[2 5]
805
421	2	[1 4]
166
561
682	2	[6 8]
282	2	[2 8]
855
199
146
284	2	[4 8]
359
733
329	2	[3 9]
867
116
746
008
103
369
789
708
797
517
222	2	[2 2]
416
198
128	2	[1 8]
212	2	[1 2]
735
639
659
959
558
974
435
520	2	[0 5]
295	2	[5 9]
275	2	[5 7]
989
938
784
278	2	[7 8]
240	2	[0 4]
405
511
562	2	[5 6]
749
726	2	[6 7]
114
682	2	[6 8]
881
474
875
013
932	2	[3 9]
512	2	[1 5]
035
064
911
522	2	[2 5]
552	2	[5 5]
281	2	[1 8]
553
020	2	[0 0]
803
469
605
556
278	2	[7 8]
867
142	2	[1 4]
779
574
698
180
991
206	2	[0 6]
765
829	2	[8 9]
176
186
323	2	[3 3]
032	2	[0 3]
626	2	[6 6]
417
817
729	2	[7 9]
977
067
046
600
275	2	[5 7]
703
925	2	[5 9]
119
371
245	2	[4 5]
022	2	[0 2]
337
693
321	2	[1 3]
520	2	[0 5]
355
797
170
768
484
657
232	2	[2 3]
017
344
780
894
127	2	[1 7]
009
191
435
742	2	[4 7]
283	2	[3 8]
632	2	[3 6]
599
757
971
733
480
729	2	[7 9]
477
982	2	[8 9]
415
809
170
740
518
002	2	[0 0]
371
521	2	[1 5]
167
518
398
582	2	[5 8]
432	2	[3 4]
793
897
180
834
839
471
342	2	[3 4]
678
072	2	[0 7]
629	2	[6 9]
266	2	[6 6]
237	2	[3 7]
056
926	2	[6 9]
067
882	2	[8 8]
307
778
936
503
100
766
797
062	2	[0 6]
218	2	[1 8]
791
339
547
858
065
886
386
378
243	2	[3 4]
519
177
814
047
779
401
709
800
023	2	[0 3]
237	2	[3 7]
297	2	[7 9]
325	2	[3 5]
915
559
393
503
231	2	[1 3]
178
370
930
670
923	2	[3 9]
130
370
230	2	[0 3]
767
415
275	2	[5 7]
407
238	2	[3 8]
110
001
683
873
019
170
974
299	2	[9 9]
228	2	[2 8]
860
211	2	[1 1]
736
370
562	2	[5 6]
769
986
454
059
341
672	2	[6 7]
739
542	2	[4 5]
658
716
433
985
301
452	2	[4 5]
368
857
176
191
348
334
882	2	[8 8]
714
405
986
396
887
262	2	[2 6]
692	2	[6 9]
806
473
087
534
782	2	[7 8]
983
111
837
072	2	[0 7]
174
688
503
255	2	[5 5]
862	2	[6 8]
996
433
633
531
925	2	[5 9]
697
774
373
359
235	2	[3 5]
838
288	2	[8 8]
831
801
883
740
990
128	2	[1 8]
179
672	2	[6 7]
626	2	[6 6]
710
471
245	2	[4 5]
593
554
133
366
911
318
623	2	[3 6]
472	2	[4 7]
906
595
161
461
913
607
250	2	[0 5]
641
160
745
545
972	2	[7 9]
923	2	[3 9]
606
874
735
990
333
045
107
534
112	2	[1 1]
172	2	[1 7]
858
446
529	2	[5 9]
449
336
077
231	2	[1 3]
317
736
424	2	[4 4]
396
312	2	[1 3]
804
208	2	[0 8]
532	2	[3 5]
299	2	[9 9]
470
509
128	2	[1 8]
280	2	[0 8]
271	2	[1 7]
918
845
351
003
478
922	2	[2 9]
907
752	2	[5 7]
039
871
423	2	[3 4]
896
060
498
442	2	[4 4]
058
081
446
786
841
491
527	2	[5 7]
014
377
375
324	2	[3 4]
273	2	[3 7]
574
175
746
123	2	[1 3]
009
220	2	[0 2]
172	2	[1 7]
260	2	[0 6]
095
030
120	2	[0 1]
557
704
968
023	2	[0 3]
222	2	[2 2]
211	2	[1 1]
785
072	2	[0 7]
634
351
171
769
746
613
724	2	[4 7]
449
683
321	2	[1 3]
619
015
451
751
537
997
196
047
423	2	[3 4]
451
242	2	[2 4]
007
635
550
448
314
009
423	2	[3 4]
171
509
222	2	[2 2]
895
088
456
211	2	[1 1]
006
505
737
791
670
030
996
325	2	[3 5]
614
547
760
619
077
795
266	2	[6 6]
631
701
861
654
018
824	2	[4 8]
236	2	[3 6]
257	2	[5 7]
150
747
116
227	2	[2 7]
905
146
173
462	2	[4 6]
040
451
266	2	[6 6]
899
512	2	[1 5]
335
971
103
947
216	2	[1 6]
203	2	[0 3]
390
301
351
045
029	2	[0 9]
384
447
959
533
427	2	[4 7]
866
672	2	[6 7]
194
608
256	2	[5 6]
853
510
464
364
748
381
437
159
896
103
888
603
373
163
520	2	[0 5]
283	2	[3 8]
218	2	[1 8]
946
529	2	[5 9]
192	2	[1 9]
925	2	[5 9]
138
950
312	2	[1 3]
797
215	2	[1 5]
029	2	[0 9]
399
809
177
755
863
036
566
436
187
077
308
675
706
583
609
669
806
723	2	[3 7]
805
509
207	2	[0 7]
231	2	[1 3]
481
320	2	[0 3]
159
347
369
663
074
754
493
113
468
927	2	[7 9]
716
465
912	2	[1 9]
219	2	[1 9]
251	2	[1 5]
259	2	[5 9]
287	2	[7 8]
470
351
720	2	[0 7]
903
351
366
349
099
573
492	2	[4 9]
110
718
168
576
646
101
952	2	[5 9]
653
794
399
442	2	[4 4]
187
387
316
639
336
677
886
949
546
887
239	2	[3 9]
023	2	[0 3]
918
094
283	2	[3 8]
070
185
544
676
193
088
630
106
567
006
512	2	[1 5]
250	2	[0 5]
318
765
076
629	2	[6 9]
550
879
329	2	[3 9]
262	2	[2 6]
029	2	[0 9]
913
586
819
576
059
757
303
805
860
486
466
686
126	2	[1 6]
671
850
006
525	2	[5 5]
242	2	[2 4]
486
281	2	[1 8]
408
676
947
746
656
837
295	2	[5 9]
013
452	2	[4 5]
872	2	[7 8]
897
223	2	[2 3]
445
685
225	2	[2 5]
099
828	2	[8 8]
630
862	2	[6 8]
452	2	[4 5]
826	2	[6 8]
698
308
999
494
354
611
153
008
462	2	[4 6]
052	2	[0 5]
121	2	[1 1]
306
525	2	[5 5]
471
398
577
418
125	2	[1 5]
881
269	2	[6 9]
438
056
598
374
476
072	2	[0 7]
879
152	2	[1 5]
481
556
468
785
721	2	[1 7]
727	2	[7 7]
965
524	2	[4 5]
126	2	[1 6]
733
681
475
278	2	[7 8]
175
147
911
928	2	[8 9]
429	2	[4 9]
448
021	2	[0 1]
507
913
372	2	[3 7]
705
126	2	[1 6]
789
258	2	[5 8]
632	2	[3 6]
403
279	2	[7 9]
911
109
762	2	[6 7]
932	2	[3 9]
276	2	[6 7]
885
976
861
321	2	[1 3]
364
427	2	[4 7]
108
894
008
365
220	2	[0 2]
247	2	[4 7]
945
358
282	2	[2 8]
682	2	[6 8]
003
366
506
111
149
044
863
995
479
237	2	[3 7]
907
658
621	2	[1 6]
421	2	[1 4]
545
059
622	2	[2 6]
150
048
544
407
814
029	2	[0 9]
416
049
223	2	[2 3]
525	2	[5 5]
873
940
272	2	[2 7]
509
537
169
838
691
421	2	[1 4]
667
830
277	2	[7 7]
143
475
055
503
334
021	2	[0 1]
043
076
282	2	[2 8]
515
713
601
642	2	[4 6]
640
404
871
808
229	2	[2 9]
942	2	[4 9]
227	2	[2 7]
620	2	[0 6]
047
678
744
028	2	[0 8]
031
890
197
704
003
725	2	[5 7]
922	2	[2 9]
170
580
588
285	2	[5 8]
632	2	[3 6]
087
488
502	2	[0 5]
425	2	[4 5]
113
192	2	[1 9]
112	2	[1 1]
037
900
227	2	[2 7]
854
210	2	[0 1]
061
286	2	[6 8]
121	2	[1 1]
592	2	[5 9]
248	2	[4 8]
807
495
830
044
557
250	2	[0 5]
961
709
747
889
017
747
652	2	[5 6]
339
323	2	[3 3]
936
696
381
382	2	[3 8]
347
369
147
345
696
122	2	[1 2]
187
971
895
384
775
889
414
703
508
661
690
552	2	[5 5]
229	2	[2 9]
824	2	[4 8]
893
955
609
979
538
721	2	[1 7]
958
895
202	2	[0 2]
629	2	[6 9]
089
053
290	2	[0 9]
999
973
934
356
148
963
953
731
233	2	[3 3]
246	2	[4 6]
746
850
410
133
931
436
868
444
017
747
522	2	[2 5]
160
048
870
013
799
641
835
354
952	2	[5 9]
406
943
154
021	2	[0 1]
179
462	2	[4 6]
580
381
771
574
663
023	2	[0 3]
463
906
773
640
579
357
736
084
847
647
687
840
498
002	2	[0 0]
150
183
402	2	[0 4]
727	2	[7 7]
794
121	2	[1 1]
975
744
086
919
147
022	2	[0 2]
349
077
743
203	2	[0 3]
983
678
711
779
441
854
214	2	[1 4]
678
206	2	[0 6]
502	2	[0 5]
088
088
520	2	[0 5]
832	2	[3 8]
618
650
205	2	[0 5]
623	2	[3 6]
232	2	[2 3]
856
297	2	[7 9]
946
894
224	2	[2 4]
993
064
242	2	[2 4]
447
629	2	[6 9]
172	2	[1 7]
730
239	2	[3 9]
375
453
467
421	2	[1 4]
619
683
502	2	[0 5]
586
308
891
627	2	[6 7]
555
289	2	[8 9]
816
921	2	[1 9]
666
644
227	2	[2 7]
291	2	[1 9]
908
565
483
912	2	[1 9]
183
913
988
463
970
405
172	2	[1 7]
442	2	[4 4]
759
017
755
338
298	2	[8 9]
223	2	[2 3]
513
612	2	[1 6]
099
551
163
073
509
808
542	2	[4 5]
468
543
773
233	2	[3 3]
727	2	[7 7]
370
893
250	2	[0 5]
138
729	2	[7 9]
714
210	2	[0 1]
027	2	[0 7]
160
957
265	2	[5 6]
881
599
474
623	2	[3 6]
801
604
730
525	2	[5 5]
093
817
586
267	2	[6 7]
153
806
340
774
641
501
902	2	[0 9]
339
836
781
832	2	[3 8]
663
389
613
518
821	2	[1 8]
768
519
918
013
079
003
001
092	2	[0 9]
728	2	[7 8]
399
344
977
229	2	[2 9]
558
919
187
312	2	[1 3]
872	2	[7 8]
945
117
791
007
905
056
333
131
387
217	2	[1 7]
700
306
064
700
322	2	[2 3]
262	2	[2 6]
541
127	2	[1 7]
937
738
995
839
933
624	2	[4 6]
433
164
704
101
766
582	2	[5 8]
018
974
128	2	[1 8]
798
662	2	[6 6]
524	2	[4 5]
650
158
834
711
272	2	[2 7]
048
164
754
242	2	[2 4]
745
526	2	[5 6]
105
198
760
594
660
266	2	[6 6]
521	2	[1 5]
411
810
235	2	[3 5]
045
998
242	2	[2 4]
288	2	[8 8]
111
544
384
999
243	2	[3 4]
321	2	[1 3]
262	2	[2 6]
103
224	2	[2 4]
502	2	[0 5]
091
723	2	[3 7]
677
275	2	[5 7]
392	2	[3 9]
087
946
134
078
501
673
348
194
053
423	2	[3 4]
896
792	2	[7 9]
641
317
665
100
123	2	[1 3]
109
898
010
213	2	[1 3]
912	2	[1 9]
610
001
857
820	2	[0 8]
935
561
310
855
377
544
464
168
156
021	2	[0 1]
842	2	[4 8]
822	2	[2 8]
073
973
044
986
619
465
529	2	[5 9]
325	2	[3 5]
525	2	[5 5]
183
420	2	[0 4]
603
968
295	2	[5 9]
417
414
313
751
524	2	[4 5]
604
681
878
245	2	[4 5]
868
371
189
929	2	[9 9]
397
417
927	2	[7 9]
680
698
323	2	[3 3]
687
562	2	[5 6]
451
052	2	[0 5]
051
813
748
369
228	2	[2 8]
738
946
102	2	[0 1]
822	2	[2 8]
781
629	2	[6 9]
949
414
496
403
975
248	2	[4 8]
855
831
560
406
129	2	[1 9]
796
558
733
506
281	2	[1 8]
473
873
731
312	2	[1 3]
804
688
216	2	[1 6]
767
269	2	[6 9]
505
030
060
689
810
274	2	[4 7]
707
846
769
855
204	2	[0 4]
034
135
858
420	2	[0 4]
571
427	2	[4 7]
481
140
101
801
100
272	2	[2 7]
358
520	2	[0 5]
209	2	[0 9]
722	2	[2 7]
604
368
287	2	[7 8]
700
022	2	[0 2]
274	2	[4 7]
574
639
755
034
123	2	[1 3]
738
588
712	2	[1 7]
687
420	2	[0 4]
012	2	[0 1]
411
424	2	[4 4]
787
090
621	2	[1 6]
540
762	2	[6 7]
238	2	[3 8]
563
772	2	[7 7]
680
061
667
253	2	[3 5]
838
791
691
237	2	[3 7]
070
730
997
885
316
124	2	[1 4]
907
864
414
307
131
057
855
298	2	[8 9]
214	2	[1 4]
594
515
788
317
072	2	[0 7]
856
568
411
073
497
724	2	[4 7]
953
945
465
047
202	2	[0 2]
858
150
576
916
606
955
219	2	[1 9]
732	2	[3 7]
972	2	[7 9]
142	2	[1 4]
839
499
060
892	2	[8 9]
845
720	2	[0 7]
891
956
722	2	[2 7]
759
778
992	2	[9 9]
734
301
636
965
608
242	2	[2 4]
643
408
083
037
343
822	2	[2 8]
770
391
398
811
817
110
168
126	2	[1 6]
034
275	2	[5 7]
763
863
660
185
774
306
525	2	[5 5]
618
495
361
577
564
621	2	[1 6]
059
202	2	[0 2]
373
367
084
143
545
842	2	[4 8]
270	2	[0 7]
741
412	2	[1 4]
744
455
455
974
919
300
327	2	[3 7]
919
056
131
193
935
874
591
668
907
699
042	2	[0 4]
798
017
585
847
458
551
593
283	2	[3 8]
416
218	2	[1 8]
140
829	2	[8 9]
544
870
911
376
081
593
788
348
827	2	[7 8]
293	2	[3 9]
573
882	2	[8 8]
275	2	[5 7]
863
814
865
455
555
201	2	[0 1]
822	2	[2 8]
646
779
593
818
546
803
437
064
962	2	[6 9]
038
656
885
161
666
402	2	[0 4]
266	2	[6 6]
200	2	[0 0]
562	2	[5 6]
595
328	2	[3 8]
146
822	2	[2 8]
036
363
020	2	[0 0]
599
620	2	[0 6]
288	2	[8 8]
154
926	2	[6 9]
996
058
753
753
144
540
824	2	[4 8]
860
284	2	[4 8]
256	2	[5 6]
436
181
226	2	[2 6]
675
507
186
122	2	[1 2]
876
651
531
095
103
593
449
750
324	2	[3 4]
268	2	[6 8]
933
719
519
250	2	[0 5]
932	2	[3 9]
213	2	[1 3]
213	2	[1 3]
556
723	2	[3 7]
831
201	2	[0 1]
461
999
327	2	[3 7]
200	2	[0 0]
725	2	[5 7]
733
655
292	2	[2 9]
192	2	[1 9]
280	2	[0 8]
970
461
783
003
411
306
994
628	2	[6 8]
424	2	[4 4]
836
042	2	[0 4]
118
982	2	[8 9]
974
479
380
994
887
335
488
521	2	[1 5]
760
686
805
531
418
047
378
424	2	[4 4]
475
166
510
288	2	[8 8]
907
335
530
801
434
658
361
343
267	2	[6 7]
386
757
214	2	[1 4]
078
221	2	[1 2]
001
934
517
384
984
200	2	[0 0]
164
998
806
312	2	[1 3]
960
052	2	[0 5]
085
265	2	[5 6]
986
001
380
065
880
578
520	2	[0 5]
855
469
925	2	[5 9]
146
313
915
967
890
925	2	[5 9]
751
181
460
482	2	[4 8]
336
037
216	2	[1 6]
138
631
856
353
202	2	[0 2]
751
197
937
974
782	2	[7 8]
617
516
778
323	2	[3 3]
919
719
569
988
615
231	2	[1 3]
941
820	2	[0 8]
020	2	[0 0]
438
209	2	[0 9]
120	2	[0 1]
008
722	2	[2 7]
135
991
506
209	2	[0 9]
876
323	2	[3 3]
828	2	[8 8]
269	2	[6 9]
606
328	2	[3 8]
377
844
111
319
880
453
387
457
166
671
852	2	[5 8]
404
842	2	[4 8]
232	2	[2 3]
564
164
035
242	2	[2 4]
096
972	2	[7 9]
330
593
163
405
011
824	2	[4 8]
451
353
207	2	[0 7]
053
236	2	[3 6]
971
410
303
523	2	[3 5]
577
318
244	2	[4 4]
549
382	2	[3 8]
105
120	2	[0 1]
515
053
990
298	2	[8 9]
105
507
808
962	2	[6 9]
965
665
700
431
806
155
851
770
563
377
339
379
969
547
458
888
345
768
166
197
683
067
057
332	2	[3 3]
290	2	[0 9]
520	2	[0 5]
225	2	[2 5]
279	2	[7 9]
874
118
897
727	2	[7 7]
169
431
098
162	2	[1 6]
007
369
145
604
604
663
379
948
561
178
394
160
252	2	[2 5]
946
190
754
647
216	2	[1 6]
561
416
339
148
313
232	2	[2 3]
017
810
325	2	[3 5]
489
380
006
347
364
307
119
992	2	[9 9]
197
542	2	[4 5]
257	2	[5 7]
674
116
964
571
100
595
886
409
921	2	[1 9]
884
056
994
850
936
981
299	2	[9 9]
607
753
630
624	2	[4 6]
443
116
221	2	[1 2]
614
301
625	2	[5 6]
879
836
559
002	2	[0 0]
320	2	[0 3]
917
709
748
727	2	[7 7]
555
879
606
131
400
695
176
867
469
414
465
245	2	[4 5]
385
024	2	[0 4]
527	2	[5 7]
210	2	[0 1]
892	2	[8 9]
962	2	[6 9]
400
123	2	[1 3]
371
894
981
051
318
940
743
994
233	2	[3 3]
818
492	2	[4 9]
357
837
662	2	[6 6]
638
362	2	[3 6]
995
509
694
657
540
810
935
398
874
813
985
714
986
091
825	2	[5 8]
693
026	2	[0 6]
289	2	[8 9]
983
753
217	2	[1 7]
133
725	2	[5 7]
605
576
004
079
140
588
814
143
953
561
262	2	[2 6]
025	2	[0 5]
682	2	[6 8]
197
046
279	2	[7 9]
767
133
818
710
519
945
475
546
830
378
846
422	2	[2 4]
052	2	[0 5]
585
321	2	[1 3]
716
589
894
888
929	2	[9 9]
266	2	[6 6]
093
426	2	[4 6]
287	2	[7 8]
239	2	[3 9]
591
961
642	2	[4 6]
984
803
981
935
586
633
543
417
805
668
007
112	2	[1 1]
385
178
411
724	2	[4 7]
794
775
890
086
297	2	[7 9]
676
573
020	2	[0 0]
884
308
388
682	2	[6 8]
347
126	2	[1 6]
086
343
009
218	2	[1 8]
723	2	[3 7]
228	2	[2 8]
083
631
464
803
872	2	[7 8]
073
701
951
130
925	2	[5 9]
569
250	2	[0 5]
048
552	2	[5 5]
513
724	2	[4 7]
066
155
918
488
475
998
007
817
844
551
049
894
014
071
926	2	[6 9]
559
380
151
702	2	[0 7]
212	2	[1 2]
545
755
769
798
224	2	[2 4]
476
852	2	[5 8]
322	2	[2 3]
704
508
010
075
352	2	[3 5]
589
643
877
186
034
977
343
320	2	[0 3]
553
270	2	[0 7]
975
288	2	[8 8]
505
125	2	[1 5]
849
833
882	2	[8 8]
739
101
772	2	[7 7]
451
682	2	[6 8]
076
495
837
534
311
714
613
935
524	2	[4 5]
524	2	[4 5]
011
421	2	[1 4]
081
971
565
786
789
307
429	2	[4 9]
739
085
077
275	2	[5 7]
780
163
930
444
231	2	[1 3]
253	2	[3 5]
936
841
442	2	[4 4]
123	2	[1 3]
713
369
848
749
711
286	2	[6 8]
233	2	[3 3]
507
510
809
258	2	[5 8]
415
255	2	[5 5]
194
705
886
804
033
434
756
385
051
726	2	[6 7]
999
569
103
007
045
540
685
207	2	[0 7]
278	2	[7 8]
528	2	[5 8]
801
831
998
506
502	2	[0 5]
778
553
453
102	2	[0 1]
017
544
173
372	2	[3 7]
636
110
944
487
679
960
545
769
441
384
181
193
738
609
529	2	[5 9]
130
753
932	2	[3 9]
222	2	[2 2]
236	2	[3 6]
712	2	[1 7]
677
243	2	[3 4]
152	2	[1 5]
345
801
386
845
435
711
578
936
837
834
248	2	[4 8]
396
398
018
047
586
702	2	[0 7]
395
094
509
989
502	2	[0 5]
974
639
957
882	2	[8 8]
132	2	[1 3]
835
209	2	[0 9]
209	2	[0 9]
757
154
873
701
228	2	[2 8]
774
283	2	[3 8]
682	2	[6 8]
915
705
572	2	[5 7]
715
169
133
023	2	[0 3]
378
038
804
794
077
644
302	2	[0 3]
813
476
791
646
960
460
674
492	2	[4 9]
886
222	2	[2 2]
801
098
219	2	[1 9]
120	2	[0 1]
503
855
541
459
123	2	[1 3]
945
299	2	[9 9]
276	2	[6 7]
905
524	2	[4 5]
183
264	2	[4 6]
464
114
457
494
000
190
506
122	2	[1 2]
265	2	[5 6]
761
839
913
385
382	2	[3 8]
592	2	[5 9]
280	2	[0 8]
830
656
579
396
154
286	2	[6 8]
576
906
120	2	[0 1]
356
419
360
607
821	2	[1 8]
090
820	2	[0 8]
561
283	2	[3 8]
961
102	2	[0 1]
782	2	[7 8]
219	2	[1 9]
135
772	2	[7 7]
152	2	[1 5]
532	2	[3 5]
570
335
540
812	2	[1 8]
404
254	2	[4 5]
513
471
229	2	[2 9]
994
807
684
019
421	2	[1 4]
801
116
470
273	2	[3 7]
382	2	[3 8]
955
997
622	2	[2 6]
236	2	[3 6]
539
526	2	[5 6]
395
903
773
711
260	2	[0 6]
747
502	2	[0 5]
228	2	[2 8]
138
056
043
705
667
009
991
258	2	[5 8]
027	2	[0 7]
145
523	2	[3 5]
095
656
731
571
899
518
463
520	2	[0 5]
874
252	2	[2 5]
038
174
019
553
844
192	2	[1 9]
900
999
890
351
968
056
221	2	[1 2]
858
295	2	[5 9]
302	2	[0 3]
930
960
081
729	2	[7 9]
543
920	2	[0 9]
621	2	[1 6]
656
467
365
564
679
088
068
077
569
603
644
357
220	2	[0 2]
652	2	[5 6]
818
291	2	[1 9]
561
494
979
094
240	2	[0 4]
486
044
491
161
844
936
601
282	2	[2 8]
751
769
028	2	[0 8]
524	2	[4 5]
772	2	[7 7]
102	2	[0 1]
487
338
932	2	[3 9]
211	2	[1 1]
795
883
441
457
975
250	2	[0 5]
316
226	2	[2 6]
656
264	2	[4 6]
001
009
153
364
466
664
969
325	2	[3 5]
080
528	2	[5 8]
087
563
706
240	2	[0 4]
889
749
758
487
453
942	2	[4 9]
150
695
262	2	[2 6]
695
569
774
127	2	[1 7]
678
547
592	2	[5 9]
544
992	2	[9 9]
335
501
455
050
817
410
953
310
063
613
079
156
725	2	[5 7]
371
859
261	2	[1 6]
850
921	2	[1 9]
423	2	[3 4]
765
826	2	[6 8]
063
558
610
967
005
303
146
814
272	2	[2 7]
458
933
049
259	2	[5 9]
034
774
242	2	[2 4]
761
280	2	[0 8]
926	2	[6 9]
546
493
418
888
730
389
965
484
371
322	2	[2 3]
187
248	2	[4 8]
605
249	2	[4 9]
536
813
372	2	[3 7]
288	2	[8 8]
299	2	[9 9]
112	2	[1 1]
327	2	[3 7]
839
495
364
211	2	[1 1]
015
494
416
884
327	2	[3 7]
853
286	2	[6 8]
974
491
513
325	2	[3 5]
985
737
757
742	2	[4 7]
464
659
016
258	2	[5 8]
631
484
731
682	2	[6 8]
490
742	2	[4 7]
083
502	2	[0 5]
712	2	[1 7]
516
136
400
955
039
827	2	[7 8]
520	2	[0 5]
054
501
020	2	[0 0]
949
152	2	[1 5]
468
184
949
063
616
680
763
723	2	[3 7]
167
763
400
130
254	2	[4 5]
764
563
286	2	[6 8]
321	2	[1 3]
917
733
318
384
432	2	[3 4]
333
541
140
972	2	[7 9]
468
117
486
300
613
546
875
171
897
304
844
098
691
543
113
001
750
609
672	2	[6 7]
506
489
202	2	[0 2]
640
264	2	[4 6]
159
704
026	2	[0 6]
801
428	2	[4 8]
230	2	[0 3]
981
912	2	[1 9]
621	2	[1 6]
358
035
591
433
653
157
303
626	2	[6 6]
868
703
733
517
976
928	2	[8 9]
382	2	[3 8]
245	2	[4 5]
220	2	[0 2]
398
249	2	[4 9]
969
952	2	[5 9]
371
019
648
575
554
952	2	[5 9]
706
004
871
450
405
874
139
167
882	2	[8 8]
544
419
898
294	2	[4 9]
650
393
674
703
762	2	[6 7]
943
020	2	[0 0]
923	2	[3 9]
682	2	[6 8]
385
864
518
287	2	[7 8]
188
667
960
329	2	[3 9]
967
715
377
835
480
768
804
507
375
874
144
717
804
856
057
288	2	[8 8]
803
924	2	[4 9]
820	2	[0 8]
614
552	2	[5 5]
355
150
305
687
173
888
953
902	2	[0 9]
069
673
225	2	[2 5]
882	2	[8 8]
451
287	2	[7 8]
156
424	2	[4 4]
000
798
954
587
518
376
522	2	[2 5]
186
253	2	[3 5]
480
922	2	[2 9]
642	2	[4 6]
456
576
698
037
079
390
772	2	[7 7]
399
049
302	2	[0 3]
649
196
738
578
808
695
369
280	2	[0 8]
096
666
555
121	2	[1 1]
163
341
405
417
229	2	[2 9]
770
616
995
405
328	2	[3 8]
041
480
683
076
145
971
444
443
510
535
897
299	2	[9 9]
971
751
444
934
555
311
468
568
157
831
327	2	[3 7]
806
332	2	[3 3]
685
203	2	[0 3]
083
795
528	2	[5 8]
057
705
830
121	2	[1 1]
551
697
112	2	[1 1]
186
538
753
181
152	2	[1 5]
956
087
765
408
895
884
788
677
750
102	2	[0 1]
670
911
368
369
735
401
941
861
546
529	2	[5 9]
140
332	2	[3 3]
569
163
154
005
087
008
507
384
726	2	[6 7]
780
628	2	[6 8]
192	2	[1 9]
057
724	2	[4 7]
421	2	[1 4]
562	2	[5 6]
624	2	[4 6]
638
270	2	[0 7]
657
918
926	2	[6 9]
683
554
928	2	[8 9]
671
276	2	[6 7]
961
041
557
389
259	2	[5 9]
556
600
921	2	[1 9]
528	2	[5 8]
215	2	[1 5]
379
710
425	2	[4 5]
742	2	[4 7]
479
583
257	2	[5 7]
481
538
227	2	[2 7]
876
960
581
154
764
234	2	[3 4]
106
733
702	2	[0 7]
905
236	2	[3 6]
968
927	2	[7 9]
617
357
393
629	2	[6 9]
627	2	[6 7]
263	2	[3 6]
891
606
181
315
768
121	2	[1 1]
846
159
299	2	[9 9]
436
487
955
071
886
833
663
107
507
744
015
054
801
104
189
560
138
100
702	2	[0 7]
997
854
424	2	[4 4]
623	2	[3 6]
338
656
627	2	[6 7]
013
020	2	[0 0]
837
173
943
524	2	[4 5]
087
019
890
046
704
741
310
847
907
826	2	[6 8]
585
515
335
448
272	2	[2 7]
570
240	2	[0 4]
064
214	2	[1 4]
739
863
540
571
179
897
487
006
363
962	2	[6 9]
393
087
383
176
613
890
162	2	[1 6]
356
959
495
288	2	[8 8]
580
690
462	2	[4 6]
406
261	2	[1 6]
036
083
243	2	[3 4]
294	2	[4 9]
597
853
110
065
967
604
657
878
716
214	2	[1 4]
725	2	[5 7]
490
574
251	2	[1 5]
190
184
307
975
796
526	2	[5 6]
391
705
574
407
428	2	[4 8]
469
932	2	[3 9]
885
185
916
335
062	2	[0 6]
446
493
223	2	[2 3]
491
319
247	2	[4 7]
523	2	[3 5]
774
427	2	[4 7]
377
553
103
561
837
607
524	2	[4 5]
483
764
914
661
004
584
918
130
913
288	2	[8 8]
389
675
115
540
548
017
843
775
184
485
718
545
877
267	2	[6 7]
233	2	[3 3]
734
025	2	[0 5]
935
030
721	2	[1 7]
913
514
350
557
469
139
067
369
702	2	[0 7]
887
471
922	2	[2 9]
155
552	2	[5 5]
986
426	2	[4 6]
152	2	[1 5]
598
639
378
724	2	[4 7]
197
076
731
886
886
856
155
255	2	[5 5]
446
262	2	[2 6]
726	2	[6 7]
724	2	[4 7]
160
292	2	[2 9]
084
980
178
162	2	[1 6]
055
070
359
634
574
661
028	2	[0 8]
049
048
054
349
927	2	[7 9]
061
134
491
051
615
512	2	[1 5]
482	2	[4 8]
754
502	2	[0 5]
071
849
303
542	2	[4 5]
664
201	2	[0 1]
338
792	2	[7 9]
694
875
381
826	2	[6 8]
911
188
489
104
305
114
691
861
116
241	2	[1 4]
364
518
734
199
707
720	2	[0 7]
966
653
695
807
670
170
520	2	[0 5]
467
755
893
691
518
194
472	2	[4 7]
482	2	[4 8]
756
854
835
189
303
310
158
996
563
349
352	2	[3 5]
174
424	2	[4 4]
781
931
501
121	2	[1 1]
678
780
422	2	[2 4]
217	2	[1 7]
428	2	[4 8]
044
007
259	2	[5 9]
845
109
131
079
660
179
223	2	[2 3]
951
254	2	[4 5]
515
005
875
818
716
804
282	2	[2 8]
165
157
064
390
438
393
820	2	[0 8]
097
001
607
564
644
625	2	[5 6]
118
507
691
427	2	[4 7]
641
279	2	[7 9]
760
075
646
844
073
575
241	2	[1 4]
759
148
304
582	2	[5 8]
534
217	2	[1 7]
178
089
248	2	[4 8]
184
864
156
929	2	[9 9]
935
444
082	2	[0 8]
907
748
993
783
623	2	[3 6]
705
949
219	2	[1 9]
475
718
938
626	2	[6 6]
031
234	2	[3 4]
640
170
841
787
261	2	[1 6]
682	2	[6 8]
720	2	[0 7]
175
827	2	[7 8]
531
636
563
194
249	2	[4 9]
487
536
865
711
958
876
814
174
502	2	[0 5]
232	2	[2 3]
769
468
701
982	2	[8 9]
554
150
401
840
880
780
222	2	[2 2]
970
523	2	[3 5]
735
504
881
550
280	2	[0 8]
371
047
022	2	[0 2]
905
415
301
958
323	2	[3 3]
273	2	[3 7]
726	2	[6 7]
466
321	2	[1 3]
188
216	2	[1 6]
475
423	2	[3 4]
370
807
369
164
465
566
786
795
241	2	[1 4]
883
221	2	[1 2]
081
710
082	2	[0 8]
086
952	2	[5 9]
751
132	2	[1 3]
110
441
396
645
014
160
292	2	[2 9]
134
834
846
643
254	2	[4 5]
297	2	[7 9]
403
296	2	[6 9]
522	2	[2 5]
559
949
636
650
261	2	[1 6]
591
285	2	[5 8]
915
984
436
883
512	2	[1 5]
824	2	[4 8]
292	2	[2 9]
878
401
426	2	[4 6]
411
428	2	[4 8]
329	2	[3 9]
739
705
794
181
002	2	[0 0]
586
578
221	2	[1 2]
545
835
905
764
437
811
119
607
758
930
797
587
894
531
376
369
479
139
821	2	[1 8]
486
180
592	2	[5 9]
175
159
548
338
305
705
420	2	[0 4]
387
717
840
376
685
066
479
720	2	[0 7]
216	2	[1 6]
034
537
733
091
321	2	[1 3]
729	2	[7 9]
478
547
412	2	[1 4]
103
333
681
857
475
146
951
671
232	2	[2 3]
119
377
773
526	2	[5 6]
931
904
467
103
732	2	[3 7]
539
545
024	2	[0 4]
548
484
664
624	2	[4 6]
642	2	[4 6]
144
214	2	[1 4]
483
599
931
388
562	2	[5 6]
588
483
225	2	[2 5]
475
344
559
346
923	2	[3 9]
392	2	[3 9]
386
041
917
154
799
586
346
386
327	2	[3 7]
431
184
275	2	[5 7]
476
135
111
613
612	2	[1 6]
595
531
332	2	[3 3]
756
399
375
681
268	2	[6 8]
678
662	2	[6 6]
247	2	[4 7]
721	2	[1 7]
667
564
144
254	2	[4 5]
941
741
027	2	[0 7]
921	2	[1 9]
585
208	2	[0 8]
037
160
396
932	2	[3 9]
226	2	[2 6]
182	2	[1 8]
013
490
843
255	2	[5 5]
219	2	[1 9]
942	2	[4 9]
906
229	2	[2 9]
011
299	2	[9 9]
879
754
259	2	[5 9]
059
114
471
964
464
704
465
440
244	2	[4 4]
485
374
532	2	[3 5]
277	2	[7 7]
576
504
821	2	[1 8]
337
219	2	[1 9]
704
317
439
767
211	2	[1 1]
167
167
999
578
358
141
513
689
991
017
944
660
788
696
248	2	[4 8]
967
383
044
797
124	2	[1 4]
931
946
557
973
726	2	[6 7]
046
977
892	2	[8 9]
484
434
310
456
244	2	[4 4]
846
773
777
963
785
608
452	2	[4 5]
762	2	[6 7]
879
146
510
438
906
364
211	2	[1 1]
159
881
337
152	2	[1 5]
191
247	2	[4 7]
180
796
232	2	[2 3]
612	2	[1 6]
142	2	[1 4]
452	2	[4 5]
642	2	[4 6]
121	2	[1 1]
984
541
818
182	2	[1 8]
743
527	2	[5 7]
769
736
294	2	[4 9]
100
969
094
261	2	[1 6]
749
165
031
532	2	[3 5]
590
340
218	2	[1 8]
976
420	2	[0 4]
984
161
105
406
542	2	[4 5]
243	2	[3 4]
178
241	2	[1 4]
365
183
323	2	[3 3]
040
610
510
350
539
073
636
243	2	[3 4]
464
430
042	2	[0 4]
068
891
561
868
449
360
750
860
807
233	2	[3 3]
192	2	[1 9]
989
446
808
071
649
411
617
859
303
079
153
314
671
961
205	2	[0 5]
162	2	[1 6]
830
920	2	[0 9]
766
480
271	2	[1 7]
127	2	[1 7]
171
598
103
033
204	2	[0 4]
083
222	2	[2 2]
167
257	2	[5 7]
092	2	[0 9]
818
094
476
492	2	[4 9]
390
757
831
992	2	[9 9]
218	2	[1 8]
292	2	[2 9]
730
718
182	2	[1 8]
484
745
963
908
052	2	[0 5]
062	2	[0 6]
932	2	[3 9]
583
744
028	2	[0 8]
146
749
598
973
706
965
346
577
531
094
967
311
383
763
523	2	[3 5]
520	2	[0 5]
869
302	2	[0 3]
220	2	[0 2]
469
991
566
418
945
642	2	[4 6]
831
869
811
592	2	[5 9]
717
809
891
773
192	2	[1 9]
574
696
856
347
119
465
465
983
672	2	[6 7]
140
533
863
404
141
327	2	[3 7]
743
675
896
757
075
578
110
488
448
533
958
876
825	2	[5 8]
336
565
812	2	[1 8]
331
043
605
324	2	[3 4]
720	2	[0 7]
406
272	2	[2 7]
965
933
017
277	2	[7 7]
639
199
056
562	2	[5 6]
094
377
071
063
596
034
297	2	[7 9]
797
605
590
345
130
795
824	2	[4 8]
242	2	[2 4]
138
528	2	[5 8]
580
410
506
368
394
627	2	[6 7]
965
876
856
015
770
338
028	2	[0 8]
459
261	2	[1 6]
162	2	[1 6]
897
764
212	2	[1 2]
229	2	[2 9]
486
211	2	[1 1]
037
027	2	[0 7]
373
731
704
952	2	[5 9]
080
998
206	2	[0 6]
167
827	2	[7 8]
058
725	2	[5 7]
419
840
292	2	[2 9]
407
227	2	[2 7]
904
827	2	[7 8]
886
602	2	[0 6]
439
741
864
175
002	2	[0 0]
906
957
308
422	2	[2 4]
937
177
665
128	2	[1 8]
310
717
157
854
163
701
230	2	[0 3]
525	2	[5 5]
640
484
628	2	[6 8]
581
426	2	[4 6]
489
134
824	2	[4 8]
565
151
708
059
208	2	[0 8]
310
440
109
795
464
197
886
513
274	2	[4 7]
221	2	[1 2]
215	2	[1 5]
427	2	[4 7]
966
992	2	[9 9]
733
800
503
990
105
731
508
999
542	2	[4 5]
917
171
565
896
764
178
806
439
797
144
759
527	2	[5 7]
066
004
725	2	[5 7]
961
358
687
631
581
670
946
403
406
266	2	[6 6]
148
404
206	2	[0 6]
690
974
900
076
348
353
009
304
682	2	[6 8]
644
754
236	2	[3 6]
010
776
162	2	[1 6]
363
683
118
116
880
099
457
389
311
825	2	[5 8]
955
937
843
601
354
527	2	[5 7]
525	2	[5 5]
359
870
051
017
717
694
306
839
784
492	2	[4 9]
725	2	[5 7]
902	2	[0 9]
515
387
173
102	2	[0 1]
010
563
522	2	[2 5]
440
184
421	2	[1 4]
053
992	2	[9 9]
814
691
285	2	[5 8]
101
282	2	[2 8]
331
346
241	2	[1 4]
638
749
363
522	2	[2 5]
039
891
151
579
017
558
666
636
504
737
742	2	[4 7]
176
093
411
171
273	2	[3 7]
526	2	[5 6]
562	2	[5 6]
096
300
218	2	[1 8]
295	2	[5 9]
831
031
984
537
634
649
997
245	2	[4 5]
478
129	2	[1 9]
901
448
423	2	[3 4]
732	2	[3 7]
988
417
290	2	[0 9]
114
690
279	2	[7 9]
475
401
029	2	[0 9]
355
362	2	[3 6]
559
200	2	[0 0]
278	2	[7 8]
081
764
038
349
000
853
397
212	2	[1 2]
707
971
800
355
962	2	[6 9]
599
038
535
239	2	[3 9]
964
650
590
464
531
865
697
961
864
731
851
590
793
128	2	[1 8]
918
517
726	2	[6 7]
800
480
722	2	[2 7]
249	2	[4 9]
399
863
918
485
326	2	[3 6]
982	2	[8 9]
682	2	[6 8]
437
057
527	2	[5 7]
625	2	[5 6]
709
615
599
939
152	2	[1 5]
923	2	[3 9]
868
039
204	2	[0 4]
818
829	2	[8 9]
445
516
939
270	2	[0 7]
023	2	[0 3]
970
343
596
228	2	[2 8]
833
896
559
305
357
299	2	[9 9]
590
527	2	[5 7]
002	2	[0 0]
592	2	[5 9]
664
163
835
587
335
362	2	[3 6]
708
534
659
901
113
712	2	[1 7]
083
151
298	2	[8 9]
048
719
697
671
350
679
155
749
803
982	2	[8 9]
981
895
490
163
911
829	2	[8 9]
663
545
385
901
810
191
448
191
179
666
220	2	[0 2]
385
911
276	2	[6 7]
162	2	[1 6]
812	2	[1 8]
398
468
486
527	2	[5 7]
942	2	[4 9]
583
027	2	[0 7]
176
559
129	2	[1 9]
844
726	2	[6 7]
451
248	2	[4 8]
168
354
558
056
474
701
309
814
114
367
427	2	[4 7]
024	2	[0 4]
453
817
477
927	2	[7 9]
990
877
439
771
039
748
852	2	[5 8]
263	2	[3 6]
205	2	[0 5]
943
242	2	[2 4]
376
877
118
801
791
369
221	2	[1 2]
395
107
731
316
991
648
729	2	[7 9]
733
471
132	2	[1 3]
019
215	2	[1 5]
620	2	[0 6]
265	2	[5 6]
183
793
905
311
365
389
685
576
991
355
919
540
695
003
665
241	2	[1 4]
680
324	2	[3 4]
066
189
339
476
903
279	2	[7 9]
949
057
226	2	[2 6]
826	2	[6 8]
211	2	[1 1]
951
102	2	[0 1]
391
137
017
655
511
358
468
049
069
494
745
751
854
636
651
348
146
259	2	[5 9]
360
853
743
236	2	[3 6]
673
901
159
418
443
003
511
387
808
283	2	[3 8]
258	2	[5 8]
086
915
750
761
639
247	2	[4 7]
792	2	[7 9]
328	2	[3 8]
493
131
332	2	[3 3]
218	2	[1 8]
700
036
438
463
103
313
013
744
060
909
301
146
589
011
012	2	[0 1]
852	2	[5 8]
050
783
941
294	2	[4 9]
114
020	2	[0 0]
930
925	2	[5 9]
113
039
904
733
157
267	2	[6 7]
824	2	[4 8]
309
152	2	[1 5]
668
750
445
101
806
275	2	[5 7]
508
255	2	[5 5]
986
932	2	[3 9]
156
366
498
730
739
563
622	2	[2 6]
027	2	[0 7]
226	2	[2 6]
219	2	[1 9]
511
767
208	2	[0 8]
045
913
680
