904	0	[4 9]
117
587
108	0	[1 8]
484
173
033	0	[3 3]
632
793
606	0	[6 6]
982
348
018	0	[1 8]
211
549
559
177
495
648
521
502	0	[2 5]
182
762
415
728
617
152
600	0	[0 6]
734
245
514
597
576
217
700	0	[0 7]
981
097	0	[7 9]
560	0	[5 6]
089	0	[8 9]
307	0	[3 7]
138
006	0	[0 6]
841
113
337
592
309	0	[3 9]
436
289
851
121
184
538
170	0	[1 7]
514
348
443
129
459
321
818
957
788
481
012	0	[1 2]
433
879
626
677
069	0	[6 9]
004	0	[0 4]
949
490	0	[4 9]
378
712
495
424
464
373
988
119
776
359
037	0	[3 7]
584
300	0	[0 3]
337
140	0	[1 4]
565
453
671
910	0	[1 9]
820	0	[2 8]
834
152
600	0	[0 6]
199
592
185
120	0	[1 2]
745
464
601	0	[1 6]
349
784
921
827
042	0	[2 4]
072	0	[2 7]
453
602	0	[2 6]
694
517
797
698
405	0	[4 5]
221
194
283
877
263
139
486
076	0	[6 7]
354
234
835
383
984
450	0	[4 5]
361
231
815
653
032	0	[2 3]
228
973
417
298
456
130	0	[1 3]
597
537
407	0	[4 7]
824
520	0	[2 5]
850	0	[5 8]
956
470	0	[4 7]
927
359
693
797
532
177
353
588
209	0	[2 9]
868
854
568
567
597
101	0	[1 1]
858
003	0	[0 3]
381
377
051	0	[1 5]
866
726
096	0	[6 9]
238
728
619
381
597
150	0	[1 5]
059	0	[5 9]
979
507	0	[5 7]
337
959
554
039	0	[3 9]
403	0	[3 4]
745
097	0	[7 9]
881
786
351
841
771
168
592
604	0	[4 6]
838
888
344
749
501	0	[1 5]
884
315
265
882
266
522
105	0	[1 5]
894
627
255
275
323
569
306	0	[3 6]
870	0	[7 8]
458
042	0	[2 4]
953
212
265
898
770	0	[7 7]
681
260	0	[2 6]
441
589
602	0	[2 6]
249
353
288
580	0	[5 8]
578
640	0	[4 6]
762
936
580	0	[5 8]
502	0	[2 5]
350	0	[3 5]
988
108	0	[1 8]
392
743
438
487
321
106	0	[1 6]
358
380	0	[3 8]
514
932
181
933
574
245
403	0	[3 4]
053	0	[3 5]
649
450	0	[4 5]
606	0	[6 6]
455
677
005	0	[0 5]
445
117
229
500	0	[0 5]
235
096	0	[6 9]
291
618
808	0	[8 8]
851
057	0	[5 7]
225
804	0	[4 8]
947
861
977
535
589
506	0	[5 6]
580	0	[5 8]
848
415
647
287
246
994
648
981
375
181
777
875
862
022	0	[2 2]
358
832
771
836
703	0	[3 7]
778
049	0	[4 9]
122
535
329
625
547
653
343
059	0	[5 9]
327
817
786
205	0	[2 5]
378
143
702	0	[2 7]
909	0	[9 9]
167
158
696
553
342
921
867
990	0	[9 9]
131
981
622
654
736
849
392
191
408	0	[4 8]
401	0	[1 4]
616
628
611
362
452
634
248
651
574
996
949
956
940	0	[4 9]
220	0	[2 2]
753
989
900	0	[0 9]
987
617
794
079	0	[7 9]
448
696
479
726
845
101	0	[1 1]
521
940	0	[4 9]
263
411
464
190	0	[1 9]
826
598
018	0	[1 8]
010	0	[0 1]
416
075	0	[5 7]
341
790	0	[7 9]
308	0	[3 8]
489
909	0	[9 9]
607	0	[6 7]
418
576
271
235
499
621
588
228
418
945
152
216
163
695
202	0	[2 2]
407	0	[4 7]
798
613
325
962
617
510	0	[1 5]
197
505	0	[5 5]
587
367
269
315
924
121
241
226
506	0	[5 6]
628
350	0	[3 5]
159
812
926
937
550	0	[5 5]
210	0	[1 2]
168
613
430	0	[3 4]
945
219
522
877
637
545
086	0	[6 8]
323
520	0	[2 5]
053	0	[3 5]
601	0	[1 6]
251
423
744
609	0	[6 9]
772
332
891
701	0	[1 7]
947
466
235
308	0	[3 8]
636
654
329
547
608	0	[6 8]
857
797
819
010	0	[0 1]
767
910	0	[1 9]
802	0	[2 8]
761
705	0	[5 7]
832
670	0	[6 7]
917
702	0	[2 7]
941
816
543
985
887
297
162
486
117
603	0	[3 6]
758
457
871
107	0	[1 7]
215
678
928
914
990	0	[9 9]
831
574
724
238
420	0	[2 4]
141
076	0	[6 7]
967
126
707	0	[7 7]
831
270	0	[2 7]
935
537
881
973
817
077	0	[7 7]
411
117
281
198
595
185
579
554
445
294
810	0	[1 8]
636
838
609	0	[6 9]
899
729
815
834
861
587
296
740	0	[4 7]
682
555
868
046	0	[4 6]
479
457
493
851
539
804	0	[4 8]
707	0	[7 7]
593
066	0	[6 6]
724
372
342
641
643
297
712
967
389
622
658
348
261
184
072	0	[2 7]
154
662
286
046	0	[4 6]
365
344
511
146
695
852
936
807	0	[7 8]
495
630	0	[3 6]
239
418
830	0	[3 8]
984
700	0	[0 7]
917
854
499
103	0	[1 3]
756
658
823
380	0	[3 8]
776
967
202	0	[2 2]
519
510	0	[1 5]
597
280	0	[2 8]
896
167
314
853
989
914
494
628
200	0	[0 2]
897
177
443
718
279
118
104	0	[1 4]
427
173
287
448
169
831
419
603	0	[3 6]
311
015	0	[1 5]
803	0	[3 8]
022	0	[2 2]
971
762
590	0	[5 9]
964
984
974
646
186
462
084	0	[4 8]
255
525
980	0	[8 9]
095	0	[5 9]
380	0	[3 8]
128
201	0	[1 2]
534
330	0	[3 3]
512
129
867
509	0	[5 9]
342
587
383
811
630	0	[3 6]
006	0	[0 6]
906	0	[6 9]
503	0	[3 5]
559
855
959
902	0	[2 9]
860	0	[6 8]
334
402	0	[2 4]
856
099	0	[9 9]
494
921
328
172
961
898
092	0	[2 9]
883
523
464
881
110	0	[1 1]
566
846
177
044	0	[4 4]
660	0	[6 6]
773
672
769
953
604	0	[4 6]
950	0	[5 9]
359
178
950	0	[5 9]
756
129
097	0	[7 9]
261
467
798
943
902	0	[2 9]
322
359
814
827
021	0	[1 2]
300	0	[0 3]
036	0	[3 6]
966
185
103	0	[1 3]
382
098	0	[8 9]
036	0	[3 6]
084	0	[4 8]
440	0	[4 4]
481
402	0	[2 4]
962
667
754
814
178
017	0	[1 7]
460	0	[4 6]
804	0	[4 8]
305	0	[3 5]
301	0	[1 3]
160	0	[1 6]
653
005	0	[0 5]
194
515
862
252
382
050	0	[0 5]
621
542
574
350	0	[3 5]
193
389
083	0	[3 8]
065	0	[5 6]
618
575
974
305	0	[3 5]
871
510	0	[1 5]
578
938
041	0	[1 4]
313
276
090	0	[0 9]
156
833
787
719
233
772
844
949
906	0	[6 9]
306	0	[3 6]
987
025	0	[2 5]
921
954
335
225
185
744
279
479
221
388
006	0	[0 6]
817
215
075	0	[5 7]
028	0	[2 8]
189
259
853
297
874
872
534
979
811
946
955
871
271
299
382
458
797
603	0	[3 6]
202	0	[2 2]
201	0	[1 2]
777
643
672
261
196
220	0	[2 2]
507	0	[5 7]
521
417
154
130	0	[1 3]
618
617
785
340	0	[3 4]
711
545
248
950	0	[5 9]
837
171
468
594
166
949
461
909	0	[9 9]
585
964
386
526
058	0	[5 8]
939
559
744
627
537
432
909	0	[9 9]
848
369
441
990	0	[9 9]
148
792
531
912
135
339
031	0	[1 3]
983
991
429
778
663
288
465
976
970	0	[7 9]
087	0	[7 8]
890	0	[8 9]
676
122
204	0	[2 4]
943
715
767
797
355
698
769
072	0	[2 7]
495
342
104	0	[1 4]
291
118
783
384
053	0	[3 5]
794
530	0	[3 5]
554
043	0	[3 4]
993
878
962
075	0	[5 7]
931
043	0	[3 4]
074	0	[4 7]
321
909	0	[9 9]
490	0	[4 9]
627
942
997
031	0	[1 3]
758
948
385
976
870	0	[7 8]
876
346
947
008	0	[0 8]
524
628
412
482
414
397
792
689
385
260	0	[2 6]
122
017	0	[1 7]
668
174
312
032	0	[2 3]
873
119
852
837
056	0	[5 6]
944
998
891
415
327
173
479
300	0	[0 3]
641
501	0	[1 5]
439
087	0	[7 8]
146
379
128
689
574
537
622
692
556
460	0	[4 6]
012	0	[1 2]
153
954
849
217
337
208	0	[2 8]
892
220	0	[2 2]
230	0	[2 3]
410	0	[1 4]
824
481
243
829
414
360	0	[3 6]
817
736
054	0	[4 5]
837
561
318
281
969
693
418
268
912
872
766
556
275
526
976
199
114
713
396
818
386
368
817
295
642
053	0	[3 5]
034	0	[3 4]
226
225
607	0	[6 7]
700	0	[0 7]
789
181
539
149
035	0	[3 5]
607	0	[6 7]
314
954
878
028	0	[2 8]
949
821
625
525
533
944
589
028	0	[2 8]
492
113
049	0	[4 9]
307	0	[3 7]
947
895
137
189
678
152
062	0	[2 6]
397
403	0	[3 4]
419
030	0	[0 3]
889
532
571
192
072	0	[2 7]
061	0	[1 6]
377
519
798
543
691
797
762
015	0	[1 5]
862
119
950	0	[5 9]
157
919
410	0	[1 4]
143
886
575
730	0	[3 7]
471
618
479
268
401	0	[1 4]
162
930	0	[3 9]
495
209	0	[2 9]
773
339
256
375
504	0	[4 5]
058	0	[5 8]
542
097	0	[7 9]
167
025	0	[2 5]
456
518
337
070	0	[0 7]
210	0	[1 2]
612
110	0	[1 1]
821
373
124
766
934
852
112
635
132
446
941
493
422
539
232
525
688
203	0	[2 3]
236
669
710	0	[1 7]
366
696
262
283
883
416
358
742
392
342
098	0	[8 9]
525
041	0	[1 4]
444
617
181
432
553
724
877
506	0	[5 6]
096	0	[6 9]
928
927
806	0	[6 8]
956
896
569
224
431
348
037	0	[3 7]
301	0	[1 3]
798
933
281
221
194
173
491
503	0	[3 5]
435
710	0	[1 7]
937
675
313
421
011	0	[1 1]
641
805	0	[5 8]
530	0	[3 5]
914
625
164
566
982
878
268
256
951
815
845
608	0	[6 8]
617
448
744
160	0	[1 6]
008	0	[0 8]
346
489
155
885
089	0	[8 9]
661
594
848
179
517
550	0	[5 5]
811
002	0	[0 2]
263
907	0	[7 9]
364
673
676
747
729
763
807	0	[7 8]
621
576
960	0	[6 9]
351
750	0	[5 7]
149
058	0	[5 8]
493
387
822
110	0	[1 1]
409	0	[4 9]
084	0	[4 8]
690	0	[6 9]
569
441
991
317
041	0	[1 4]
792
582
966
314
555
089	0	[8 9]
175
438
960	0	[6 9]
913
501	0	[1 5]
878
366
880	0	[8 8]
776
975
823
167
782
352
444
765
671
351
517
215
206	0	[2 6]
232
711
901	0	[1 9]
718
560	0	[5 6]
487
218
245
531
170	0	[1 7]
046	0	[4 6]
065	0	[5 6]
653
471
103	0	[1 3]
894
134
322
501	0	[1 5]
683
082	0	[2 8]
990	0	[9 9]
375
236
104	0	[1 4]
010	0	[0 1]
765
047	0	[4 7]
828
966
148
191
134
594
091	0	[1 9]
559
721
880	0	[8 8]
077	0	[7 7]
011	0	[1 1]
405	0	[4 5]
126
149
631
253
476
005	0	[0 5]
526
908	0	[8 9]
464
492
284
286
264
744
922
136
782
870	0	[7 8]
998
889
480	0	[4 8]
969
733
493
505	0	[5 5]
108	0	[1 8]
511
044	0	[4 4]
070	0	[0 7]
052	0	[2 5]
334
088	0	[8 8]
256
063	0	[3 6]
582
326
696
162
806	0	[6 8]
137
819
091	0	[1 9]
348
161
931
382
665
331
826
034	0	[3 4]
927
918
481
821
314
178
522
252
856
881
321
699
562
982
022	0	[2 2]
032	0	[2 3]
122
817
631
151
457
657
191
368
100	0	[0 1]
068	0	[6 8]
727
064	0	[4 6]
124
208	0	[2 8]
389
529
278
948
422
624
920	0	[2 9]
289
559
766
776
661
602	0	[2 6]
290	0	[2 9]
336
297
209	0	[2 9]
602	0	[2 6]
466
077	0	[7 7]
504	0	[4 5]
834
040	0	[0 4]
995
462
759
828
973
677
845
309	0	[3 9]
167
141
060	0	[0 6]
818
497
248
982
101	0	[1 1]
533
054	0	[4 5]
010	0	[0 1]
774
391
910	0	[1 9]
093	0	[3 9]
779
197
248
719
556
897
798
886
650	0	[5 6]
625
213
240	0	[2 4]
204	0	[2 4]
158
842
327
505	0	[5 5]
690	0	[6 9]
341
668
045	0	[4 5]
470	0	[4 7]
597
141
555
222
979
036	0	[3 6]
313
967
898
608	0	[6 8]
467
942
904	0	[4 9]
720	0	[2 7]
691
754
473
484
769
114
313
314
709	0	[7 9]
140	0	[1 4]
826
727
759
266
778
405	0	[4 5]
827
472
188
273
180	0	[1 8]
340	0	[3 4]
392
217
713
708	0	[7 8]
311
457
265
395
921
555
858
574
219
809	0	[8 9]
077	0	[7 7]
661
515
645
812
747
578
202	0	[2 2]
450	0	[4 5]
354
811
745
764
706	0	[6 7]
429
501	0	[1 5]
128
365
513
667
538
019	0	[1 9]
785
009	0	[0 9]
510	0	[1 5]
040	0	[0 4]
435
317
882
108	0	[1 8]
398
414
461
994
568
373
706	0	[6 7]
005	0	[0 5]
650	0	[5 6]
891
061	0	[1 6]
316
477
156
171
769
900	0	[0 9]
066	0	[6 6]
959
588
888
301	0	[1 3]
568
392
070	0	[0 7]
335
458
793
886
116
592
335
701	0	[1 7]
151
570	0	[5 7]
770	0	[7 7]
954
995
112
083	0	[3 8]
067	0	[6 7]
425
161
513
592
137
960	0	[6 9]
451
037	0	[3 7]
200	0	[0 2]
418
764
648
245
267
748
257
532
096	0	[6 9]
691
408	0	[4 8]
151
748
234
597
278
547
704	0	[4 7]
363
890	0	[8 9]
224
948
930	0	[3 9]
757
152
694
090	0	[0 9]
041	0	[1 4]
995
489
824
679
027	0	[2 7]
259
280	0	[2 8]
501	0	[1 5]
231
794
181
930	0	[3 9]
793
685
185
120	0	[1 2]
199
909	0	[9 9]
840	0	[4 8]
889
598
945
084	0	[4 8]
598
618
192
596
903	0	[3 9]
484
334
792
707	0	[7 7]
349
936
075	0	[5 7]
966
772
939
057	0	[5 7]
522
433
104	0	[1 4]
994
875
230	0	[2 3]
640	0	[4 6]
518
798
720	0	[2 7]
487
099	0	[9 9]
158
643
043	0	[3 4]
973
308	0	[3 8]
752
889
039	0	[3 9]
093	0	[3 9]
675
681
801	0	[1 8]
680	0	[6 8]
494
887
139
716
250	0	[2 5]
010	0	[0 1]
027	0	[2 7]
659
501	0	[1 5]
948
253
788
863
234
470	0	[4 7]
557
703	0	[3 7]
340	0	[3 4]
856
792
332
169
673
235
172
498
494
204	0	[2 4]
695
661
200	0	[0 2]
712
112
815
783
417
611
092	0	[2 9]
482
147
848
873
598
660	0	[6 6]
275
045	0	[4 5]
054	0	[4 5]
644
295
965
570	0	[5 7]
977
546
946
646
514
274
252
841
549
168
933
136
401	0	[1 4]
171
089	0	[8 9]
083	0	[3 8]
943
596
551
299
752
690	0	[6 9]
944
835
408	0	[4 8]
996
005	0	[0 5]
786
474
834
640	0	[4 6]
187
137
693
558
368
597
896
467
638
487
799
300	0	[0 3]
758
254
948
583
745
526
010	0	[0 1]
414
788
407	0	[4 7]
441
109	0	[1 9]
933
334
212
031	0	[1 3]
342
464
527
882
015	0	[1 5]
572
229
111
456
345
148
473
974
418
659
119
725
064	0	[4 6]
218
771
918
394
282
081	0	[1 8]
028	0	[2 8]
880	0	[8 8]
338
272
012	0	[1 2]
485
189
330	0	[3 3]
436
138
863
684
284
816
023	0	[2 3]
650	0	[5 6]
223
801	0	[1 8]
963
056	0	[5 6]
104	0	[1 4]
269
838
287
751
327
591
257
162
718
254
088	0	[8 8]
854
745
410	0	[1 4]
015	0	[1 5]
468
031	0	[1 3]
892
839
283
836
912
357
424
501	0	[1 5]
028	0	[2 8]
199
359
502	0	[2 5]
604	0	[4 6]
092	0	[2 9]
631
031	0	[1 3]
168
960	0	[6 9]
709	0	[7 9]
318
313
649
768
097	0	[7 9]
721
178
555
502	0	[2 5]
604	0	[4 6]
469
125
690	0	[6 9]
155
412
741
457
802	0	[2 8]
883
252
857
606	0	[6 6]
773
131
959
834
831
185
933
279
753
459
242
895
543
887
107	0	[1 7]
888
971
871
211
555
049	0	[4 9]
923
579
035	0	[3 5]
991
718
159
399
097	0	[7 9]
781
056	0	[5 6]
070	0	[0 7]
150	0	[1 5]
597
089	0	[8 9]
414
635
331
633
918
413
203	0	[2 3]
679
757
085	0	[5 8]
307	0	[3 7]
986
866
727
500	0	[0 5]
102	0	[1 2]
382
190	0	[1 9]
109	0	[1 9]
638
052	0	[2 5]
334
472
536
315
383
716
095	0	[5 9]
957
098	0	[8 9]
494
066	0	[6 6]
089	0	[8 9]
378
675
007	0	[0 7]
665
922
697
035	0	[3 5]
547
964
687
686
345
602	0	[2 6]
379
938
259
060	0	[0 6]
063	0	[3 6]
045	0	[4 5]
341
626
396
220	0	[2 2]
178
834
795
046	0	[4 6]
729
754
384
668
506	0	[5 6]
565
168
444
176
729
788
527
917
201	0	[1 2]
068	0	[6 8]
938
165
252
988
054	0	[4 5]
858
324
211
066	0	[6 6]
038	0	[3 8]
584
977
790	0	[7 9]
178
113
710	0	[1 7]
101	0	[1 1]
344
091	0	[1 9]
620	0	[2 6]
293
561
935
677
218
515
499
908	0	[8 9]
100	0	[0 1]
412
840	0	[4 8]
670	0	[6 7]
831
484
610	0	[1 6]
989
147
821
940	0	[4 9]
006	0	[0 6]
941
029	0	[2 9]
313
614
788
079	0	[7 9]
116
970	0	[7 9]
212
055	0	[5 5]
504	0	[4 5]
621
488
679
613
752
913
345
269
759
165
029	0	[2 9]
447
892
427
626
912
713
761
013	0	[1 3]
799
755
785
821
203	0	[2 3]
156
145
204	0	[2 4]
134
945
857
852
682
685
838
452
789
362
901	0	[1 9]
408	0	[4 8]
998
104	0	[1 4]
905	0	[5 9]
169
470	0	[4 7]
454
611
645
302	0	[2 3]
336
623
783
530	0	[3 5]
308	0	[3 8]
988
339
879
127
194
731
158
198
180	0	[1 8]
389
453
057	0	[5 7]
265
371
000	0	[0 0]
922
200	0	[0 2]
463
363
731
857
572
337
383
439
954
156
049	0	[4 9]
374
930	0	[3 9]
550	0	[5 5]
594
230	0	[2 3]
920	0	[2 9]
621
738
741
534
684
811
537
717
781
728
002	0	[0 2]
044	0	[4 4]
790	0	[7 9]
637
260	0	[2 6]
549
677
107	0	[1 7]
737
999
144
328
288
166
727
257
610	0	[1 6]
311
124
789
850	0	[5 8]
309	0	[3 9]
499
934
187
252
914
945
538
373
357
552
793
408	0	[4 8]
396
329
625
220	0	[2 2]
363
503	0	[3 5]
859
481
826
520	0	[2 5]
326
880	0	[8 8]
508	0	[5 8]
851
370	0	[3 7]
913
014	0	[1 4]
172
560	0	[5 6]
625
333
679
263
004	0	[0 4]
742
075	0	[5 7]
412
398
277
930	0	[3 9]
981
417
440	0	[4 4]
018	0	[1 8]
839
162
395
944
981
937
273
355
916
088	0	[8 8]
243
450	0	[4 5]
661
136
554
397
489
417
727
317
400	0	[0 4]
657
793
369
732
321
107	0	[1 7]
684
604	0	[4 6]
511
639
351
775
846
431
255
499
714
227
204	0	[2 4]
950	0	[5 9]
830	0	[3 8]
758
917
247
196
255
930	0	[3 9]
570	0	[5 7]
645
383
941
264
562
478
281
972
010	0	[0 1]
800	0	[0 8]
007	0	[0 7]
800	0	[0 8]
244
834
765
908	0	[8 9]
848
061	0	[1 6]
630	0	[3 6]
399
124
819
594
769
647
131
764
942
121
759
103	0	[1 3]
970	0	[7 9]
376
954
706	0	[6 7]
906	0	[6 9]
056	0	[5 6]
093	0	[3 9]
958
523
962
739
678
853
564
808	0	[8 8]
136
348
166
835
939
717
759
713
543
919
240	0	[2 4]
284
431
912
623
810	0	[1 8]
108	0	[1 8]
642
686
421
324
313
141
378
315
901	0	[1 9]
306	0	[3 6]
724
658
985
280	0	[2 8]
600	0	[0 6]
880	0	[8 8]
381
784
929
444
469
429
785
644
377
280	0	[2 8]
687
114
404	0	[4 4]
710	0	[1 7]
740	0	[4 7]
465
006	0	[0 6]
507	0	[5 7]
675
263
328
091	0	[1 9]
384
208	0	[2 8]
718
781
448
973
722
751
568
540	0	[4 5]
955
404	0	[4 4]
688
524
554
790	0	[7 9]
915
197
565
823
640	0	[4 6]
390	0	[3 9]
423
718
889
187
434
782
840	0	[4 8]
096	0	[6 9]
109	0	[1 9]
388
002	0	[0 2]
181
868
524
104	0	[1 4]
642
489
825
733
080	0	[0 8]
511
976
387
309	0	[3 9]
392
875
053	0	[3 5]
471
282
892
000	0	[0 0]
293
445
689
090	0	[0 9]
520	0	[2 5]
611
051	0	[1 5]
018	0	[1 8]
148
882
388
766
510	0	[1 5]
597
916
953
381
068	0	[6 8]
744
331
162
212
053	0	[3 5]
401	0	[1 4]
810	0	[1 8]
995
657
225
307	0	[3 7]
092	0	[2 9]
526
578
549
033	0	[3 3]
757
731
546
387
948
686
876
074	0	[4 7]
163
651
427
848
712
705	0	[5 7]
439
208	0	[2 8]
638
405	0	[4 5]
506	0	[5 6]
087	0	[7 8]
267
720	0	[2 7]
442
285
610	0	[1 6]
162
879
923
897
073	0	[3 7]
064	0	[4 6]
098	0	[8 9]
157
533
686
449
755
477
381
601	0	[1 6]
772
389
927
967
562
876
245
693
881
961
077	0	[7 7]
121
493
262
929
028	0	[2 8]
627
000	0	[0 0]
807	0	[7 8]
799
349
850	0	[5 8]
673
655
099	0	[9 9]
509	0	[5 9]
394
459
595
452
255
306	0	[3 6]
857
107	0	[1 7]
137
394
942
460	0	[4 6]
850	0	[5 8]
696
484
289
396
691
563
582
931
845
831
055	0	[5 5]
887
494
048	0	[4 8]
301	0	[1 3]
442
265
128
523
926
923
525
250	0	[2 5]
920	0	[2 9]
375
478
537
516
384
726
762
272
757
420	0	[2 4]
049	0	[4 9]
279
922
323
064	0	[4 6]
961
851
289
394
954
038	0	[3 8]
981
443
583
246
635
561
570	0	[5 7]
653
777
369
110	0	[1 1]
419
578
550	0	[5 5]
718
736
080	0	[0 8]
836
796
042	0	[2 4]
588
038	0	[3 8]
462
811
412
188
247
016	0	[1 6]
717
684
958
410	0	[1 4]
165
747
597
098	0	[8 9]
526
910	0	[1 9]
265
574
041	0	[1 4]
157
070	0	[0 7]
193
317
786
798
868
542
288
444
781
942
084	0	[4 8]
602	0	[2 6]
011	0	[1 1]
924
128
752
369
304	0	[3 4]
035	0	[3 5]
080	0	[0 8]
037	0	[3 7]
863
562
129
631
812
604	0	[4 6]
793
872
124
116
359
347
203	0	[2 3]
014	0	[1 4]
268
532
136
394
735
252
729
007	0	[0 7]
816
921
475
349
711
018	0	[1 8]
438
438
375
943
253
519
305	0	[3 5]
594
294
701	0	[1 7]
823
367
037	0	[3 7]
403	0	[3 4]
553
449
714
600	0	[0 6]
811
456
323
279
199
665
747
743
752
913
628
835
401	0	[1 4]
679
109	0	[1 9]
400	0	[0 4]
869
927
800	0	[0 8]
763
757
901	0	[1 9]
453
658
045	0	[4 5]
174
714
938
730	0	[3 7]
662
972
610	0	[1 6]
599
331
565
518
380	0	[3 8]
415
166
232
639
184
767
595
554
782
957
089	0	[8 9]
672
110	0	[1 1]
633
728
222
201	0	[1 2]
654
341
394
562
565
377
720	0	[2 7]
219
196
906	0	[6 9]
857
357
020	0	[0 2]
717
423
205	0	[2 5]
224
699
042	0	[2 4]
496
236
591
918
633
337
208	0	[2 8]
924
523
098	0	[8 9]
904	0	[4 9]
332
906	0	[6 9]
611
837
028	0	[2 8]
538
944
695
535
262
786
146
363
397
738
098	0	[8 9]
150	0	[1 5]
348
607	0	[6 7]
336
357
243
533
449
328
881
919
664
781
613
847
480	0	[4 8]
339
217
884
103	0	[1 3]
889
683
023	0	[2 3]
510	0	[1 5]
249
947
277
054	0	[4 5]
570	0	[5 7]
131
751
081	0	[1 8]
359
891
278
563
911
597
368
115
546
929
865
583
148
304	0	[3 4]
400	0	[0 4]
812
717
190	0	[1 9]
903	0	[3 9]
710	0	[1 7]
539
433
243
431
232
922
133
657
560	0	[5 6]
436
880	0	[8 8]
938
610	0	[1 6]
093	0	[3 9]
450	0	[4 5]
188
421
708	0	[7 8]
084	0	[4 8]
726
129
111
728
582
303	0	[3 3]
806	0	[6 8]
158
065	0	[5 6]
836
239
423
593
447
003	0	[0 3]
082	0	[2 8]
561
227
051	0	[1 5]
059	0	[5 9]
013	0	[1 3]
757
242
989
784
175
731
649
926
878
352
264
411
838
246
597
705	0	[5 7]
640	0	[4 6]
049	0	[4 9]
932
244
860	0	[6 8]
924
758
138
980	0	[8 9]
009	0	[0 9]
999
703	0	[3 7]
439
866
328
186
287
112
933
252
807	0	[7 8]
030	0	[0 3]
941
036	0	[3 6]
051	0	[1 5]
757
032	0	[2 3]
473
992
312
331
149
724
897
559
912
544
807	0	[7 8]
335
393
213
731
671
215
453
329
832
669
781
927
294
671
442
956
012	0	[1 2]
266
850	0	[5 8]
452
798
586
680	0	[6 8]
060	0	[0 6]
763
085	0	[5 8]
833
178
107	0	[1 7]
138
188
600	0	[0 6]
713
675
457
382
495
631
858
747
409	0	[4 9]
105	0	[1 5]
168
562
317
459
586
453
498
569
393
428
859
000	0	[0 0]
305	0	[3 5]
729
617
054	0	[4 5]
617
995
881
238
531
680	0	[6 8]
615
982
205	0	[2 5]
163
564
969
825
901	0	[1 9]
865
944
884
758
956
538
199
064	0	[4 6]
188
313
703	0	[3 7]
180	0	[1 8]
553
185
466
288
392
353
814
450	0	[4 5]
270	0	[2 7]
260	0	[2 6]
624
517
536
943
827
199
722
435
546
233
397
227
012	0	[1 2]
849
219
702	0	[2 7]
195
420	0	[2 4]
205	0	[2 5]
759
212
692
661
640	0	[4 6]
203	0	[2 3]
071	0	[1 7]
406	0	[4 6]
821
173
412
479
043	0	[3 4]
084	0	[4 8]
939
933
005	0	[0 5]
763
662
883
098	0	[8 9]
637
713
567
422
143
671
370	0	[3 7]
788
047	0	[4 7]
315
573
714
403	0	[3 4]
201	0	[1 2]
275
043	0	[3 4]
486
451
570	0	[5 7]
031	0	[1 3]
818
161
100	0	[0 1]
610	0	[1 6]
611
972
990	0	[9 9]
682
301	0	[1 3]
298
245
238
766
101	0	[1 1]
579
885
989
842
097	0	[7 9]
911
875
208	0	[2 8]
946
985
594
860	0	[6 8]
978
861
390	0	[3 9]
400	0	[0 4]
376
085	0	[5 8]
481
607	0	[6 7]
050	0	[0 5]
747
596
166
713
372
575
044	0	[4 4]
502	0	[2 5]
290	0	[2 9]
388
741
656
987
006	0	[0 6]
314
393
557
576
367
605	0	[5 6]
116
261
168
950	0	[5 9]
961
391
832
778
068	0	[6 8]
417
237
072	0	[2 7]
193
229
612
831
982
161
120	0	[1 2]
028	0	[2 8]
517
582
409	0	[4 9]
302	0	[2 3]
082	0	[2 8]
320	0	[2 3]
073	0	[3 7]
084	0	[4 8]
226
995
938
116
049	0	[4 9]
786
260	0	[2 6]
091	0	[1 9]
922
256
701	0	[1 7]
099	0	[9 9]
933
856
681
853
975
297
066	0	[6 6]
701	0	[1 7]
267
588
218
321
192
853
701	0	[1 7]
116
657
035	0	[3 5]
718
605	0	[5 6]
935
577
328
059	0	[5 9]
713
237
883
018	0	[1 8]
010	0	[0 1]
252
341
933
203	0	[2 3]
780	0	[7 8]
209	0	[2 9]
560	0	[5 6]
941
764
241
695
707	0	[7 7]
584
505	0	[5 5]
269
495
810	0	[1 8]
127
698
054	0	[4 5]
185
224
481
911
859
492
907	0	[7 9]
517
324
246
873
271
645
128
325
861
336
723
174
266
755
521
882
948
800	0	[0 8]
622
912
300	0	[0 3]
100	0	[0 1]
982
232
638
888
683
135
224
486
500	0	[0 5]
181
326
965
982
131
322
496
932
737
777
186
292
591
964
467
531
254
446
194
307	0	[3 7]
584
719
383
109	0	[1 9]
397
974
040	0	[0 4]
892
153
011	0	[1 1]
022	0	[2 2]
904	0	[4 9]
052	0	[2 5]
848
991
846
936
595
914
078	0	[7 8]
348
806	0	[6 8]
145
619
840	0	[4 8]
925
680	0	[6 8]
110	0	[1 1]
730	0	[3 7]
213
119
515
690	0	[6 9]
921
442
917
263
650	0	[5 6]
328
662
055	0	[5 5]
479
807	0	[7 8]
241
097	0	[7 9]
809	0	[8 9]
129
524
038	0	[3 8]
903	0	[3 9]
121
012	0	[1 2]
292
354
222
654
544
503	0	[3 5]
047	0	[4 7]
976
646
906	0	[6 9]
566
145
465
634
040	0	[0 4]
601	0	[1 6]
068	0	[6 8]
989
260	0	[2 6]
654
314
041	0	[1 4]
248
441
055	0	[5 5]
870	0	[7 8]
684
403	0	[3 4]
484
076	0	[6 7]
333
084	0	[4 8]
862
887
420	0	[2 4]
054	0	[4 5]
944
977
010	0	[0 1]
576
517
971
845
588
579
052	0	[2 5]
714
783
082	0	[2 8]
716
845
703	0	[3 7]
914
818
783
328
967
147
053	0	[3 5]
284
261
488
757
300	0	[0 3]
882
727
049	0	[4 9]
180	0	[1 8]
034	0	[3 4]
569
438
866
492
583
645
801	0	[1 8]
613
473
610	0	[1 6]
391
169
622
021	0	[1 2]
318
014	0	[1 4]
096	0	[6 9]
336
154
774
821
649
849
320	0	[2 3]
624
428
910	0	[1 9]
406	0	[4 6]
300	0	[0 3]
581
513
428
243
287
489
623
580	0	[5 8]
828
813
330	0	[3 3]
626
985
773
188
054	0	[4 5]
829
835
272
825
830	0	[3 8]
486
760	0	[6 7]
891
616
422
339
165
946
249
184
793
459
403	0	[3 4]
657
360	0	[3 6]
238
322
462
438
498
210	0	[1 2]
832
328
749
534
436
586
529
041	0	[1 4]
678
085	0	[5 8]
863
811
797
108	0	[1 8]
485
759
710	0	[1 7]
832
848
743
390	0	[3 9]
306	0	[3 6]
750	0	[5 7]
993
347
251
688
269
112
442
630	0	[3 6]
721
395
999
689
124
448
933
552
480	0	[4 8]
320	0	[2 3]
203	0	[2 3]
509	0	[5 9]
203	0	[2 3]
686
153
344
349
340	0	[3 4]
021	0	[1 2]
345
565
913
780	0	[7 8]
842
322
427
083	0	[3 8]
760	0	[6 7]
562
664
294
644
590	0	[5 9]
551
730	0	[3 7]
895
047	0	[4 7]
239
209	0	[2 9]
253
087	0	[7 8]
841
999
361
011	0	[1 1]
955
335
888
173
725
144
585
014	0	[1 4]
486
504	0	[4 5]
203	0	[2 3]
823
462
649
094	0	[4 9]
030	0	[0 3]
007	0	[0 7]
483
992
111
505	0	[5 5]
476
783
197
519
098	0	[8 9]
141
603	0	[3 6]
671
131
603	0	[3 6]
391
004	0	[0 4]
639
638
162
525
095	0	[5 9]
530	0	[3 5]
573
436
757
744
518
232
471
490	0	[4 9]
773
318
194
298
936
387
584
811
419
732
686
274
976
973
416
153
688
753
722
459
146
639
579
966
237
030	0	[0 3]
316
139
225
045	0	[4 5]
351
402	0	[2 4]
235
294
478
098	0	[8 9]
681
485
302	0	[2 3]
191
552
261
984
475
735
941
169
162
267
753
676
020	0	[0 2]
884
473
179
291
500	0	[0 5]
915
306	0	[3 6]
835
811
804	0	[4 8]
456
111
303	0	[3 3]
543
299
819
501	0	[1 5]
791
239
947
860	0	[6 8]
147
149
154
265
991
950	0	[5 9]
022	0	[2 2]
377
618
917
005	0	[0 5]
419
539
292
973
097	0	[7 9]
048	0	[4 8]
007	0	[0 7]
777
092	0	[2 9]
329
706	0	[6 7]
487
243
027	0	[2 7]
829
451
468
886
201	0	[1 2]
340	0	[3 4]
049	0	[4 9]
860	0	[6 8]
946
866
875
471
329
244
288
734
768
921
652
478
540	0	[4 5]
014	0	[1 4]
119
277
712
803	0	[3 8]
680	0	[6 8]
050	0	[0 5]
139
624
763
510	0	[1 5]
076	0	[6 7]
461
740	0	[4 7]
407	0	[4 7]
199
478
415
148
814
644
448
934
256
265
007	0	[0 7]
918
958
239
908	0	[8 9]
064	0	[4 6]
746
556
225
445
071	0	[1 7]
505	0	[5 5]
422
768
857
149
783
262
547
256
925
985
662
177
743
736
103	0	[1 3]
698
401	0	[1 4]
762
500	0	[0 5]
441
649
811
880	0	[8 8]
697
030	0	[0 3]
914
392
152
517
917
935
888
966
020	0	[0 2]
485
963
873
920	0	[2 9]
395
377
538
858
865
851
122
353
013	0	[1 3]
558
699
039	0	[3 9]
173
130	0	[1 3]
112
295
922
872
040	0	[0 4]
668
732
683
031	0	[1 3]
023	0	[2 3]
500	0	[0 5]
335
724
806	0	[6 8]
991
616
657
688
010	0	[0 1]
113
794
625
221
646
184
808	0	[8 8]
652
244
877
621
164
133
620	0	[2 6]
825
284
317
560	0	[5 6]
381
739
528
358
170	0	[1 7]
021	0	[1 2]
014	0	[1 4]
199
440	0	[4 4]
042	0	[2 4]
183
458
618
687
127
449
908	0	[8 9]
374
616
812
191
717
370	0	[3 7]
476
720	0	[2 7]
386
948
378
363
197
665
709	0	[7 9]
019	0	[1 9]
722
398
147
559
914
338
124
541
971
432
964
477
079	0	[7 9]
868
841
867
447
488
225
986
710	0	[1 7]
233
185
940	0	[4 9]
316
808	0	[8 8]
907	0	[7 9]
809	0	[8 9]
898
043	0	[3 4]
026	0	[2 6]
277
569
977
298
242
438
089	0	[8 9]
812
084	0	[4 8]
340	0	[3 4]
877
549
958
193
747
429
133
568
089	0	[8 9]
208	0	[2 8]
596
949
372
808	0	[8 8]
772
927
376
541
386
675
192
703	0	[3 7]
139
238
496
878
612
444
127
288
425
481
009	0	[0 9]
653
687
610	0	[1 6]
157
869
417
350	0	[3 5]
939
413
394
121
960	0	[6 9]
518
273
709	0	[7 9]
232
991
470	0	[4 7]
324
309	0	[3 9]
551
698
144
242
406	0	[4 6]
662
420	0	[2 4]
536
231
661
568
958
061	0	[1 6]
475
764
667
966
368
584
232
855
808	0	[8 8]
887
113
153
179
956
874
474
351
717
103	0	[1 3]
460	0	[4 6]
174
142
760	0	[6 7]
842
175
057	0	[5 7]
455
110	0	[1 1]
776
340	0	[3 4]
376
022	0	[2 2]
179
399
515
996
773
821
217
705	0	[5 7]
617
664
276
437
620	0	[2 6]
919
230	0	[2 3]
992
396
291
927
716
530	0	[3 5]
014	0	[1 4]
883
646
004	0	[0 4]
671
822
094	0	[4 9]
764
749
495
380	0	[3 8]
792
380	0	[3 8]
987
055	0	[5 5]
349
139
267
797
393
766
149
486
078	0	[7 8]
863
718
222
740	0	[4 7]
445
173
808	0	[8 8]
369
167
409	0	[4 9]
287
691
895
211
923
485
988
523
062	0	[2 6]
557
662
269
428
737
507	0	[5 7]
979
782
310	0	[1 3]
829
962
440	0	[4 4]
783
019	0	[1 9]
057	0	[5 7]
076	0	[6 7]
894
474
615
768
806	0	[6 8]
865
799
847
979
613
044	0	[4 4]
018	0	[1 8]
917
421
834
780	0	[7 8]
904	0	[4 9]
132
822
063	0	[3 6]
142
909	0	[9 9]
342
408	0	[4 8]
678
094	0	[4 9]
186
023	0	[2 3]
016	0	[1 6]
193
668
839
391
931
731
110	0	[1 1]
842
539
623
090	0	[0 9]
256
457
929
787
439
905	0	[5 9]
066	0	[6 6]
523
012	0	[1 2]
588
260	0	[2 6]
126
615
967
799
161
534
297
915
920	0	[2 9]
451
974
226
151
268
246
268
166
286
108	0	[1 8]
382
457
372
438
383
131
170	0	[1 7]
634
516
447
421
115
765
523
158
649
381
539
222
097	0	[7 9]
702	0	[2 7]
170	0	[1 7]
055	0	[5 5]
671
285
881
174
195
214
600	0	[0 6]
776
106	0	[1 6]
138
046	0	[4 6]
606	0	[6 6]
860	0	[6 8]
511
137
254
312
302	0	[2 3]
112
801	0	[1 8]
322
124
816
544
340	0	[3 4]
579
127
211
717
387
228
158
780	0	[7 8]
273
567
002	0	[0 2]
342
166
632
794
470	0	[4 7]
859
675
688
345
162
091	0	[1 9]
158
718
119
050	0	[0 5]
700	0	[0 7]
286
596
637
806	0	[6 8]
285
719
419
384
202	0	[2 2]
194
253
427
009	0	[0 9]
686
208	0	[2 8]
827
341
111
289
572
400	0	[0 4]
141
344
572
197
046	0	[4 6]
717
588
823
057	0	[5 7]
365
933
738
395
841
519
984
645
779
962
414
051	0	[1 5]
975
202	0	[2 2]
705	0	[5 7]
036	0	[3 6]
629
958
872
756
676
662
239
015	0	[1 5]
662
767
952
444
326
723
471
804	0	[4 8]
636
671
514
462
324
452
884
449
980	0	[8 9]
969
211
636
906	0	[6 9]
176
032	0	[2 3]
343
740	0	[4 7]
388
928
703	0	[3 7]
338
605	0	[5 6]
828
947
580	0	[5 8]
739
332
951
214
525
046	0	[4 6]
724
162
801	0	[1 8]
820	0	[2 8]
938
957
705	0	[5 7]
927
193
849
840	0	[4 8]
941
884
205	0	[2 5]
070	0	[0 7]
022	0	[2 2]
674
857
993
815
932
237
148
087	0	[7 8]
720	0	[2 7]
362
926
684
283
994
600	0	[0 6]
285
021	0	[1 2]
759
604	0	[4 6]
045	0	[4 5]
863
593
017	0	[1 7]
314
097	0	[7 9]
271
223
361
323
976
469
617
687
006	0	[0 6]
460	0	[4 6]
917
480	0	[4 8]
025	0	[2 5]
582
439
850	0	[5 8]
471
171
481
575
627
158
906	0	[6 9]
888
396
676
642
872
279
784
788
354
244
425
788
503	0	[3 5]
444
275
170	0	[1 7]
475
238
193
077	0	[7 7]
871
924
937
835
449
052	0	[2 5]
340	0	[3 4]
820	0	[2 8]
397
189
668
947
449
278
054	0	[4 5]
235
215
970	0	[7 9]
027	0	[2 7]
168
855
582
972
163
518
872
146
612
534
311
291
422
689
638
752
288
427
972
546
534
094	0	[4 9]
512
981
793
586
646
014	0	[1 4]
778
457
124
956
205	0	[2 5]
382
427
595
068	0	[6 8]
943
453
794
699
837
033	0	[3 3]
341
652
497
503	0	[3 5]
518
940	0	[4 9]
101	0	[1 1]
714
869
873
286
384
490	0	[4 9]
886
641
376
886
436
582
619
159
106	0	[1 6]
774
218
611
746
227
307	0	[3 7]
824
318
376
026	0	[2 6]
217
826
125
825
007	0	[0 7]
573
554
016	0	[1 6]
148
960	0	[6 9]
437
340	0	[3 4]
341
171
601	0	[1 6]
127
976
517
661
615
955
962
892
811
164
149
648
918
715
234
617
956
299
866
217
568
430	0	[3 4]
955
292
374
359
694
924
131
920	0	[2 9]
484
109	0	[1 9]
302	0	[2 3]
530	0	[3 5]
658
873
801	0	[1 8]
620	0	[2 6]
069	0	[6 9]
022	0	[2 2]
100	0	[0 1]
266
256
686
971
898
132
711
634
174
013	0	[1 3]
227
247
408	0	[4 8]
991
463
899
412
763
452
219
916
950	0	[5 9]
065	0	[5 6]
932
455
787
264
659
135
037	0	[3 7]
610	0	[1 6]
377
549
058	0	[5 8]
717
273
052	0	[2 5]
703	0	[3 7]
075	0	[5 7]
232
186
628
344
938
708	0	[7 8]
449
860	0	[6 8]
931
178
071	0	[1 7]
296
697
383
768
989
243
164
033	0	[3 3]
756
872
402	0	[2 4]
739
372
150	0	[1 5]
397
617
177
474
338
131
386
493
176
208	0	[2 8]
682
304	0	[3 4]
588
604	0	[4 6]
996
469
510	0	[1 5]
076	0	[6 7]
387
755
895
914
325
545
278
119
903	0	[3 9]
408	0	[4 8]
231
593
627
890	0	[8 9]
010	0	[0 1]
533
446
734
067	0	[6 7]
126
874
594
055	0	[5 5]
989
618
789
246
761
928
310	0	[1 3]
574
924
100	0	[0 1]
859
726
848
988
837
840	0	[4 8]
118
048	0	[4 8]
129
193
664
194
697
695
669
954
161
125
908	0	[8 9]
784
728
933
895
477
199
764
760	0	[6 7]
497
764
382
352
227
216
958
425
879
134
441
473
556
164
534
957
863
743
397
888
735
499
089	0	[8 9]
355
618
001	0	[0 1]
193
913
228
091	0	[1 9]
483
951
671
482
035	0	[3 5]
190	0	[1 9]
545
348
537
189
520	0	[2 5]
199
311
704	0	[4 7]
338
498
059	0	[5 9]
060	0	[0 6]
391
435
792
975
190	0	[1 9]
620	0	[2 6]
260	0	[2 6]
470	0	[4 7]
858
865
660	0	[6 6]
554
736
721
901	0	[1 9]
467
023	0	[2 3]
452
008	0	[0 8]
982
521
007	0	[0 7]
986
010	0	[0 1]
384
971
137
706	0	[6 7]
350	0	[3 5]
343
758
129
645
695
160	0	[1 6]
104	0	[1 4]
827
696
444
429
427
288
990	0	[9 9]
289
820	0	[2 8]
321
457
670	0	[6 7]
635
453
674
913
422
561
111
507	0	[5 7]
399
171
537
336
796
627
902	0	[2 9]
283
087	0	[7 8]
187
245
816
624
430	0	[3 4]
160	0	[1 6]
852
021	0	[1 2]
836
661
190	0	[1 9]
730	0	[3 7]
840	0	[4 8]
831
924
803	0	[3 8]
270	0	[2 7]
542
660	0	[6 6]
393
667
565
202	0	[2 2]
226
329
568
841
056	0	[5 6]
308	0	[3 8]
661
542
133
425
475
090	0	[0 9]
439
603	0	[3 6]
040	0	[0 4]
408	0	[4 8]
369
401	0	[1 4]
251
270	0	[2 7]
983
397
833
650	0	[5 6]
466
276
047	0	[4 7]
163
542
825
724
075	0	[5 7]
038	0	[3 8]
157
676
941
141
999
985
798
181
358
728
926
529
170	0	[1 7]
917
854
317
498
292
276
698
659
841
487
131
003	0	[0 3]
277
656
899
165
733
608	0	[6 8]
889
872
669
650	0	[5 6]
456
547
699
218
789
732
456
787
722
437
592
316
745
345
547
297
905	0	[5 9]
327
680	0	[6 8]
990	0	[9 9]
818
496
629
701	0	[1 7]
539
978
662
635
938
396
542
563
517
297
281
517
085	0	[5 8]
210	0	[1 2]
073	0	[3 7]
957
360	0	[3 6]
523
719
476
448
734
728
919
089	0	[8 9]
474
525
444
560	0	[5 6]
745
537
756
352
292
646
399
057	0	[5 7]
170	0	[1 7]
393
335
543
276
037	0	[3 7]
124
042	0	[2 4]
879
167
747
558
412
441
655
006	0	[0 6]
983
918
925
006	0	[0 6]
590	0	[5 9]
195
068	0	[6 8]
243
987
042	0	[2 4]
116
599
481
322
108	0	[1 8]
009	0	[0 9]
523
937
156
598
483
321
242
319
649
174
258
621
532
441
587
083	0	[3 8]
179
549
353
583
410	0	[1 4]
771
567
036	0	[3 6]
125
391
971
014	0	[1 4]
859
596
471
391
496
954
707	0	[7 7]
406	0	[4 6]
605	0	[5 6]
681
830	0	[3 8]
707	0	[7 7]
174
855
682
400	0	[0 4]
894
896
091	0	[1 9]
292
590	0	[5 9]
895
617
317
236
984
826
613
734
103	0	[1 3]
273
713
238
678
218
451
141
157
017	0	[1 7]
283
684
676
857
732
059	0	[5 9]
099	0	[9 9]
928
578
736
455
387
380	0	[3 8]
519
262
923
427
255
442
458
096	0	[6 9]
376
017	0	[1 7]
246
045	0	[4 5]
481
384
205	0	[2 5]
658
199
708	0	[7 8]
459
979
019	0	[1 9]
931
942
995
237
481
018	0	[1 8]
474
204	0	[2 4]
347
700	0	[0 7]
119
836
508	0	[5 8]
225
775
740	0	[4 7]
374
148
979
008	0	[0 8]
276
887
507	0	[5 7]
745
501	0	[1 5]
622
776
474
898
016	0	[1 6]
048	0	[4 8]
116
277
987
661
444
205	0	[2 5]
524
902	0	[2 9]
777
346
721
003	0	[0 3]
438
632
680	0	[6 8]
477
665
450	0	[4 5]
428
554
485
069	0	[6 9]
038	0	[3 8]
397
697
367
707	0	[7 7]
326
207	0	[2 7]
648
272
141
780	0	[7 8]
399
526
375
636
166
589
740	0	[4 7]
106	0	[1 6]
733
189
313
845
274
760	0	[6 7]
691
409	0	[4 9]
091	0	[1 9]
590	0	[5 9]
075	0	[5 7]
886
734
320	0	[2 3]
641
523
744
609	0	[6 9]
068	0	[6 8]
399
584
912
216
888
145
536
017	0	[1 7]
848
927
362
305	0	[3 5]
085	0	[5 8]
420	0	[2 4]
279
334
177
625
235
762
372
290	0	[2 9]
305	0	[3 5]
455
215
641
276
285
243
024	0	[2 4]
348
565
423
860	0	[6 8]
693
346
532
353
307	0	[3 7]
176
723
299
876
991
978
157
878
558
554
424
615
481
423
425
948
533
474
339
177
056	0	[5 6]
578
380	0	[3 8]
441
404	0	[4 4]
789
216
582
503	0	[3 5]
797
327
340	0	[3 4]
647
230	0	[2 3]
600	0	[0 6]
174
727
169
206	0	[2 6]
071	0	[1 7]
904	0	[4 9]
529
062	0	[2 6]
604	0	[4 6]
770	0	[7 7]
497
626
653
867
750	0	[5 7]
803	0	[3 8]
804	0	[4 8]
539
550	0	[5 5]
705	0	[5 7]
325
229
444
481
023	0	[2 3]
990	0	[9 9]
308	0	[3 8]
771
869
990	0	[9 9]
117
479
025	0	[2 5]
911
771
595
135
852
680	0	[6 8]
935
076	0	[6 7]
038	0	[3 8]
396
842
617
798
075	0	[5 7]
093	0	[3 9]
584
481
292
431
707	0	[7 7]
290	0	[2 9]
251
626
985
780	0	[7 8]
825
510	0	[1 5]
110	0	[1 1]
121
035	0	[3 5]
716
230	0	[2 3]
479
592
289
609	0	[6 9]
980	0	[8 9]
199
502	0	[2 5]
773
560	0	[5 6]
540	0	[4 5]
303	0	[3 3]
933
983
297
132
208	0	[2 8]
409	0	[4 9]
004	0	[0 4]
478
130	0	[1 3]
058	0	[5 8]
995
521
310	0	[1 3]
648
468
920	0	[2 9]
609	0	[6 9]
749
773
125
754
538
459
334
894
396
340	0	[3 4]
092	0	[2 9]
360	0	[3 6]
393
514
176
236
077	0	[7 7]
366
686
883
156
132
259
220	0	[2 2]
171
018	0	[1 8]
499
506	0	[5 6]
100	0	[0 1]
239
284
161
674
813
260	0	[2 6]
176
314
499
529
008	0	[0 8]
203	0	[2 3]
032	0	[2 3]
266
522
482
176
921
479
632
083	0	[3 8]
043	0	[3 4]
959
498
537
746
885
389
058	0	[5 8]
663
956
791
037	0	[3 7]
234
598
181
349
844
640	0	[4 6]
231
176
783
852
204	0	[2 4]
871
054	0	[4 5]
959
323
619
378
483
783
917
535
115
182
376
501	0	[1 5]
280	0	[2 8]
482
630	0	[3 6]
448
247
023	0	[2 3]
009	0	[0 9]
053	0	[3 5]
125
470	0	[4 7]
717
254
986
706	0	[6 7]
961
686
160	0	[1 6]
451
235
272
820	0	[2 8]
885
111
916
893
246
913
030	0	[0 3]
133
145
915
923
957
065	0	[5 6]
150	0	[1 5]
680	0	[6 8]
148
248
140	0	[1 4]
862
435
078	0	[7 8]
568
019	0	[1 9]
848
059	0	[5 9]
256
166
244
852
687
173
274
944
747
058	0	[5 8]
583
404	0	[4 4]
578
133
005	0	[0 5]
282
087	0	[7 8]
651
731
845
473
190	0	[1 9]
522
468
949
452
533
741
369
850	0	[5 8]
412
264
337
161
897
915
531
328
241
987
434
132
091	0	[1 9]
332
675
742
182
759
945
228
432
676
869
483
412
135
380	0	[3 8]
518
536
783
710	0	[1 7]
959
632
837
372
214
689
011	0	[1 1]
937
581
033	0	[3 3]
778
900	0	[0 9]
352
437
833
886
311
723
831
158
625
422
412
102	0	[1 2]
607	0	[6 7]
068	0	[6 8]
975
664
492
970	0	[7 9]
587
554
369
488
072	0	[2 7]
191
601	0	[1 6]
162
614
354
310	0	[1 3]
736
119
880	0	[8 8]
663
061	0	[1 6]
500	0	[0 5]
537
020	0	[0 2]
434
284
929
642
954
879
800	0	[0 8]
658
776
480	0	[4 8]
772
374
525
332
241
129
929
817
646
747
646
186
375
697
077	0	[7 7]
911
473
352
155
135
588
580	0	[5 8]
486
869
504	0	[4 5]
450	0	[4 5]
355
473
233
466
049	0	[4 9]
162
762
585
537
253
805	0	[5 8]
886
792
336
305	0	[3 5]
081	0	[1 8]
596
918
768
930	0	[3 9]
627
129
149
705	0	[5 7]
765
048	0	[4 8]
008	0	[0 8]
984
777
320	0	[2 3]
513
533
917
490	0	[4 9]
363
002	0	[0 2]
961
417
178
454
910	0	[1 9]
703	0	[3 7]
358
264
084	0	[4 8]
597
975
386
800	0	[0 8]
586
433
334
169
927
782
413
559
934
651
356
535
372
083	0	[3 8]
208	0	[2 8]
862
098	0	[8 9]
989
231
445
503	0	[3 5]
976
523
645
048	0	[4 8]
771
623
396
706	0	[6 7]
355
811
982
964
975
683
867
914
716
928
745
882
053	0	[3 5]
860	0	[6 8]
825
136
983
308	0	[3 8]
250	0	[2 5]
091	0	[1 9]
921
388
493
056	0	[5 6]
383
640	0	[4 6]
896
019	0	[1 9]
912
050	0	[0 5]
214
189
447
512
318
615
882
889
684
667
448
323
486
900	0	[0 9]
657
849
890	0	[8 9]
170	0	[1 7]
135
111
160	0	[1 6]
113
055	0	[5 5]
463
659
388
860	0	[6 8]
410	0	[1 4]
798
973
529
523
925
644
709	0	[7 9]
396
507	0	[5 7]
669
703	0	[3 7]
394
956
027	0	[2 7]
997
465
786
027	0	[2 7]
040	0	[0 4]
372
963
256
799
231
990	0	[9 9]
734
113
254
387
346
626
844
108	0	[1 8]
035	0	[3 5]
461
610	0	[1 6]
757
573
009	0	[0 9]
696
896
571
186
588
426
164
625
193
049	0	[4 9]
585
626
514
374
177
691
374
366
990	0	[9 9]
015	0	[1 5]
192
573
200	0	[0 2]
590	0	[5 9]
071	0	[1 7]
967
006	0	[0 6]
383
881
441
013	0	[1 3]
831
367
769
593
517
119
482
447
788
621
541
058	0	[5 8]
841
481
817
030	0	[0 3]
037	0	[3 7]
242
995
758
586
369
511
527
932
925
517
615
234
796
368
482
263
864
733
400	0	[0 4]
014	0	[1 4]
094	0	[4 9]
867
186
082	0	[2 8]
448
039	0	[3 9]
875
356
856
835
724
686
933
173
181
543
386
707	0	[7 7]
250	0	[2 5]
367
765
965
199
765
616
849
136
586
797
998
562
479
523
905	0	[5 9]
423
973
346
185
166
352
377
489
146
728
022	0	[2 2]
204	0	[2 4]
156
548
376
318
834
249
258
098	0	[8 9]
888
363
444
693
318
260	0	[2 6]
705	0	[5 7]
390	0	[3 9]
029	0	[2 9]
376
975
142
172
921
811
871
223
171
123
289
758
853
687
058	0	[5 8]
482
646
392
077	0	[7 7]
114
663
608	0	[6 8]
434
132
514
166
952
921
946
080	0	[0 8]
253
215
916
095	0	[5 9]
638
332
881
234
488
892
265
972
860	0	[6 8]
787
220	0	[2 2]
091	0	[1 9]
219
672
455
187
294
469
121
807	0	[7 8]
788
470	0	[4 7]
097	0	[7 9]
547
171
706	0	[6 7]
763
761
742
640	0	[4 6]
275
975
041	0	[1 4]
199
048	0	[4 8]
931
221
772
965
039	0	[3 9]
607	0	[6 7]
359
560	0	[5 6]
830	0	[3 8]
811
086	0	[6 8]
416
564
528
608	0	[6 8]
024	0	[2 4]
169
939
322
437
735
222
127
715
291
242
479
720	0	[2 7]
553
115
626
074	0	[4 7]
588
783
302	0	[2 3]
009	0	[0 9]
987
724
633
356
583
655
161
516
525
220	0	[2 2]
102	0	[1 2]
590	0	[5 9]
262
539
047	0	[4 7]
143
069	0	[6 9]
322
146
450	0	[4 5]
643
382
967
309	0	[3 9]
533
730	0	[3 7]
179
472
239
449
171
628
688
230	0	[2 3]
508	0	[5 8]
197
540	0	[4 5]
527
542
775
509	0	[5 9]
786
569
226
879
341
680	0	[6 8]
811
897
698
877
433
261
979
396
111
548
382
532
203	0	[2 3]
292
526
770	0	[7 7]
749
438
519
510	0	[1 5]
577
024	0	[2 4]
641
268
033	0	[3 3]
569
475
607	0	[6 7]
646
242
833
570	0	[5 7]
812
858
680	0	[6 8]
438
071	0	[1 7]
984
941
231
113
949
866
274
061	0	[1 6]
122
432
209	0	[2 9]
465
414
861
337
257
126
595
241
235
185
972
208	0	[2 8]
814
681
713
955
091	0	[1 9]
552
935
324
499
519
109	0	[1 9]
075	0	[5 7]
665
575
958
175
636
666
876
262
634
756
659
197
817
045	0	[4 5]
265
119
204	0	[2 4]
054	0	[4 5]
997
841
977
740	0	[4 7]
847
185
805	0	[5 8]
903	0	[3 9]
163
847
536
697
411
742
611
414
952
383
160	0	[1 6]
780	0	[7 8]
539
422
962
888
959
371
846
140	0	[1 4]
492
653
504	0	[4 5]
851
956
397
022	0	[2 2]
391
976
860	0	[6 8]
864
541
154
144
507	0	[5 7]
192
847
756
272
044	0	[4 4]
472
407	0	[4 7]
779
125
609	0	[6 9]
185
958
265
591
722
807	0	[7 8]
353
589
272
051	0	[1 5]
438
421
637
118
557
057	0	[5 7]
670	0	[6 7]
199
209	0	[2 9]
229
782
825
855
899
710	0	[1 7]
001	0	[0 1]
904	0	[4 9]
809	0	[8 9]
503	0	[3 5]
538
220	0	[2 2]
737
427
562
019	0	[1 9]
089	0	[8 9]
630	0	[3 6]
244
071	0	[1 7]
117
824
383
389
964
970	0	[7 9]
368
794
307	0	[3 7]
466
892
482
853
264
967
549
904	0	[4 9]
362
475
388
287
186
800	0	[0 8]
795
506	0	[5 6]
797
921
681
844
147
621
833
475
557
908	0	[8 9]
739
037	0	[3 7]
479
311
731
366
612
571
430	0	[3 4]
210	0	[1 2]
328
283
658
204	0	[2 4]
578
671
720	0	[2 7]
405	0	[4 5]
858
680	0	[6 8]
241
162
379
403	0	[3 4]
787
594
462
415
456
368
114
152
121
956
984
853
777
594
310	0	[1 3]
105	0	[1 5]
538
553
491
199
804	0	[4 8]
779
104	0	[1 4]
775
121
492
171
004	0	[0 4]
509	0	[5 9]
195
760	0	[6 7]
271
882
052	0	[2 5]
845
871
679
575
541
392
252
602	0	[2 6]
569
707	0	[7 7]
634
952
904	0	[4 9]
924
018	0	[1 8]
342
022	0	[2 2]
983
486
978
864
599
414
329
584
890	0	[8 9]
022	0	[2 2]
940	0	[4 9]
411
207	0	[2 7]
377
639
744
435
363
268
272
651
053	0	[3 5]
781
078	0	[7 8]
967
961
490	0	[4 9]
162
770	0	[7 7]
179
965
218
925
251
795
741
330	0	[3 3]
510	0	[1 5]
053	0	[3 5]
584
367
804	0	[4 8]
470	0	[4 7]
629
268
958
238
464
923
241
845
386
625
677
919
836
096	0	[6 9]
312
330	0	[3 3]
549
766
160	0	[1 6]
473
328
926
841
730	0	[3 7]
959
564
047	0	[4 7]
886
752
027	0	[2 7]
085	0	[5 8]
620	0	[2 6]
737
529
170	0	[1 7]
869
996
807	0	[7 8]
818
386
619
468
926
402	0	[2 4]
453
134
790	0	[7 9]
640	0	[4 6]
790	0	[7 9]
052	0	[2 5]
632
820	0	[2 8]
525
403	0	[3 4]
126
150	0	[1 5]
139
601	0	[1 6]
513
368
059	0	[5 9]
253
887
907	0	[7 9]
460	0	[4 6]
692
535
001	0	[0 1]
811
835
648
387
827
204	0	[2 4]
113
945
368
504	0	[4 5]
678
133
054	0	[4 5]
042	0	[2 4]
567
977
246
737
413
184
827
794
301	0	[1 3]
339
263
323
232
811
871
753
506	0	[5 6]
760	0	[6 7]
628
250	0	[2 5]
819
548
976
516
411
430	0	[3 4]
541
594
559
170	0	[1 7]
888
740	0	[4 7]
776
918
097	0	[7 9]
987
681
720	0	[2 7]
138
006	0	[0 6]
659
417
183
033	0	[3 3]
363
880	0	[8 8]
765
410	0	[1 4]
573
527
396
048	0	[4 8]
127
626
237
864
678
402	0	[2 4]
831
967
389
611
661
032	0	[2 3]
892
551
066	0	[6 6]
139
415
246
422
934
323
288
204	0	[2 4]
124
624
306	0	[3 6]
478
869
237
254
231
589
713
993
339
254
520	0	[2 5]
886
905	0	[5 9]
453
462
011	0	[1 1]
408	0	[4 8]
754
495
470	0	[4 7]
534
896
696
001	0	[0 1]
565
468
101	0	[1 1]
760	0	[6 7]
947
337
640	0	[4 6]
201	0	[1 2]
152
732
353
833
162
800	0	[0 8]
606	0	[6 6]
266
627
380	0	[3 8]
992
458
023	0	[2 3]
491
028	0	[2 8]
317
287
198
872
835
460	0	[4 6]
648
602	0	[2 6]
015	0	[1 5]
162
421
421
444
623
638
731
965
740	0	[4 7]
825
824
408	0	[4 8]
947
156
752
169
666
952
294
397
170	0	[1 7]
739
336
163
505	0	[5 5]
023	0	[2 3]
114
810	0	[1 8]
876
385
440	0	[4 4]
943
036	0	[3 6]
976
783
816
616
546
660	0	[6 6]
611
682
939
783
680	0	[6 8]
682
937
017	0	[1 7]
318
849
526
102	0	[1 2]
725
497
700	0	[0 7]
220	0	[2 2]
396
749
653
923
825
787
657
163
043	0	[3 4]
331
663
374
421
583
970	0	[7 9]
184
073	0	[3 7]
499
902	0	[2 9]
410	0	[1 4]
425
425
446
156
887
351
439
280	0	[2 8]
536
184
224
176
426
088	0	[8 8]
631
012	0	[1 2]
083	0	[3 8]
721
223
287
379
356
597
661
264
998
507	0	[5 7]
971
371
748
987
839
709	0	[7 9]
518
352
809	0	[8 9]
364
637
088	0	[8 8]
279
278
286
895
241
022	0	[2 2]
287
839
419
211
474
025	0	[2 5]
814
167
845
651
751
315
595
124
228
359
639
416
013	0	[1 3]
133
714
773
788
153
426
833
350	0	[3 5]
749
868
346
277
995
542
782
216
045	0	[4 5]
582
670	0	[6 7]
260	0	[2 6]
534
217
426
535
975
955
933
462
817
064	0	[4 6]
933
976
156
077	0	[7 7]
148
433
980	0	[8 9]
058	0	[5 8]
964
440	0	[4 4]
812
176
665
272
552
886
601	0	[1 6]
760	0	[6 7]
997
414
988
056	0	[5 6]
223
803	0	[3 8]
211
838
386
004	0	[0 4]
940	0	[4 9]
773
522
960	0	[6 9]
554
878
268
228
213
046	0	[4 6]
860	0	[6 8]
033	0	[3 3]
926
910	0	[1 9]
896
957
346
832
591
786
884
455
050	0	[0 5]
333
777
987
613
679
688
191
186
546
833
708	0	[7 8]
302	0	[2 3]
830	0	[3 8]
143
037	0	[3 7]
090	0	[0 9]
142
158
025	0	[2 5]
825
998
230	0	[2 3]
668
817
568
991
739
526
032	0	[2 3]
871
675
612
741
591
414
794
269
877
715
389
225
193
249
660	0	[6 6]
754
436
272
714
771
148
361
654
660	0	[6 6]
825
957
819
755
303	0	[3 3]
357
839
689
762
913
354
546
985
824
948
132
713
549
959
719
296
975
257
198
651
195
221
704	0	[4 7]
596
651
754
637
367
163
173
217
784
470	0	[4 7]
531
573
557
723
461
790	0	[7 9]
013	0	[1 3]
805	0	[5 8]
839
443
036	0	[3 6]
850	0	[5 8]
157
858
696
972
041	0	[1 4]
307	0	[3 7]
170	0	[1 7]
129
466
001	0	[0 1]
419
372
560	0	[5 6]
548
362
341
199
155
230	0	[2 3]
357
813
423
697
119
238
652
214
661
405	0	[4 5]
943
898
532
097	0	[7 9]
637
344
681
777
287
129
615
047	0	[4 7]
616
058	0	[5 8]
076	0	[6 7]
302	0	[2 3]
063	0	[3 6]
376
435
691
778
278
094	0	[4 9]
992
955
044	0	[4 4]
020	0	[0 2]
847
479
762
121
063	0	[3 6]
332
271
158
644
014	0	[1 4]
738
829
684
876
159
886
688
011	0	[1 1]
259
115
740	0	[4 7]
525
838
132
856
778
201	0	[1 2]
169
409	0	[4 9]
915
481
415
299
619
989
361
915
285
187
227
784
884
950	0	[5 9]
603	0	[3 6]
585
688
035	0	[3 5]
221
301	0	[1 3]
272
108	0	[1 8]
253
245
666
975
724
704	0	[4 7]
766
834
019	0	[1 9]
628
364
935
154
426
367
411
877
793
211
941
594
827
296
818
270	0	[2 7]
385
779
989
436
280	0	[2 8]
628
213
320	0	[2 3]
382
397
671
500	0	[0 5]
300	0	[0 3]
804	0	[4 8]
048	0	[4 8]
834
431
572
384
345
900	0	[0 9]
793
719
040	0	[0 4]
143
773
582
422
341
747
617
350	0	[3 5]
618
787
388
735
751
833
465
689
481
244
310	0	[1 3]
009	0	[0 9]
347
906	0	[6 9]
138
028	0	[2 8]
026	0	[2 6]
369
976
569
669
503	0	[3 5]
384
941
604	0	[4 6]
615
514
338
045	0	[4 5]
769
685
152
107	0	[1 7]
598
262
219
155
480	0	[4 8]
620	0	[2 6]
208	0	[2 8]
867
402	0	[2 4]
440	0	[4 4]
080	0	[0 8]
257
797
516
088	0	[8 8]
454
108	0	[1 8]
541
561
525
765
034	0	[3 4]
611
283
376
723
302	0	[2 3]
177
510	0	[1 5]
069	0	[6 9]
623
204	0	[2 4]
458
940	0	[4 9]
693
358
973
945
486
707	0	[7 7]
330	0	[3 3]
035	0	[3 5]
878
066	0	[6 6]
147
302	0	[2 3]
518
568
463
657
208	0	[2 8]
137
109	0	[1 9]
394
669
569
722
044	0	[4 4]
282
976
694
178
302	0	[2 3]
292
898
131
913
059	0	[5 9]
471
468
318
837
544
246
786
657
944
901	0	[1 9]
129
032	0	[2 3]
315
090	0	[0 9]
212
119
972
608	0	[6 8]
807	0	[7 8]
047	0	[4 7]
826
307	0	[3 7]
955
035	0	[3 5]
301	0	[1 3]
790	0	[7 9]
474
124
021	0	[1 2]
271
688
317
303	0	[3 3]
566
331
908	0	[8 9]
561
963
078	0	[7 8]
726
002	0	[0 2]
757
933
916
700	0	[0 7]
554
636
187
258
378
944
498
291
519
478
414
150	0	[1 5]
474
131
361
150	0	[1 5]
146
716
750	0	[5 7]
982
063	0	[3 6]
093	0	[3 9]
471
318
923
513
918
359
655
057	0	[5 7]
652
299
402	0	[2 4]
975
229
573
630	0	[3 6]
016	0	[1 6]
381
167
549
072	0	[2 7]
917
771
726
159
643
877
031	0	[1 3]
115
170	0	[1 7]
553
536
492
674
243
928
466
763
920	0	[2 9]
982
188
564
244
474
373
376
272
186
268
040	0	[0 4]
679
767
999
750	0	[5 7]
910	0	[1 9]
594
420	0	[2 4]
472
439
606	0	[6 6]
278
164
057	0	[5 7]
320	0	[2 3]
810	0	[1 8]
449
414
676
544
591
175
730	0	[3 7]
654
420	0	[2 4]
047	0	[4 7]
691
480	0	[4 8]
971
465
789
916
675
300	0	[0 3]
989
957
106	0	[1 6]
969
373
223
331
026	0	[2 6]
488
756
324
461
095	0	[5 9]
121
703	0	[3 7]
468
746
598
397
667
098	0	[8 9]
071	0	[1 7]
802	0	[2 8]
794
372
163
960	0	[6 9]
588
877
169
026	0	[2 6]
570	0	[5 7]
057	0	[5 7]
619
068	0	[6 8]
080	0	[0 8]
702	0	[2 7]
552
820	0	[2 8]
387
551
252
237
744
443
275
682
571
069	0	[6 9]
151
661
491
000	0	[0 0]
706	0	[6 7]
898
235
201	0	[1 2]
260	0	[2 6]
367
696
798
481
853
127
392
722
805	0	[5 8]
264
324
915
139
170	0	[1 7]
335
313
480	0	[4 8]
497
580	0	[5 8]
711
860	0	[6 8]
972
631
986
944
478
447
825
871
664
518
171
679
995
159
214
923
511
338
008	0	[0 8]
884
933
469
637
001	0	[0 1]
838
459
133
733
235
175
160	0	[1 6]
495
748
563
713
519
859
947
130	0	[1 3]
359
384
849
111
639
062	0	[2 6]
369
191
124
908	0	[8 9]
583
646
183
825
956
862
734
213
397
042	0	[2 4]
372
446
910	0	[1 9]
971
859
584
823
986
657
798
636
305	0	[3 5]
845
939
886
936
426
307	0	[3 7]
684
543
194
001	0	[0 1]
480	0	[4 8]
215
743
445
132
618
394
626
507	0	[5 7]
074	0	[4 7]
318
711
051	0	[1 5]
601	0	[1 6]
879
860	0	[6 8]
155
106	0	[1 6]
980	0	[8 9]
046	0	[4 6]
847
217
379
038	0	[3 8]
867
096	0	[6 9]
160	0	[1 6]
874
257
079	0	[7 9]
936
609	0	[6 9]
272
676
654
255
099	0	[9 9]
528
199
580	0	[5 8]
283
124
463
047	0	[4 7]
853
856
750	0	[5 7]
989
173
889
654
296
721
969
717
197
582
418
138
204	0	[2 4]
187
657
757
761
745
845
708	0	[7 8]
875
035	0	[3 5]
977
737
879
160	0	[1 6]
221
204	0	[2 4]
449
282
137
211
731
802	0	[2 8]
871
276
709	0	[7 9]
389
775
699
273
824
440	0	[4 4]
676
389
021	0	[1 2]
343
706	0	[6 7]
200	0	[0 2]
366
264
407	0	[4 7]
925
949
434
182
709	0	[7 9]
426
043	0	[3 4]
862
103	0	[1 3]
697
386
126
427
031	0	[1 3]
224
986
638
108	0	[1 8]
776
249
314
448
615
519
389
826
852
113
425
520	0	[2 5]
996
157
786
414
944
176
538
711
982
837
690	0	[6 9]
657
864
098	0	[8 9]
061	0	[1 6]
041	0	[1 4]
969
925
247
941
492
050	0	[0 5]
744
475
806	0	[6 8]
525
737
563
332
658
076	0	[6 7]
948
317
658
248
458
060	0	[0 6]
603	0	[3 6]
672
529
584
487
255
063	0	[3 6]
749
993
354
048	0	[4 8]
616
282
885
057	0	[5 7]
968
481
191
905	0	[5 9]
756
437
025	0	[2 5]
245
822
009	0	[0 9]
915
684
699
587
032	0	[2 3]
064	0	[4 6]
975
292
399
047	0	[4 7]
051	0	[1 5]
251
229
389
943
542
405	0	[4 5]
510	0	[1 5]
185
861
415
097	0	[7 9]
952
447
078	0	[7 8]
433
325
184
608	0	[6 8]
552
873
744
463
912
835
757
345
357
288
066	0	[6 6]
860	0	[6 8]
235
662
066	0	[6 6]
514
705	0	[5 7]
245
816
658
012	0	[1 2]
875
178
429
049	0	[4 9]
845
324
547
847
953
099	0	[9 9]
523
678
724
103	0	[1 3]
497
193
560	0	[5 6]
562
785
886
283
334
545
932
226
106	0	[1 6]
800	0	[0 8]
443
481
314
987
650	0	[5 6]
312
767
974
193
226
082	0	[2 8]
564
810	0	[1 8]
964
847
898
452
607	0	[6 7]
346
866
256
147
039	0	[3 9]
418
755
306	0	[3 6]
714
407	0	[4 7]
011	0	[1 1]
297
452
684
429
558
378
818
419
798
676
189
346
616
591
678
203	0	[2 3]
034	0	[3 4]
248
023	0	[2 3]
142
131
192
281
428
720	0	[2 7]
326
220	0	[2 2]
744
113
209	0	[2 9]
812
568
328
200	0	[0 2]
704	0	[4 7]
763
847
368
130	0	[1 3]
271
837
618
598
611
267
325
665
091	0	[1 9]
303	0	[3 3]
807	0	[7 8]
420	0	[2 4]
607	0	[6 7]
023	0	[2 3]
411
021	0	[1 2]
006	0	[0 6]
597
471
218
528
286
595
889
959
586
055	0	[5 5]
865
322
464
780	0	[7 8]
943
104	0	[1 4]
780	0	[7 8]
863
206	0	[2 6]
356
998
856
291
106	0	[1 6]
322
477
358
932
699
850	0	[5 8]
794
130	0	[1 3]
153
459
918
062	0	[2 6]
603	0	[3 6]
925
134
538
608	0	[6 8]
451
157
607	0	[6 7]
923
489
989
715
182
320	0	[2 3]
460	0	[4 6]
230	0	[2 3]
557
441
052	0	[2 5]
209	0	[2 9]
944
791
418
062	0	[2 6]
969
989
453
791
269
615
605	0	[5 6]
284
586
104	0	[1 4]
103	0	[1 3]
486
014	0	[1 4]
153
077	0	[7 7]
818
107	0	[1 7]
774
169
081	0	[1 8]
720	0	[2 7]
513
389
613
363
624
277
860	0	[6 8]
994
330	0	[3 3]
481
380	0	[3 8]
826
752
030	0	[0 3]
649
433
638
261
213
471
858
778
644
081	0	[1 8]
835
119
947
055	0	[5 5]
893
769
218
161
921
651
982
432
858
138
723
808	0	[8 8]
205	0	[2 5]
207	0	[2 7]
884
973
325
143
398
672
698
232
256
924
039	0	[3 9]
270	0	[2 7]
971
623
264
615
480	0	[4 8]
108	0	[1 8]
666
768
245
703	0	[3 7]
368
677
482
386
225
221
312
352
433
743
623
606	0	[6 6]
943
444
675
187
830	0	[3 8]
662
654
588
558
249
966
115
776
496
183
508	0	[5 8]
309	0	[3 9]
791
475
511
396
099	0	[9 9]
708	0	[7 8]
590	0	[5 9]
498
980	0	[8 9]
941
528
936
954
832
230	0	[2 3]
968
793
868
369
807	0	[7 8]
294
049	0	[4 9]
944
998
690	0	[6 9]
133
956
959
530	0	[3 5]
314
842
317
421
037	0	[3 7]
715
128
933
119
550	0	[5 5]
096	0	[6 9]
260	0	[2 6]
232
941
553
606	0	[6 6]
876
891
864
889
070	0	[0 7]
420	0	[2 4]
225
880	0	[8 8]
936
958
714
010	0	[0 1]
919
333
885
074	0	[4 7]
171
343
184
244
627
742
134
324
710	0	[1 7]
913
352
455
532
804	0	[4 8]
928
506	0	[5 6]
910	0	[1 9]
492
116
222
873
860	0	[6 8]
546
067	0	[6 7]
553
233
496
312
082	0	[2 8]
781
266
713
865
927
504	0	[4 5]
657
083	0	[3 8]
716
610	0	[1 6]
631
771
399
659
263
948
480	0	[4 8]
639
220	0	[2 2]
364
916
230	0	[2 3]
421
483
611
177
313
769
605	0	[5 6]
738
668
647
429
489
086	0	[6 8]
053	0	[3 5]
116
707	0	[7 7]
148
100	0	[0 1]
101	0	[1 1]
833
096	0	[6 9]
475
502	0	[2 5]
802	0	[2 8]
291
816
998
113
450	0	[4 5]
580	0	[5 8]
419
425
257
249
701	0	[1 7]
736
075	0	[5 7]
664
759
693
223
128
004	0	[0 4]
748
524
778
532
313
111
392
996
037	0	[3 7]
865
462
338
526
360	0	[3 6]
040	0	[0 4]
666
116
881
116
804	0	[4 8]
279
150	0	[1 5]
615
565
083	0	[3 8]
417
212
790	0	[7 9]
039	0	[3 9]
895
642
342
252
612
716
273
825
077	0	[7 7]
789
611
507	0	[5 7]
168
708	0	[7 8]
703	0	[3 7]
863
144
013	0	[1 3]
320	0	[2 3]
957
861
999
159
404	0	[4 4]
742
958
063	0	[3 6]
528
753
479
619
254
150	0	[1 5]
091	0	[1 9]
200	0	[0 2]
288
703	0	[3 7]
046	0	[4 6]
478
541
108	0	[1 8]
143
361
636
972
890	0	[8 9]
590	0	[5 9]
376
654
656
817
933
303	0	[3 3]
730	0	[3 7]
821
442
540	0	[4 5]
735
814
563
605	0	[5 6]
074	0	[4 7]
232
371
691
439
530	0	[3 5]
745
845
699
792
111
635
246
173
574
321
800	0	[0 8]
271
126
111
184
151
019	0	[1 9]
262
308	0	[3 8]
889
360	0	[3 6]
662
597
181
573
360	0	[3 6]
521
449
716
884
203	0	[2 3]
221
401	0	[1 4]
051	0	[1 5]
953
161
290	0	[2 9]
367
187
072	0	[2 7]
655
197
309	0	[3 9]
553
580	0	[5 8]
384
634
197
206	0	[2 6]
753
914
064	0	[4 6]
918
435
671
302	0	[2 3]
850	0	[5 8]
486
348
075	0	[5 7]
526
445
760	0	[6 7]
777
395
542
276
629
529
118
409	0	[4 9]
288
372
565
261
789
320	0	[2 3]
367
975
301	0	[1 3]
593
106	0	[1 6]
043	0	[3 4]
120	0	[1 2]
816
962
967
571
704	0	[4 7]
710	0	[1 7]
008	0	[0 8]
004	0	[0 4]
286
556
581
674
203	0	[2 3]
200	0	[0 2]
527
541
883
679
441
931
905	0	[5 9]
327
691
104	0	[1 4]
621
324
039	0	[3 9]
971
027	0	[2 7]
301	0	[1 3]
797
476
307	0	[3 7]
033	0	[3 3]
867
768
550	0	[5 5]
205	0	[2 5]
023	0	[2 3]
344
729
739
212
390	0	[3 9]
350	0	[3 5]
200	0	[0 2]
511
741
222
941
841
823
301	0	[1 3]
151
805	0	[5 8]
908	0	[8 9]
755
067	0	[6 7]
905	0	[5 9]
720	0	[2 7]
211
534
241
539
150	0	[1 5]
079	0	[7 9]
811
658
753
595
613
883
174
954
751
414
961
381
393
710	0	[1 7]
608	0	[6 8]
985
211
392
555
255
315
950	0	[5 9]
431
230	0	[2 3]
067	0	[6 7]
842
438
976
217
668
988
202	0	[2 2]
688
428
014	0	[1 4]
508	0	[5 8]
589
518
282
374
928
761
676
873
559
374
616
173
224
993
125
627
786
536
832
994
026	0	[2 6]
657
606	0	[6 6]
814
327
492
668
252
735
303	0	[3 3]
809	0	[8 9]
750	0	[5 7]
200	0	[0 2]
022	0	[2 2]
219
466
643
709	0	[7 9]
590	0	[5 9]
783
951
684
304	0	[3 4]
968
058	0	[5 8]
426
148
847
500	0	[0 5]
928
878
384
462
244
726
472
317
756
635
273
918
836
983
399
079	0	[7 9]
674
581
063	0	[3 6]
784
620	0	[2 6]
530	0	[3 5]
612
707	0	[7 7]
354
169
362
738
415
246
246
923
787
939
983
957
903	0	[3 9]
870	0	[7 8]
710	0	[1 7]
068	0	[6 8]
673
076	0	[6 7]
889
315
349
101	0	[1 1]
774
183
229
630	0	[3 6]
581
964
322
588
738
399
331
172
549
222
750	0	[5 7]
197
144
723
653
558
624
034	0	[3 4]
385
805	0	[5 8]
422
726
748
551
976
251
956
975
183
994
408	0	[4 8]
782
117
598
154
514
538
898
501	0	[1 5]
381
997
081	0	[1 8]
999
040	0	[0 4]
458
896
543
371
034	0	[3 4]
452
014	0	[1 4]
993
193
481
636
065	0	[5 6]
441
526
831
623
659
073	0	[3 7]
858
385
193
953
604	0	[4 6]
937
972
223
191
448
106	0	[1 6]
925
013	0	[1 3]
229
921
968
164
203	0	[2 3]
549
345
351
016	0	[1 6]
232
885
691
824
346
976
073	0	[3 7]
717
470	0	[4 7]
685
636
683
927
437
510	0	[1 5]
248
326
528
729
070	0	[0 7]
729
487
344
062	0	[2 6]
181
343
619
824
182
518
331
138
342
617
325
243
587
526
663
755
486
178
086	0	[6 8]
761
075	0	[5 7]
037	0	[3 7]
706	0	[6 7]
503	0	[3 5]
198
407	0	[4 7]
713
773
552
003	0	[0 3]
950	0	[5 9]
910	0	[1 9]
773
309	0	[3 9]
868
375
247
686
383
169
800	0	[0 8]
128
675
540	0	[4 5]
138
074	0	[4 7]
283
627
815
989
344
185
078	0	[7 8]
229
800	0	[0 8]
849
151
983
638
014	0	[1 4]
865
285
975
552
791
261
883
866
160	0	[1 6]
726
433
165
870	0	[7 8]
205	0	[2 5]
778
601	0	[1 6]
500	0	[0 5]
110	0	[1 1]
417
981
923
779
063	0	[3 6]
091	0	[1 9]
043	0	[3 4]
011	0	[1 1]
795
823
163
005	0	[0 5]
869
763
525
270	0	[2 7]
818
109	0	[1 9]
618
453
835
374
363
980	0	[8 9]
919
020	0	[0 2]
034	0	[3 4]
500	0	[0 5]
452
270	0	[2 7]
150	0	[1 5]
428
894
098	0	[8 9]
178
732
918
542
352
878
863
758
666
357
661
585
322
419
224
377
628
575
863
373
509	0	[5 9]
755
458
282
393
978
292
123
610	0	[1 6]
573
880	0	[8 8]
529
589
536
332
322
879
367
561
712
297
519
602	0	[2 6]
878
250	0	[2 5]
869
822
304	0	[3 4]
368
285
330	0	[3 3]
515
491
476
278
996
862
225
595
057	0	[5 7]
104	0	[1 4]
680	0	[6 8]
294
192
461
752
961
092	0	[2 9]
502	0	[2 5]
018	0	[1 8]
353
074	0	[4 7]
880	0	[8 8]
818
505	0	[5 5]
859
137
952
396
483
106	0	[1 6]
005	0	[0 5]
871
689
283
064	0	[4 6]
727
361
084	0	[4 8]
349
134
882
702	0	[2 7]
981
713
669
654
634
293
878
772
039	0	[3 9]
930	0	[3 9]
636
752
590	0	[5 9]
270	0	[2 7]
484
773
892
822
664
932
869
844
651
601	0	[1 6]
407	0	[4 7]
563
628
860	0	[6 8]
231
291
231
960	0	[6 9]
410	0	[1 4]
657
947
110	0	[1 1]
304	0	[3 4]
145
142
664
315
471
018	0	[1 8]
562
994
362
342
866
875
357
048	0	[4 8]
706	0	[6 7]
197
545
945
718
205	0	[2 5]
176
603	0	[3 6]
302	0	[2 3]
466
015	0	[1 5]
001	0	[0 1]
978
585
300	0	[0 3]
919
887
216
632
920	0	[2 9]
253
880	0	[8 8]
325
363
910	0	[1 9]
191
558
997
786
593
866
541
210	0	[1 2]
277
802	0	[2 8]
828
330	0	[3 3]
105	0	[1 5]
647
953
651
766
685
131
362
504	0	[4 5]
533
464
171
279
043	0	[3 4]
664
138
516
471
424
143
652
997
005	0	[0 5]
357
749
550	0	[5 5]
117
819
847
553
715
588
297
555
650	0	[5 6]
368
715
597
661
255
225
008	0	[0 8]
326
924
086	0	[6 8]
691
984
886
581
838
656
556
984
222
288
579
188
242
220	0	[2 2]
772
161
683
086	0	[6 8]
426
207	0	[2 7]
723
725
333
824
442
196
380	0	[3 8]
524
173
047	0	[4 7]
249
542
737
983
391
401	0	[1 4]
708	0	[7 8]
782
290	0	[2 9]
275
443
100	0	[0 1]
137
482
221
484
972
243
118
094	0	[4 9]
208	0	[2 8]
502	0	[2 5]
961
308	0	[3 8]
551
018	0	[1 8]
124
902	0	[2 9]
166
977
158
693
625
649
328
066	0	[6 6]
602	0	[2 6]
184
787
601	0	[1 6]
789
860	0	[6 8]
396
943
155
771
856
569
168
063	0	[3 6]
278
269
869
942
907	0	[7 9]
677
278
809	0	[8 9]
816
270	0	[2 7]
914
039	0	[3 9]
211
021	0	[1 2]
645
188
035	0	[3 5]
104	0	[1 4]
217
847
874
459
925
638
989
119
973
915
353
398
986
196
569
610	0	[1 6]
708	0	[7 8]
530	0	[3 5]
880	0	[8 8]
350	0	[3 5]
760	0	[6 7]
133
954
028	0	[2 8]
127
107	0	[1 7]
300	0	[0 3]
737
240	0	[2 4]
140	0	[1 4]
533
369
598
327
101	0	[1 1]
684
913
822
623
709	0	[7 9]
647
511
678
312
498
802	0	[2 8]
841
605	0	[5 6]
350	0	[3 5]
481
389
766
416
883
335
195
890	0	[8 9]
903	0	[3 9]
771
641
556
033	0	[3 3]
290	0	[2 9]
466
971
596
202	0	[2 2]
459
961
855
086	0	[6 8]
508	0	[5 8]
075	0	[5 7]
708	0	[7 8]
527
075	0	[5 7]
371
345
125
669
221
671
960	0	[6 9]
049	0	[4 9]
154
715
648
372
720	0	[2 7]
908	0	[8 9]
405	0	[4 5]
704	0	[4 7]
702	0	[2 7]
808	0	[8 8]
541
737
461
226
111
614
114
479
855
270	0	[2 7]
291
942
553
839
651
807	0	[7 8]
304	0	[3 4]
886
930	0	[3 9]
188
776
621
629
671
188
790	0	[7 9]
315
773
172
736
975
804	0	[4 8]
279
847
596
993
031	0	[1 3]
960	0	[6 9]
350	0	[3 5]
018	0	[1 8]
547
388
378
769
823
888
580	0	[5 8]
116
215
299
547
193
020	0	[0 2]
174
250	0	[2 5]
284
012	0	[1 2]
138
162
807	0	[7 8]
151
197
231
468
718
224
034	0	[3 4]
185
496
339
542
589
558
338
876
433
346
775
144
665
111
473
048	0	[4 8]
266
813
212
446
699
618
811
393
178
091	0	[1 9]
910	0	[1 9]
961
216
157
191
631
207	0	[2 7]
113
466
755
853
966
815
910	0	[1 9]
134
631
112
054	0	[4 5]
484
219
646
135
885
374
605	0	[5 6]
093	0	[3 9]
583
403	0	[3 4]
946
276
588
014	0	[1 4]
577
282
068	0	[6 8]
705	0	[5 7]
311
134
246
156
002	0	[0 2]
225
039	0	[3 9]
118
023	0	[2 3]
494
918
440	0	[4 4]
780	0	[7 8]
532
762
123
144
740	0	[4 7]
492
846
876
826
844
830	0	[3 8]
064	0	[4 6]
805	0	[5 8]
910	0	[1 9]
397
374
745
661
204	0	[2 4]
392
204	0	[2 4]
715
094	0	[4 9]
028	0	[2 8]
482
809	0	[8 9]
707	0	[7 7]
323
282
818
287
139
254
884
149
625
275
676
949
628
819
362
843
548
152
840	0	[4 8]
324
647
659
765
222
489
375
929
747
321
613
774
606	0	[6 6]
556
960	0	[6 9]
396
201	0	[1 2]
833
363
214
776
786
163
827
614
023	0	[2 3]
684
662
238
186
652
096	0	[6 9]
760	0	[6 7]
740	0	[4 7]
235
451
682
375
532
287
044	0	[4 4]
289
111
210	0	[1 2]
561
390	0	[3 9]
780	0	[7 8]
499
257
374
120	0	[1 2]
270	0	[2 7]
437
820	0	[2 8]
214
732
645
059	0	[5 9]
569
601	0	[1 6]
510	0	[1 5]
519
325
881
724
197
564
950	0	[5 9]
641
957
044	0	[4 4]
251
715
203	0	[2 3]
525
709	0	[7 9]
320	0	[2 3]
807	0	[7 8]
814
511
796
940	0	[4 9]
753
234
724
524
833
509	0	[5 9]
128
698
204	0	[2 4]
090	0	[0 9]
772
241
949
854
915
715
910	0	[1 9]
314
488
605	0	[5 6]
154
677
429
885
471
847
212
219
348
505	0	[5 5]
832
904	0	[4 9]
896
751
633
606	0	[6 6]
165
190	0	[1 9]
523
166
667
616
014	0	[1 4]
988
502	0	[2 5]
918
153
676
217
252
084	0	[4 8]
569
827
240	0	[2 4]
280	0	[2 8]
905	0	[5 9]
098	0	[8 9]
341
552
657
023	0	[2 3]
966
738
008	0	[0 8]
615
993
871
952
816
536
626
834
830	0	[3 8]
809	0	[8 9]
862
502	0	[2 5]
989
251
051	0	[1 5]
025	0	[2 5]
205	0	[2 5]
992
492
294
097	0	[7 9]
613
008	0	[0 8]
894
635
808	0	[8 8]
419
512
081	0	[1 8]
111
098	0	[8 9]
793
408	0	[4 8]
225
597
501	0	[1 5]
745
618
771
469
935
032	0	[2 3]
652
060	0	[0 6]
805	0	[5 8]
547
103	0	[1 3]
386
752
266
891
801	0	[1 8]
734
754
474
888
360	0	[3 6]
138
882
076	0	[6 7]
072	0	[2 7]
477
669
233
580	0	[5 8]
669
721
559
226
081	0	[1 8]
900	0	[0 9]
206	0	[2 6]
421
902	0	[2 9]
932
218
783
907	0	[7 9]
873
910	0	[1 9]
413
523
141
564
133
783
011	0	[1 1]
687
189
622
566
862
428
309	0	[3 9]
201	0	[1 2]
322
925
085	0	[5 8]
178
857
461
495
219
593
129
009	0	[0 9]
454
271
544
099	0	[9 9]
220	0	[2 2]
032	0	[2 3]
086	0	[6 8]
208	0	[2 8]
341
377
666
997
341
067	0	[6 7]
914
631
623
803	0	[3 8]
095	0	[5 9]
509	0	[5 9]
898
082	0	[2 8]
581
348
734
472
797
817
454
353
636
169
068	0	[6 8]
012	0	[1 2]
966
673
082	0	[2 8]
579
883
180	0	[1 8]
001	0	[0 1]
613
940	0	[4 9]
511
149
020	0	[0 2]
651
592
164
769
868
437
936
759
094	0	[4 9]
777
031	0	[1 3]
696
386
507	0	[5 7]
705	0	[5 7]
910	0	[1 9]
941
105	0	[1 5]
614
022	0	[2 2]
376
539
434
894
873
272
079	0	[7 9]
587
157
420	0	[2 4]
845
987
063	0	[3 6]
799
487
594
709	0	[7 9]
314
297
402	0	[2 4]
245
747
717
944
529
025	0	[2 5]
613
634
455
914
283
460	0	[4 6]
221
272
215
376
282
089	0	[8 9]
292
915
526
110	0	[1 1]
727
833
201	0	[1 2]
021	0	[1 2]
555
828
449
231
533
279
377
251
823
062	0	[2 6]
630	0	[3 6]
611
059	0	[5 9]
719
191
091	0	[1 9]
907	0	[7 9]
392
610	0	[1 6]
103	0	[1 3]
150	0	[1 5]
582
427
824
795
747
131
053	0	[3 5]
843
491
462
196
398
551
392
012	0	[1 2]
723
816
224
532
034	0	[3 4]
958
487
188
319
019	0	[1 9]
429
931
424
988
522
327
163
863
938
539
913
847
541
918
009	0	[0 9]
141
138
764
579
765
211
377
204	0	[2 4]
466
747
241
443
008	0	[0 8]
690	0	[6 9]
682
401	0	[1 4]
359
436
121
451
360	0	[3 6]
245
912
588
140	0	[1 4]
424
574
359
524
782
016	0	[1 6]
487
998
931
832
894
009	0	[0 9]
409	0	[4 9]
814
195
156
516
958
824
707	0	[7 7]
412
506	0	[5 6]
437
613
009	0	[0 9]
132
308	0	[3 8]
026	0	[2 6]
788
617
207	0	[2 7]
020	0	[0 2]
463
146
073	0	[3 7]
213
798
641
897
260	0	[2 6]
040	0	[0 4]
588
539
441
195
708	0	[7 8]
060	0	[0 6]
779
996
121
093	0	[3 9]
120	0	[1 2]
600	0	[0 6]
824
127
514
358
045	0	[4 5]
394
429
873
881
887
370	0	[3 7]
192
382
912
648
031	0	[1 3]
010	0	[0 1]
262
318
452
494
817
452
938
034	0	[3 4]
895
909	0	[9 9]
401	0	[1 4]
205	0	[2 5]
687
985
590	0	[5 9]
677
112
116
191
352
825
018	0	[1 8]
130	0	[1 3]
193
892
451
766
538
598
229
986
083	0	[3 8]
587
516
540	0	[4 5]
156
436
587
733
840	0	[4 8]
506	0	[5 6]
145
714
689
192
363
298
325
079	0	[7 9]
778
651
329
995
822
877
846
088	0	[8 8]
490	0	[4 9]
627
095	0	[5 9]
944
027	0	[2 7]
932
914
439
704	0	[4 7]
633
866
524
839
048	0	[4 8]
517
992
357
330	0	[3 3]
719
359
799
648
818
517
784
938
647
083	0	[3 8]
788
407	0	[4 7]
087	0	[7 8]
268
098	0	[8 9]
330	0	[3 3]
546
479
068	0	[6 8]
679
188
087	0	[7 8]
207	0	[2 7]
247
451
691
725
844
776
546
854
361
309	0	[3 9]
012	0	[1 2]
626
960	0	[6 9]
096	0	[6 9]
850	0	[5 8]
611
111
851
423
106	0	[1 6]
586
983
999
758
427
830	0	[3 8]
803	0	[3 8]
972
660	0	[6 6]
580	0	[5 8]
901	0	[1 9]
472
602	0	[2 6]
741
005	0	[0 5]
932
577
864
206	0	[2 6]
746
906	0	[6 9]
495
516
690	0	[6 9]
840	0	[4 8]
782
286
892
761
077	0	[7 7]
439
624
778
628
404	0	[4 4]
206	0	[2 6]
666
242
258
896
472
291
380	0	[3 8]
423
307	0	[3 7]
562
610	0	[1 6]
326
036	0	[3 6]
729
896
711
553
916
654
723
996
974
248
932
846
976
879
453
530	0	[3 5]
545
208	0	[2 8]
458
738
154
600	0	[0 6]
594
254
709	0	[7 9]
954
029	0	[2 9]
816
530	0	[3 5]
460	0	[4 6]
832
067	0	[6 7]
022	0	[2 2]
846
418
756
994
000	0	[0 0]
854
916
603	0	[3 6]
831
285
531
917
626
819
806	0	[6 8]
704	0	[4 7]
708	0	[7 8]
758
694
535
618
389
835
422
872
702	0	[2 7]
495
209	0	[2 9]
477
693
705	0	[5 7]
395
260	0	[2 6]
578
349
887
263
191
951
468
516
222
081	0	[1 8]
167
130	0	[1 3]
633
575
882
404	0	[4 4]
734
711
487
302	0	[2 3]
617
733
278
416
132
650	0	[5 6]
629
165
915
414
138
363
975
280	0	[2 8]
103	0	[1 3]
251
491
735
819
445
635
131
929
343
539
609	0	[6 9]
622
803	0	[3 8]
307	0	[3 7]
747
089	0	[8 9]
243
553
651
871
963
454
321
541
564
744
332
801	0	[1 8]
636
664
329
240	0	[2 4]
467
125
549
754
991
284
119
990	0	[9 9]
947
644
196
433
206	0	[2 6]
685
871
915
788
531
909	0	[9 9]
921
351
070	0	[0 7]
641
627
068	0	[6 8]
659
936
495
457
034	0	[3 4]
399
390	0	[3 9]
493
057	0	[5 7]
327
206	0	[2 6]
720	0	[2 7]
990	0	[9 9]
468
022	0	[2 2]
495
533
090	0	[0 9]
171
994
316
015	0	[1 5]
287
300	0	[0 3]
219
341
618
635
526
375
257
904	0	[4 9]
225
805	0	[5 8]
421
166
561
682
282
855
199
146
284
359
733
329
867
116
746
008	0	[0 8]
103	0	[1 3]
369
789
708	0	[7 8]
797
517
222
416
198
128
212
735
639
659
959
558
974
435
520	0	[2 5]
295
275
989
938
784
278
240	0	[2 4]
405	0	[4 5]
511
562
749
726
114
682
881
474
875
013	0	[1 3]
932
512
035	0	[3 5]
064	0	[4 6]
911
522
552
281
553
020	0	[0 2]
803	0	[3 8]
469
605	0	[5 6]
556
278
867
142
779
574
698
180	0	[1 8]
991
206	0	[2 6]
765
829
176
186
323
032	0	[2 3]
626
417
817
729
977
067	0	[6 7]
046	0	[4 6]
600	0	[0 6]
275
703	0	[3 7]
925
119
371
245
022	0	[2 2]
337
693
321
520	0	[2 5]
355
797
170	0	[1 7]
768
484
657
232
017	0	[1 7]
344
780	0	[7 8]
894
127
009	0	[0 9]
191
435
742
283
632
599
757
971
733
480	0	[4 8]
729
477
982
415
809	0	[8 9]
170	0	[1 7]
740	0	[4 7]
518
002	0	[0 2]
371
521
167
518
398
582
432
793
897
180	0	[1 8]
834
839
471
342
678
072	0	[2 7]
629
266
237
056	0	[5 6]
926
067	0	[6 7]
882
307	0	[3 7]
778
936
503	0	[3 5]
100	0	[0 1]
766
797
062	0	[2 6]
218
791
339
547
858
065	0	[5 6]
886
386
378
243
519
177
814
047	0	[4 7]
779
401	0	[1 4]
709	0	[7 9]
800	0	[0 8]
023	0	[2 3]
237
297
325
915
559
393
503	0	[3 5]
231
178
370	0	[3 7]
930	0	[3 9]
670	0	[6 7]
923
130	0	[1 3]
370	0	[3 7]
230	0	[2 3]
767
415
275
407	0	[4 7]
238
110	0	[1 1]
001	0	[0 1]
683
873
019	0	[1 9]
170	0	[1 7]
974
299
228
860	0	[6 8]
211
736
370	0	[3 7]
562
769
986
454
059	0	[5 9]
341
672
739
542
658
716
433
985
301	0	[1 3]
452
368
857
176
191
348
334
882
714
405	0	[4 5]
986
396
887
262
692
806	0	[6 8]
473
087	0	[7 8]
534
782
983
111
837
072	0	[2 7]
174
688
503	0	[3 5]
255
862
996
433
633
531
925
697
774
373
359
235
838
288
831
801	0	[1 8]
883
740	0	[4 7]
990	0	[9 9]
128
179
672
626
710	0	[1 7]
471
245
593
554
133
366
911
318
623
472
906	0	[6 9]
595
161
461
913
607	0	[6 7]
250	0	[2 5]
641
160	0	[1 6]
745
545
972
923
606	0	[6 6]
874
735
990	0	[9 9]
333
045	0	[4 5]
107	0	[1 7]
534
112
172
858
446
529
449
336
077	0	[7 7]
231
317
736
424
396
312
804	0	[4 8]
208	0	[2 8]
532
299
470	0	[4 7]
509	0	[5 9]
128
280	0	[2 8]
271
918
845
351
003	0	[0 3]
478
922
907	0	[7 9]
752
039	0	[3 9]
871
423
896
060	0	[0 6]
498
442
058	0	[5 8]
081	0	[1 8]
446
786
841
491
527
014	0	[1 4]
377
375
324
273
574
175
746
123
009	0	[0 9]
220	0	[2 2]
172
260	0	[2 6]
095	0	[5 9]
030	0	[0 3]
120	0	[1 2]
557
704	0	[4 7]
968
023	0	[2 3]
222
211
785
072	0	[2 7]
634
351
171
769
746
613
724
449
683
321
619
015	0	[1 5]
451
751
537
997
196
047	0	[4 7]
423
451
242
007	0	[0 7]
635
550	0	[5 5]
448
314
009	0	[0 9]
423
171
509	0	[5 9]
222
895
088	0	[8 8]
456
211
006	0	[0 6]
505	0	[5 5]
737
791
670	0	[6 7]
030	0	[0 3]
996
325
614
547
760	0	[6 7]
619
077	0	[7 7]
795
266
631
701	0	[1 7]
861
654
018	0	[1 8]
824
236
257
150	0	[1 5]
747
116
227
905	0	[5 9]
146
173
462
040	0	[0 4]
451
266
899
512
335
971
103	0	[1 3]
947
216
203	0	[2 3]
390	0	[3 9]
301	0	[1 3]
351
045	0	[4 5]
029	0	[2 9]
384
447
959
533
427
866
672
194
608	0	[6 8]
256
853
510	0	[1 5]
464
364
748
381
437
159
896
103	0	[1 3]
888
603	0	[3 6]
373
163
520	0	[2 5]
283
218
946
529
192
925
138
950	0	[5 9]
312
797
215
029	0	[2 9]
399
809	0	[8 9]
177
755
863
036	0	[3 6]
566
436
187
077	0	[7 7]
308	0	[3 8]
675
706	0	[6 7]
583
609	0	[6 9]
669
806	0	[6 8]
723
805	0	[5 8]
509	0	[5 9]
207	0	[2 7]
231
481
320	0	[2 3]
159
347
369
663
074	0	[4 7]
754
493
113
468
927
716
465
912
219
251
259
287
470	0	[4 7]
351
720	0	[2 7]
903	0	[3 9]
351
366
349
099	0	[9 9]
573
492
110	0	[1 1]
718
168
576
646
101	0	[1 1]
952
653
794
399
442
187
387
316
639
336
677
886
949
546
887
239
023	0	[2 3]
918
094	0	[4 9]
283
070	0	[0 7]
185
544
676
193
088	0	[8 8]
630	0	[3 6]
106	0	[1 6]
567
006	0	[0 6]
512
250	0	[2 5]
318
765
076	0	[6 7]
629
550	0	[5 5]
879
329
262
029	0	[2 9]
913
586
819
576
059	0	[5 9]
757
303	0	[3 3]
805	0	[5 8]
860	0	[6 8]
486
466
686
126
671
850	0	[5 8]
006	0	[0 6]
525
242
486
281
408	0	[4 8]
676
947
746
656
837
295
013	0	[1 3]
452
872
897
223
445
685
225
099	0	[9 9]
828
630	0	[3 6]
862
452
826
698
308	0	[3 8]
999
494
354
611
153
008	0	[0 8]
462
052	0	[2 5]
121
306	0	[3 6]
525
471
398
577
418
125
881
269
438
056	0	[5 6]
598
374
476
072	0	[2 7]
879
152
481
556
468
785
721
727
965
524
126
733
681
475
278
175
147
911
928
429
448
021	0	[1 2]
507	0	[5 7]
913
372
705	0	[5 7]
126
789
258
632
403	0	[3 4]
279
911
109	0	[1 9]
762
932
276
885
976
861
321
364
427
108	0	[1 8]
894
008	0	[0 8]
365
220	0	[2 2]
247
945
358
282
682
003	0	[0 3]
366
506	0	[5 6]
111
149
044	0	[4 4]
863
995
479
237
907	0	[7 9]
658
621
421
545
059	0	[5 9]
622
150	0	[1 5]
048	0	[4 8]
544
407	0	[4 7]
814
029	0	[2 9]
416
049	0	[4 9]
223
525
873
940	0	[4 9]
272
509	0	[5 9]
537
169
838
691
421
667
830	0	[3 8]
277
143
475
055	0	[5 5]
503	0	[3 5]
334
021	0	[1 2]
043	0	[3 4]
076	0	[6 7]
282
515
713
601	0	[1 6]
642
640	0	[4 6]
404	0	[4 4]
871
808	0	[8 8]
229
942
227
620	0	[2 6]
047	0	[4 7]
678
744
028	0	[2 8]
031	0	[1 3]
890	0	[8 9]
197
704	0	[4 7]
003	0	[0 3]
725
922
170	0	[1 7]
580	0	[5 8]
588
285
632
087	0	[7 8]
488
502	0	[2 5]
425
113
192
112
037	0	[3 7]
900	0	[0 9]
227
854
210	0	[1 2]
061	0	[1 6]
286
121
592
248
807	0	[7 8]
495
830	0	[3 8]
044	0	[4 4]
557
250	0	[2 5]
961
709	0	[7 9]
747
889
017	0	[1 7]
747
652
339
323
936
696
381
382
347
369
147
345
696
122
187
971
895
384
775
889
414
703	0	[3 7]
508	0	[5 8]
661
690	0	[6 9]
552
229
824
893
955
609	0	[6 9]
979
538
721
958
895
202	0	[2 2]
629
089	0	[8 9]
053	0	[3 5]
290	0	[2 9]
999
973
934
356
148
963
953
731
233
246
746
850	0	[5 8]
410	0	[1 4]
133
931
436
868
444
017	0	[1 7]
747
522
160	0	[1 6]
048	0	[4 8]
870	0	[7 8]
013	0	[1 3]
799
641
835
354
952
406	0	[4 6]
943
154
021	0	[1 2]
179
462
580	0	[5 8]
381
771
574
663
023	0	[2 3]
463
906	0	[6 9]
773
640	0	[4 6]
579
357
736
084	0	[4 8]
847
647
687
840	0	[4 8]
498
002	0	[0 2]
150	0	[1 5]
183
402	0	[2 4]
727
794
121
975
744
086	0	[6 8]
919
147
022	0	[2 2]
349
077	0	[7 7]
743
203	0	[2 3]
983
678
711
779
441
854
214
678
206	0	[2 6]
502	0	[2 5]
088	0	[8 8]
088	0	[8 8]
520	0	[2 5]
832
618
650	0	[5 6]
205	0	[2 5]
623
232
856
297
946
894
224
993
064	0	[4 6]
242
447
629
172
730	0	[3 7]
239
375
453
467
421
619
683
502	0	[2 5]
586
308	0	[3 8]
891
627
555
289
816
921
666
644
227
291
908	0	[8 9]
565
483
912
183
913
988
463
970	0	[7 9]
405	0	[4 5]
172
442
759
017	0	[1 7]
755
338
298
223
513
612
099	0	[9 9]
551
163
073	0	[3 7]
509	0	[5 9]
808	0	[8 8]
542
468
543
773
233
727
370	0	[3 7]
893
250	0	[2 5]
138
729
714
210	0	[1 2]
027	0	[2 7]
160	0	[1 6]
957
265
881
599
474
623
801	0	[1 8]
604	0	[4 6]
730	0	[3 7]
525
093	0	[3 9]
817
586
267
153
806	0	[6 8]
340	0	[3 4]
774
641
501	0	[1 5]
902	0	[2 9]
339
836
781
832
663
389
613
518
821
768
519
918
013	0	[1 3]
079	0	[7 9]
003	0	[0 3]
001	0	[0 1]
092	0	[2 9]
728
399
344
977
229
558
919
187
312
872
945
117
791
007	0	[0 7]
905	0	[5 9]
056	0	[5 6]
333
131
387
217
700	0	[0 7]
306	0	[3 6]
064	0	[4 6]
700	0	[0 7]
322
262
541
127
937
738
995
839
933
624
433
164
704	0	[4 7]
101	0	[1 1]
766
582
018	0	[1 8]
974
128
798
662
524
650	0	[5 6]
158
834
711
272
048	0	[4 8]
164
754
242
745
526
105	0	[1 5]
198
760	0	[6 7]
594
660	0	[6 6]
266
521
411
810	0	[1 8]
235
045	0	[4 5]
998
242
288
111
544
384
999
243
321
262
103	0	[1 3]
224
502	0	[2 5]
091	0	[1 9]
723
677
275
392
087	0	[7 8]
946
134
078	0	[7 8]
501	0	[1 5]
673
348
194
053	0	[3 5]
423
896
792
641
317
665
100	0	[0 1]
123
109	0	[1 9]
898
010	0	[0 1]
213
912
610	0	[1 6]
001	0	[0 1]
857
820	0	[2 8]
935
561
310	0	[1 3]
855
377
544
464
168
156
021	0	[1 2]
842
822
073	0	[3 7]
973
044	0	[4 4]
986
619
465
529
325
525
183
420	0	[2 4]
603	0	[3 6]
968
295
417
414
313
751
524
604	0	[4 6]
681
878
245
868
371
189
929
397
417
927
680	0	[6 8]
698
323
687
562
451
052	0	[2 5]
051	0	[1 5]
813
748
369
228
738
946
102	0	[1 2]
822
781
629
949
414
496
403	0	[3 4]
975
248
855
831
560	0	[5 6]
406	0	[4 6]
129
796
558
733
506	0	[5 6]
281
473
873
731
312
804	0	[4 8]
688
216
767
269
505	0	[5 5]
030	0	[0 3]
060	0	[0 6]
689
810	0	[1 8]
274
707	0	[7 7]
846
769
855
204	0	[2 4]
034	0	[3 4]
135
858
420	0	[2 4]
571
427
481
140	0	[1 4]
101	0	[1 1]
801	0	[1 8]
100	0	[0 1]
272
358
520	0	[2 5]
209	0	[2 9]
722
604	0	[4 6]
368
287
700	0	[0 7]
022	0	[2 2]
274
574
639
755
034	0	[3 4]
123
738
588
712
687
420	0	[2 4]
012	0	[1 2]
411
424
787
090	0	[0 9]
621
540	0	[4 5]
762
238
563
772
680	0	[6 8]
061	0	[1 6]
667
253
838
791
691
237
070	0	[0 7]
730	0	[3 7]
997
885
316
124
907	0	[7 9]
864
414
307	0	[3 7]
131
057	0	[5 7]
855
298
214
594
515
788
317
072	0	[2 7]
856
568
411
073	0	[3 7]
497
724
953
945
465
047	0	[4 7]
202	0	[2 2]
858
150	0	[1 5]
576
916
606	0	[6 6]
955
219
732
972
142
839
499
060	0	[0 6]
892
845
720	0	[2 7]
891
956
722
759
778
992
734
301	0	[1 3]
636
965
608	0	[6 8]
242
643
408	0	[4 8]
083	0	[3 8]
037	0	[3 7]
343
822
770	0	[7 7]
391
398
811
817
110	0	[1 1]
168
126
034	0	[3 4]
275
763
863
660	0	[6 6]
185
774
306	0	[3 6]
525
618
495
361
577
564
621
059	0	[5 9]
202	0	[2 2]
373
367
084	0	[4 8]
143
545
842
270	0	[2 7]
741
412
744
455
455
974
919
300	0	[0 3]
327
919
056	0	[5 6]
131
193
935
874
591
668
907	0	[7 9]
699
042	0	[2 4]
798
017	0	[1 7]
585
847
458
551
593
283
416
218
140	0	[1 4]
829
544
870	0	[7 8]
911
376
081	0	[1 8]
593
788
348
827
293
573
882
275
863
814
865
455
555
201	0	[1 2]
822
646
779
593
818
546
803	0	[3 8]
437
064	0	[4 6]
962
038	0	[3 8]
656
885
161
666
402	0	[2 4]
266
200	0	[0 2]
562
595
328
146
822
036	0	[3 6]
363
020	0	[0 2]
599
620	0	[2 6]
288
154
926
996
058	0	[5 8]
753
753
144
540	0	[4 5]
824
860	0	[6 8]
284
256
436
181
226
675
507	0	[5 7]
186
122
876
651
531
095	0	[5 9]
103	0	[1 3]
593
449
750	0	[5 7]
324
268
933
719
519
250	0	[2 5]
932
213
213
556
723
831
201	0	[1 2]
461
999
327
200	0	[0 2]
725
733
655
292
192
280	0	[2 8]
970	0	[7 9]
461
783
003	0	[0 3]
411
306	0	[3 6]
994
628
424
836
042	0	[2 4]
118
982
974
479
380	0	[3 8]
994
887
335
488
521
760	0	[6 7]
686
805	0	[5 8]
531
418
047	0	[4 7]
378
424
475
166
510	0	[1 5]
288
907	0	[7 9]
335
530	0	[3 5]
801	0	[1 8]
434
658
361
343
267
386
757
214
078	0	[7 8]
221
001	0	[0 1]
934
517
384
984
200	0	[0 2]
164
998
806	0	[6 8]
312
960	0	[6 9]
052	0	[2 5]
085	0	[5 8]
265
986
001	0	[0 1]
380	0	[3 8]
065	0	[5 6]
880	0	[8 8]
578
520	0	[2 5]
855
469
925
146
313
915
967
890	0	[8 9]
925
751
181
460	0	[4 6]
482
336
037	0	[3 7]
216
138
631
856
353
202	0	[2 2]
751
197
937
974
782
617
516
778
323
919
719
569
988
615
231
941
820	0	[2 8]
020	0	[0 2]
438
209	0	[2 9]
120	0	[1 2]
008	0	[0 8]
722
135
991
506	0	[5 6]
209	0	[2 9]
876
323
828
269
606	0	[6 6]
328
377
844
111
319
880	0	[8 8]
453
387
457
166
671
852
404	0	[4 4]
842
232
564
164
035	0	[3 5]
242
096	0	[6 9]
972
330	0	[3 3]
593
163
405	0	[4 5]
011	0	[1 1]
824
451
353
207	0	[2 7]
053	0	[3 5]
236
971
410	0	[1 4]
303	0	[3 3]
523
577
318
244
549
382
105	0	[1 5]
120	0	[1 2]
515
053	0	[3 5]
990	0	[9 9]
298
105	0	[1 5]
507	0	[5 7]
808	0	[8 8]
962
965
665
700	0	[0 7]
431
806	0	[6 8]
155
851
770	0	[7 7]
563
377
339
379
969
547
458
888
345
768
166
197
683
067	0	[6 7]
057	0	[5 7]
332
290	0	[2 9]
520	0	[2 5]
225
279
874
118
897
727
169
431
098	0	[8 9]
162
007	0	[0 7]
369
145
604	0	[4 6]
604	0	[4 6]
663
379
948
561
178
394
160	0	[1 6]
252
946
190	0	[1 9]
754
647
216
561
416
339
148
313
232
017	0	[1 7]
810	0	[1 8]
325
489
380	0	[3 8]
006	0	[0 6]
347
364
307	0	[3 7]
119
992
197
542
257
674
116
964
571
100	0	[0 1]
595
886
409	0	[4 9]
921
884
056	0	[5 6]
994
850	0	[5 8]
936
981
299
607	0	[6 7]
753
630	0	[3 6]
624
443
116
221
614
301	0	[1 3]
625
879
836
559
002	0	[0 2]
320	0	[2 3]
917
709	0	[7 9]
748
727
555
879
606	0	[6 6]
131
400	0	[0 4]
695
176
867
469
414
465
245
385
024	0	[2 4]
527
210	0	[1 2]
892
962
400	0	[0 4]
123
371
894
981
051	0	[1 5]
318
940	0	[4 9]
743
994
233
818
492
357
837
662
638
362
995
509	0	[5 9]
694
657
540	0	[4 5]
810	0	[1 8]
935
398
874
813
985
714
986
091	0	[1 9]
825
693
026	0	[2 6]
289
983
753
217
133
725
605	0	[5 6]
576
004	0	[0 4]
079	0	[7 9]
140	0	[1 4]
588
814
143
953
561
262
025	0	[2 5]
682
197
046	0	[4 6]
279
767
133
818
710	0	[1 7]
519
945
475
546
830	0	[3 8]
378
846
422
052	0	[2 5]
585
321
716
589
894
888
929
266
093	0	[3 9]
426
287
239
591
961
642
984
803	0	[3 8]
981
935
586
633
543
417
805	0	[5 8]
668
007	0	[0 7]
112
385
178
411
724
794
775
890	0	[8 9]
086	0	[6 8]
297
676
573
020	0	[0 2]
884
308	0	[3 8]
388
682
347
126
086	0	[6 8]
343
009	0	[0 9]
218
723
228
083	0	[3 8]
631
464
803	0	[3 8]
872
073	0	[3 7]
701	0	[1 7]
951
130	0	[1 3]
925
569
250	0	[2 5]
048	0	[4 8]
552
513
724
066	0	[6 6]
155
918
488
475
998
007	0	[0 7]
817
844
551
049	0	[4 9]
894
014	0	[1 4]
071	0	[1 7]
926
559
380	0	[3 8]
151
702	0	[2 7]
212
545
755
769
798
224
476
852
322
704	0	[4 7]
508	0	[5 8]
010	0	[0 1]
075	0	[5 7]
352
589
643
877
186
034	0	[3 4]
977
343
320	0	[2 3]
553
270	0	[2 7]
975
288
505	0	[5 5]
125
849
833
882
739
101	0	[1 1]
772
451
682
076	0	[6 7]
495
837
534
311
714
613
935
524
524
011	0	[1 1]
421
081	0	[1 8]
971
565
786
789
307	0	[3 7]
429
739
085	0	[5 8]
077	0	[7 7]
275
780	0	[7 8]
163
930	0	[3 9]
444
231
253
936
841
442
123
713
369
848
749
711
286
233
507	0	[5 7]
510	0	[1 5]
809	0	[8 9]
258
415
255
194
705	0	[5 7]
886
804	0	[4 8]
033	0	[3 3]
434
756
385
051	0	[1 5]
726
999
569
103	0	[1 3]
007	0	[0 7]
045	0	[4 5]
540	0	[4 5]
685
207	0	[2 7]
278
528
801	0	[1 8]
831
998
506	0	[5 6]
502	0	[2 5]
778
553
453
102	0	[1 2]
017	0	[1 7]
544
173
372
636
110	0	[1 1]
944
487
679
960	0	[6 9]
545
769
441
384
181
193
738
609	0	[6 9]
529
130	0	[1 3]
753
932
222
236
712
677
243
152
345
801	0	[1 8]
386
845
435
711
578
936
837
834
248
396
398
018	0	[1 8]
047	0	[4 7]
586
702	0	[2 7]
395
094	0	[4 9]
509	0	[5 9]
989
502	0	[2 5]
974
639
957
882
132
835
209	0	[2 9]
209	0	[2 9]
757
154
873
701	0	[1 7]
228
774
283
682
915
705	0	[5 7]
572
715
169
133
023	0	[2 3]
378
038	0	[3 8]
804	0	[4 8]
794
077	0	[7 7]
644
302	0	[2 3]
813
476
791
646
960	0	[6 9]
460	0	[4 6]
674
492
886
222
801	0	[1 8]
098	0	[8 9]
219
120	0	[1 2]
503	0	[3 5]
855
541
459
123
945
299
276
905	0	[5 9]
524
183
264
464
114
457
494
000	0	[0 0]
190	0	[1 9]
506	0	[5 6]
122
265
761
839
913
385
382
592
280	0	[2 8]
830	0	[3 8]
656
579
396
154
286
576
906	0	[6 9]
120	0	[1 2]
356
419
360	0	[3 6]
607	0	[6 7]
821
090	0	[0 9]
820	0	[2 8]
561
283
961
102	0	[1 2]
782
219
135
772
152
532
570	0	[5 7]
335
540	0	[4 5]
812
404	0	[4 4]
254
513
471
229
994
807	0	[7 8]
684
019	0	[1 9]
421
801	0	[1 8]
116
470	0	[4 7]
273
382
955
997
622
236
539
526
395
903	0	[3 9]
773
711
260	0	[2 6]
747
502	0	[2 5]
228
138
056	0	[5 6]
043	0	[3 4]
705	0	[5 7]
667
009	0	[0 9]
991
258
027	0	[2 7]
145
523
095	0	[5 9]
656
731
571
899
518
463
520	0	[2 5]
874
252
038	0	[3 8]
174
019	0	[1 9]
553
844
192
900	0	[0 9]
999
890	0	[8 9]
351
968
056	0	[5 6]
221
858
295
302	0	[2 3]
930	0	[3 9]
960	0	[6 9]
081	0	[1 8]
729
543
920	0	[2 9]
621
656
467
365
564
679
088	0	[8 8]
068	0	[6 8]
077	0	[7 7]
569
603	0	[3 6]
644
357
220	0	[2 2]
652
818
291
561
494
979
094	0	[4 9]
240	0	[2 4]
486
044	0	[4 4]
491
161
844
936
601	0	[1 6]
282
751
769
028	0	[2 8]
524
772
102	0	[1 2]
487
338
932
211
795
883
441
457
975
250	0	[2 5]
316
226
656
264
001	0	[0 1]
009	0	[0 9]
153
364
466
664
969
325
080	0	[0 8]
528
087	0	[7 8]
563
706	0	[6 7]
240	0	[2 4]
889
749
758
487
453
942
150	0	[1 5]
695
262
695
569
774
127
678
547
592
544
992
335
501	0	[1 5]
455
050	0	[0 5]
817
410	0	[1 4]
953
310	0	[1 3]
063	0	[3 6]
613
079	0	[7 9]
156
725
371
859
261
850	0	[5 8]
921
423
765
826
063	0	[3 6]
558
610	0	[1 6]
967
005	0	[0 5]
303	0	[3 3]
146
814
272
458
933
049	0	[4 9]
259
034	0	[3 4]
774
242
761
280	0	[2 8]
926
546
493
418
888
730	0	[3 7]
389
965
484
371
322
187
248
605	0	[5 6]
249
536
813
372
288
299
112
327
839
495
364
211
015	0	[1 5]
494
416
884
327
853
286
974
491
513
325
985
737
757
742
464
659
016	0	[1 6]
258
631
484
731
682
490	0	[4 9]
742
083	0	[3 8]
502	0	[2 5]
712
516
136
400	0	[0 4]
955
039	0	[3 9]
827
520	0	[2 5]
054	0	[4 5]
501	0	[1 5]
020	0	[0 2]
949
152
468
184
949
063	0	[3 6]
616
680	0	[6 8]
763
723
167
763
400	0	[0 4]
130	0	[1 3]
254
764
563
286
321
917
733
318
384
432
333
541
140	0	[1 4]
972
468
117
486
300	0	[0 3]
613
546
875
171
897
304	0	[3 4]
844
098	0	[8 9]
691
543
113
001	0	[0 1]
750	0	[5 7]
609	0	[6 9]
672
506	0	[5 6]
489
202	0	[2 2]
640	0	[4 6]
264
159
704	0	[4 7]
026	0	[2 6]
801	0	[1 8]
428
230	0	[2 3]
981
912
621
358
035	0	[3 5]
591
433
653
157
303	0	[3 3]
626
868
703	0	[3 7]
733
517
976
928
382
245
220	0	[2 2]
398
249
969
952
371
019	0	[1 9]
648
575
554
952
706	0	[6 7]
004	0	[0 4]
871
450	0	[4 5]
405	0	[4 5]
874
139
167
882
544
419
898
294
650	0	[5 6]
393
674
703	0	[3 7]
762
943
020	0	[0 2]
923
682
385
864
518
287
188
667
960	0	[6 9]
329
967
715
377
835
480	0	[4 8]
768
804	0	[4 8]
507	0	[5 7]
375
874
144
717
804	0	[4 8]
856
057	0	[5 7]
288
803	0	[3 8]
924
820	0	[2 8]
614
552
355
150	0	[1 5]
305	0	[3 5]
687
173
888
953
902	0	[2 9]
069	0	[6 9]
673
225
882
451
287
156
424
000	0	[0 0]
798
954
587
518
376
522
186
253
480	0	[4 8]
922
642
456
576
698
037	0	[3 7]
079	0	[7 9]
390	0	[3 9]
772
399
049	0	[4 9]
302	0	[2 3]
649
196
738
578
808	0	[8 8]
695
369
280	0	[2 8]
096	0	[6 9]
666
555
121
163
341
405	0	[4 5]
417
229
770	0	[7 7]
616
995
405	0	[4 5]
328
041	0	[1 4]
480	0	[4 8]
683
076	0	[6 7]
145
971
444
443
510	0	[1 5]
535
897
299
971
751
444
934
555
311
468
568
157
831
327
806	0	[6 8]
332
685
203	0	[2 3]
083	0	[3 8]
795
528
057	0	[5 7]
705	0	[5 7]
830	0	[3 8]
121
551
697
112
186
538
753
181
152
956
087	0	[7 8]
765
408	0	[4 8]
895
884
788
677
750	0	[5 7]
102	0	[1 2]
670	0	[6 7]
911
368
369
735
401	0	[1 4]
941
861
546
529
140	0	[1 4]
332
569
163
154
005	0	[0 5]
087	0	[7 8]
008	0	[0 8]
507	0	[5 7]
384
726
780	0	[7 8]
628
192
057	0	[5 7]
724
421
562
624
638
270	0	[2 7]
657
918
926
683
554
928
671
276
961
041	0	[1 4]
557
389
259
556
600	0	[0 6]
921
528
215
379
710	0	[1 7]
425
742
479
583
257
481
538
227
876
960	0	[6 9]
581
154
764
234
106	0	[1 6]
733
702	0	[2 7]
905	0	[5 9]
236
968
927
617
357
393
629
627
263
891
606	0	[6 6]
181
315
768
121
846
159
299
436
487
955
071	0	[1 7]
886
833
663
107	0	[1 7]
507	0	[5 7]
744
015	0	[1 5]
054	0	[4 5]
801	0	[1 8]
104	0	[1 4]
189
560	0	[5 6]
138
100	0	[0 1]
702	0	[2 7]
997
854
424
623
338
656
627
013	0	[1 3]
020	0	[0 2]
837
173
943
524
087	0	[7 8]
019	0	[1 9]
890	0	[8 9]
046	0	[4 6]
704	0	[4 7]
741
310	0	[1 3]
847
907	0	[7 9]
826
585
515
335
448
272
570	0	[5 7]
240	0	[2 4]
064	0	[4 6]
214
739
863
540	0	[4 5]
571
179
897
487
006	0	[0 6]
363
962
393
087	0	[7 8]
383
176
613
890	0	[8 9]
162
356
959
495
288
580	0	[5 8]
690	0	[6 9]
462
406	0	[4 6]
261
036	0	[3 6]
083	0	[3 8]
243
294
597
853
110	0	[1 1]
065	0	[5 6]
967
604	0	[4 6]
657
878
716
214
725
490	0	[4 9]
574
251
190	0	[1 9]
184
307	0	[3 7]
975
796
526
391
705	0	[5 7]
574
407	0	[4 7]
428
469
932
885
185
916
335
062	0	[2 6]
446
493
223
491
319
247
523
774
427
377
553
103	0	[1 3]
561
837
607	0	[6 7]
524
483
764
914
661
004	0	[0 4]
584
918
130	0	[1 3]
913
288
389
675
115
540	0	[4 5]
548
017	0	[1 7]
843
775
184
485
718
545
877
267
233
734
025	0	[2 5]
935
030	0	[0 3]
721
913
514
350	0	[3 5]
557
469
139
067	0	[6 7]
369
702	0	[2 7]
887
471
922
155
552
986
426
152
598
639
378
724
197
076	0	[6 7]
731
886
886
856
155
255
446
262
726
724
160	0	[1 6]
292
084	0	[4 8]
980	0	[8 9]
178
162
055	0	[5 5]
070	0	[0 7]
359
634
574
661
028	0	[2 8]
049	0	[4 9]
048	0	[4 8]
054	0	[4 5]
349
927
061	0	[1 6]
134
491
051	0	[1 5]
615
512
482
754
502	0	[2 5]
071	0	[1 7]
849
303	0	[3 3]
542
664
201	0	[1 2]
338
792
694
875
381
826
911
188
489
104	0	[1 4]
305	0	[3 5]
114
691
861
116
241
364
518
734
199
707	0	[7 7]
720	0	[2 7]
966
653
695
807	0	[7 8]
670	0	[6 7]
170	0	[1 7]
520	0	[2 5]
467
755
893
691
518
194
472
482
756
854
835
189
303	0	[3 3]
310	0	[1 3]
158
996
563
349
352
174
424
781
931
501	0	[1 5]
121
678
780	0	[7 8]
422
217
428
044	0	[4 4]
007	0	[0 7]
259
845
109	0	[1 9]
131
079	0	[7 9]
660	0	[6 6]
179
223
951
254
515
005	0	[0 5]
875
818
716
804	0	[4 8]
282
165
157
064	0	[4 6]
390	0	[3 9]
438
393
820	0	[2 8]
097	0	[7 9]
001	0	[0 1]
607	0	[6 7]
564
644
625
118
507	0	[5 7]
691
427
641
279
760	0	[6 7]
075	0	[5 7]
646
844
073	0	[3 7]
575
241
759
148
304	0	[3 4]
582
534
217
178
089	0	[8 9]
248
184
864
156
929
935
444
082	0	[2 8]
907	0	[7 9]
748
993
783
623
705	0	[5 7]
949
219
475
718
938
626
031	0	[1 3]
234
640	0	[4 6]
170	0	[1 7]
841
787
261
682
720	0	[2 7]
175
827
531
636
563
194
249
487
536
865
711
958
876
814
174
502	0	[2 5]
232
769
468
701	0	[1 7]
982
554
150	0	[1 5]
401	0	[1 4]
840	0	[4 8]
880	0	[8 8]
780	0	[7 8]
222
970	0	[7 9]
523
735
504	0	[4 5]
881
550	0	[5 5]
280	0	[2 8]
371
047	0	[4 7]
022	0	[2 2]
905	0	[5 9]
415
301	0	[1 3]
958
323
273
726
466
321
188
216
475
423
370	0	[3 7]
807	0	[7 8]
369
164
465
566
786
795
241
883
221
081	0	[1 8]
710	0	[1 7]
082	0	[2 8]
086	0	[6 8]
952
751
132
110	0	[1 1]
441
396
645
014	0	[1 4]
160	0	[1 6]
292
134
834
846
643
254
297
403	0	[3 4]
296
522
559
949
636
650	0	[5 6]
261
591
285
915
984
436
883
512
824
292
878
401	0	[1 4]
426
411
428
329
739
705	0	[5 7]
794
181
002	0	[0 2]
586
578
221
545
835
905	0	[5 9]
764
437
811
119
607	0	[6 7]
758
930	0	[3 9]
797
587
894
531
376
369
479
139
821
486
180	0	[1 8]
592
175
159
548
338
305	0	[3 5]
705	0	[5 7]
420	0	[2 4]
387
717
840	0	[4 8]
376
685
066	0	[6 6]
479
720	0	[2 7]
216
034	0	[3 4]
537
733
091	0	[1 9]
321
729
478
547
412
103	0	[1 3]
333
681
857
475
146
951
671
232
119
377
773
526
931
904	0	[4 9]
467
103	0	[1 3]
732
539
545
024	0	[2 4]
548
484
664
624
642
144
214
483
599
931
388
562
588
483
225
475
344
559
346
923
392
386
041	0	[1 4]
917
154
799
586
346
386
327
431
184
275
476
135
111
613
612
595
531
332
756
399
375
681
268
678
662
247
721
667
564
144
254
941
741
027	0	[2 7]
921
585
208	0	[2 8]
037	0	[3 7]
160	0	[1 6]
396
932
226
182
013	0	[1 3]
490	0	[4 9]
843
255
219
942
906	0	[6 9]
229
011	0	[1 1]
299
879
754
259
059	0	[5 9]
114
471
964
464
704	0	[4 7]
465
440	0	[4 4]
244
485
374
532
277
576
504	0	[4 5]
821
337
219
704	0	[4 7]
317
439
767
211
167
167
999
578
358
141
513
689
991
017	0	[1 7]
944
660	0	[6 6]
788
696
248
967
383
044	0	[4 4]
797
124
931
946
557
973
726
046	0	[4 6]
977
892
484
434
310	0	[1 3]
456
244
846
773
777
963
785
608	0	[6 8]
452
762
879
146
510	0	[1 5]
438
906	0	[6 9]
364
211
159
881
337
152
191
247
180	0	[1 8]
796
232
612
142
452
642
121
984
541
818
182
743
527
769
736
294
100	0	[0 1]
969
094	0	[4 9]
261
749
165
031	0	[1 3]
532
590	0	[5 9]
340	0	[3 4]
218
976
420	0	[2 4]
984
161
105	0	[1 5]
406	0	[4 6]
542
243
178
241
365
183
323
040	0	[0 4]
610	0	[1 6]
510	0	[1 5]
350	0	[3 5]
539
073	0	[3 7]
636
243
464
430	0	[3 4]
042	0	[2 4]
068	0	[6 8]
891
561
868
449
360	0	[3 6]
750	0	[5 7]
860	0	[6 8]
807	0	[7 8]
233
192
989
446
808	0	[8 8]
071	0	[1 7]
649
411
617
859
303	0	[3 3]
079	0	[7 9]
153
314
671
961
205	0	[2 5]
162
830	0	[3 8]
920	0	[2 9]
766
480	0	[4 8]
271
127
171
598
103	0	[1 3]
033	0	[3 3]
204	0	[2 4]
083	0	[3 8]
222
167
257
092	0	[2 9]
818
094	0	[4 9]
476
492
390	0	[3 9]
757
831
992
218
292
730	0	[3 7]
718
182
484
745
963
908	0	[8 9]
052	0	[2 5]
062	0	[2 6]
932
583
744
028	0	[2 8]
146
749
598
973
706	0	[6 7]
965
346
577
531
094	0	[4 9]
967
311
383
763
523
520	0	[2 5]
869
302	0	[2 3]
220	0	[2 2]
469
991
566
418
945
642
831
869
811
592
717
809	0	[8 9]
891
773
192
574
696
856
347
119
465
465
983
672
140	0	[1 4]
533
863
404	0	[4 4]
141
327
743
675
896
757
075	0	[5 7]
578
110	0	[1 1]
488
448
533
958
876
825
336
565
812
331
043	0	[3 4]
605	0	[5 6]
324
720	0	[2 7]
406	0	[4 6]
272
965
933
017	0	[1 7]
277
639
199
056	0	[5 6]
562
094	0	[4 9]
377
071	0	[1 7]
063	0	[3 6]
596
034	0	[3 4]
297
797
605	0	[5 6]
590	0	[5 9]
345
130	0	[1 3]
795
824
242
138
528
580	0	[5 8]
410	0	[1 4]
506	0	[5 6]
368
394
627
965
876
856
015	0	[1 5]
770	0	[7 7]
338
028	0	[2 8]
459
261
162
897
764
212
229
486
211
037	0	[3 7]
027	0	[2 7]
373
731
704	0	[4 7]
952
080	0	[0 8]
998
206	0	[2 6]
167
827
058	0	[5 8]
725
419
840	0	[4 8]
292
407	0	[4 7]
227
904	0	[4 9]
827
886
602	0	[2 6]
439
741
864
175
002	0	[0 2]
906	0	[6 9]
957
308	0	[3 8]
422
937
177
665
128
310	0	[1 3]
717
157
854
163
701	0	[1 7]
230	0	[2 3]
525
640	0	[4 6]
484
628
581
426
489
134
824
565
151
708	0	[7 8]
059	0	[5 9]
208	0	[2 8]
310	0	[1 3]
440	0	[4 4]
109	0	[1 9]
795
464
197
886
513
274
221
215
427
966
992
733
800	0	[0 8]
503	0	[3 5]
990	0	[9 9]
105	0	[1 5]
731
508	0	[5 8]
999
542
917
171
565
896
764
178
806	0	[6 8]
439
797
144
759
527
066	0	[6 6]
004	0	[0 4]
725
961
358
687
631
581
670	0	[6 7]
946
403	0	[3 4]
406	0	[4 6]
266
148
404	0	[4 4]
206	0	[2 6]
690	0	[6 9]
974
900	0	[0 9]
076	0	[6 7]
348
353
009	0	[0 9]
304	0	[3 4]
682
644
754
236
010	0	[0 1]
776
162
363
683
118
116
880	0	[8 8]
099	0	[9 9]
457
389
311
825
955
937
843
601	0	[1 6]
354
527
525
359
870	0	[7 8]
051	0	[1 5]
017	0	[1 7]
717
694
306	0	[3 6]
839
784
492
725
902	0	[2 9]
515
387
173
102	0	[1 2]
010	0	[0 1]
563
522
440	0	[4 4]
184
421
053	0	[3 5]
992
814
691
285
101	0	[1 1]
282
331
346
241
638
749
363
522
039	0	[3 9]
891
151
579
017	0	[1 7]
558
666
636
504	0	[4 5]
737
742
176
093	0	[3 9]
411
171
273
526
562
096	0	[6 9]
300	0	[0 3]
218
295
831
031	0	[1 3]
984
537
634
649
997
245
478
129
901	0	[1 9]
448
423
732
988
417
290	0	[2 9]
114
690	0	[6 9]
279
475
401	0	[1 4]
029	0	[2 9]
355
362
559
200	0	[0 2]
278
081	0	[1 8]
764
038	0	[3 8]
349
000	0	[0 0]
853
397
212
707	0	[7 7]
971
800	0	[0 8]
355
962
599
038	0	[3 8]
535
239
964
650	0	[5 6]
590	0	[5 9]
464
531
865
697
961
864
731
851
590	0	[5 9]
793
128
918
517
726
800	0	[0 8]
480	0	[4 8]
722
249
399
863
918
485
326
982
682
437
057	0	[5 7]
527
625
709	0	[7 9]
615
599
939
152
923
868
039	0	[3 9]
204	0	[2 4]
818
829
445
516
939
270	0	[2 7]
023	0	[2 3]
970	0	[7 9]
343
596
228
833
896
559
305	0	[3 5]
357
299
590	0	[5 9]
527
002	0	[0 2]
592
664
163
835
587
335
362
708	0	[7 8]
534
659
901	0	[1 9]
113
712
083	0	[3 8]
151
298
048	0	[4 8]
719
697
671
350	0	[3 5]
679
155
749
803	0	[3 8]
982
981
895
490	0	[4 9]
163
911
829
663
545
385
901	0	[1 9]
810	0	[1 8]
191
448
191
179
666
220	0	[2 2]
385
911
276
162
812
398
468
486
527
942
583
027	0	[2 7]
176
559
129
844
726
451
248
168
354
558
056	0	[5 6]
474
701	0	[1 7]
309	0	[3 9]
814
114
367
427
024	0	[2 4]
453
817
477
927
990	0	[9 9]
877
439
771
039	0	[3 9]
748
852
263
205	0	[2 5]
943
242
376
877
118
801	0	[1 8]
791
369
221
395
107	0	[1 7]
731
316
991
648
729
733
471
132
019	0	[1 9]
215
620	0	[2 6]
265
183
793
905	0	[5 9]
311
365
389
685
576
991
355
919
540	0	[4 5]
695
003	0	[0 3]
665
241
680	0	[6 8]
324
066	0	[6 6]
189
339
476
903	0	[3 9]
279
949
057	0	[5 7]
226
826
211
951
102	0	[1 2]
391
137
017	0	[1 7]
655
511
358
468
049	0	[4 9]
069	0	[6 9]
494
745
751
854
636
651
348
146
259
360	0	[3 6]
853
743
236
673
901	0	[1 9]
159
418
443
003	0	[0 3]
511
387
808	0	[8 8]
283
258
086	0	[6 8]
915
750	0	[5 7]
761
639
247
792
328
493
131
332
218
700	0	[0 7]
036	0	[3 6]
438
463
103	0	[1 3]
313
013	0	[1 3]
744
060	0	[0 6]
909	0	[9 9]
301	0	[1 3]
146
589
011	0	[1 1]
012	0	[1 2]
852
050	0	[0 5]
783
941
294
114
020	0	[0 2]
930	0	[3 9]
925
113
039	0	[3 9]
904	0	[4 9]
733
157
267
824
309	0	[3 9]
152
668
750	0	[5 7]
445
101	0	[1 1]
806	0	[6 8]
275
508	0	[5 8]
255
986
932
156
366
498
730	0	[3 7]
739
563
622
027	0	[2 7]
226
219
511
767
208	0	[2 8]
045	0	[4 5]
913
680	0	[6 8]
012	0	[1 2]
956
393
940	0	[4 9]
109	0	[1 9]
644
854
810	0	[1 8]
598
143
513
394
556
719
757
517
093	0	[3 9]
457
087	0	[7 8]
266
469
679
180	0	[1 8]
005	0	[0 5]
957
093	0	[3 9]
882
452
092	0	[2 9]
066	0	[6 6]
401	0	[1 4]
063	0	[3 6]
730	0	[3 7]
135
971
446
142
540	0	[4 5]
363
491
780	0	[7 8]
674
867
048	0	[4 8]
390	0	[3 9]
096	0	[6 9]
295
778
397
977
975
027	0	[2 7]
854
744
633
599
454
088	0	[8 8]
601	0	[1 6]
907	0	[7 9]
189
772
201	0	[1 2]
740	0	[4 7]
109	0	[1 9]
120	0	[1 2]
198
605	0	[5 6]
486
756
887
816
253
933
842
773
597
241
166
324
820	0	[2 8]
588
107	0	[1 7]
885
588
800	0	[0 8]
049	0	[4 9]
685
251
563
308	0	[3 8]
446
246
928
937
323
660	0	[6 6]
532
360	0	[3 6]
648
842
414
863
706	0	[6 7]
117
834
373
494
144
644
904	0	[4 9]
918
322
977
047	0	[4 7]
807	0	[7 8]
679
828
780	0	[7 8]
293
360	0	[3 6]
107	0	[1 7]
253
995
113
850	0	[5 8]
695
310	0	[1 3]
367
621
813
235
457
089	0	[8 9]
807	0	[7 8]
259
079	0	[7 9]
008	0	[0 8]
045	0	[4 5]
197
342
251
681
124
918
363
854
930	0	[3 9]
607	0	[6 7]
920	0	[2 9]
962
811
085	0	[5 8]
659
996
676
496
442
487
095	0	[5 9]
126
356
462
950	0	[5 9]
261
196
274
339
693
584
657
336
952
683
606	0	[6 6]
530	0	[3 5]
044	0	[4 4]
377
631
438
782
790	0	[7 9]
689
561
134
340	0	[3 4]
404	0	[4 4]
560	0	[5 6]
438
453
370	0	[3 7]
968
406	0	[4 6]
461
245
200	0	[0 2]
913
321
463
788
338
727
094	0	[4 9]
915
934
994
797
412
939
998
231
886
778
847
323
335
772
650	0	[5 6]
405	0	[4 5]
197
155
693
787
816
407	0	[4 7]
498
198
768
550	0	[5 5]
168
065	0	[5 6]
555
340	0	[3 4]
959
729
368
248
764
471
727
081	0	[1 8]
392
389
818
546
217
608	0	[6 8]
097	0	[7 9]
190	0	[1 9]
944
116
744
163
976
478
899
408	0	[4 8]
317
443
601	0	[1 6]
060	0	[0 6]
318
145
696
422
117
557
839
863
331
352
887
