904
117
587
108
484
173
033
632	6	[2 3]
793
606	6	[0 6]
982
348
018
211
549
559
177
495
648	6	[4 8]
521
502
182
762	6	[2 7]
415
728
617	6	[1 7]
152
600	6	[0 0]
734
245
514
597
576	6	[5 7]
217
700
981
097
560	6	[0 5]
089
307
138
006	6	[0 0]
841
113
337
592
309
436	6	[3 4]
289
851
121
184
538
170
514
348
443
129
459
321
818
957
788
481
012
433
879
626	6	[2 6]
677	6	[7 7]
069	6	[0 9]
004
949
490
378
712
495
424
464	6	[4 4]
373
988
119
776	6	[7 7]
359
037
584
300
337
140
565	6	[5 5]
453
671	6	[1 7]
910
820
834
152
600	6	[0 0]
199
592
185
120
745
464	6	[4 4]
601	6	[0 1]
349
784
921
827
042
072
453
602	6	[0 2]
694	6	[4 9]
517
797
698	6	[8 9]
405
221
194
283
877
263	6	[2 3]
139
486	6	[4 8]
076	6	[0 7]
354
234
835
383
984
450
361	6	[1 3]
231
815
653	6	[3 5]
032
228
973
417
298
456	6	[4 5]
130
597
537
407
824
520
850
956	6	[5 9]
470
927
359
693	6	[3 9]
797
532
177
353
588
209
868	6	[8 8]
854
568	6	[5 8]
567	6	[5 7]
597
101
858
003
381
377
051
866	6	[6 8]
726	6	[2 7]
096	6	[0 9]
238
728
619	6	[1 9]
381
597
150
059
979
507
337
959
554
039
403
745
097
881
786	6	[7 8]
351
841
771
168	6	[1 8]
592
604	6	[0 4]
838
888
344
749
501
884
315
265	6	[2 5]
882
266	6	[2 6]
522
105
894
627	6	[2 7]
255
275
323
569	6	[5 9]
306	6	[0 3]
870
458
042
953
212
265	6	[2 5]
898
770
681	6	[1 8]
260	6	[0 2]
441
589
602	6	[0 2]
249
353
288
580
578
640	6	[0 4]
762	6	[2 7]
936	6	[3 9]
580
502
350
988
108
392
743
438
487
321
106	6	[0 1]
358
380
514
932
181
933
574
245
403
053
649	6	[4 9]
450
606	6	[0 6]
455
677	6	[7 7]
005
445
117
229
500
235
096	6	[0 9]
291
618	6	[1 8]
808
851
057
225
804
947
861	6	[1 8]
977
535
589
506	6	[0 5]
580
848
415
647	6	[4 7]
287
246	6	[2 4]
994
648	6	[4 8]
981
375
181
777
875
862	6	[2 8]
022
358
832
771
836	6	[3 8]
703
778
049
122
535
329
625	6	[2 5]
547
653	6	[3 5]
343
059
327
817
786	6	[7 8]
205
378
143
702
909
167	6	[1 7]
158
696	6	[6 9]
553
342
921
867	6	[7 8]
990
131
981
622	6	[2 2]
654	6	[4 5]
736	6	[3 7]
849
392
191
408
401
616	6	[1 6]
628	6	[2 8]
611	6	[1 1]
362	6	[2 3]
452
634	6	[3 4]
248
651	6	[1 5]
574
996	6	[9 9]
949
956	6	[5 9]
940
220
753
989
900
987
617	6	[1 7]
794
079
448
696	6	[6 9]
479
726	6	[2 7]
845
101
521
940
263	6	[2 3]
411
464	6	[4 4]
190
826	6	[2 8]
598
018
010
416	6	[1 4]
075
341
790
308
489
909
607	6	[0 7]
418
576	6	[5 7]
271
235
499
621	6	[1 2]
588
228
418
945
152
216	6	[1 2]
163	6	[1 3]
695	6	[5 9]
202
407
798
613	6	[1 3]
325
962	6	[2 9]
617	6	[1 7]
510
197
505
587
367	6	[3 7]
269	6	[2 9]
315
924
121
241
226	6	[2 2]
506	6	[0 5]
628	6	[2 8]
350
159
812
926	6	[2 9]
937
550
210
168	6	[1 8]
613	6	[1 3]
430
945
219
522
877
637	6	[3 7]
545
086	6	[0 8]
323
520
053
601	6	[0 1]
251
423
744
609	6	[0 9]
772
332
891
701
947
466	6	[4 6]
235
308
636	6	[3 6]
654	6	[4 5]
329
547
608	6	[0 8]
857
797
819
010
767	6	[7 7]
910
802
761	6	[1 7]
705
832
670	6	[0 7]
917
702
941
816	6	[1 8]
543
985
887
297
162	6	[1 2]
486	6	[4 8]
117
603	6	[0 3]
758
457
871
107
215
678	6	[7 8]
928
914
990
831
574
724
238
420
141
076	6	[0 7]
967	6	[7 9]
126	6	[1 2]
707
831
270
935
537
881
973
817
077
411
117
281
198
595
185
579
554
445
294
810
636	6	[3 6]
838
609	6	[0 9]
899
729
815
834
861	6	[1 8]
587
296	6	[2 9]
740
682	6	[2 8]
555
868	6	[8 8]
046	6	[0 4]
479
457
493
851
539
804
707
593
066	6	[0 6]
724
372
342
641	6	[1 4]
643	6	[3 4]
297
712
967	6	[7 9]
389
622	6	[2 2]
658	6	[5 8]
348
261	6	[1 2]
184
072
154
662	6	[2 6]
286	6	[2 8]
046	6	[0 4]
365	6	[3 5]
344
511
146	6	[1 4]
695	6	[5 9]
852
936	6	[3 9]
807
495
630	6	[0 3]
239
418
830
984
700
917
854
499
103
756	6	[5 7]
658	6	[5 8]
823
380
776	6	[7 7]
967	6	[7 9]
202
519
510
597
280
896	6	[8 9]
167	6	[1 7]
314
853
989
914
494
628	6	[2 8]
200
897
177
443
718
279
118
104
427
173
287
448
169	6	[1 9]
831
419
603	6	[0 3]
311
015
803
022
971
762	6	[2 7]
590
964	6	[4 9]
984
974
646	6	[4 6]
186	6	[1 8]
462	6	[2 4]
084
255
525
980
095
380
128
201
534
330
512
129
867	6	[7 8]
509
342
587
383
811
630	6	[0 3]
006	6	[0 0]
906	6	[0 9]
503
559
855
959
902
860	6	[0 8]
334
402
856	6	[5 8]
099
494
921
328
172
961	6	[1 9]
898
092
883
523
464	6	[4 4]
881
110
566	6	[5 6]
846	6	[4 8]
177
044
660	6	[0 6]
773
672	6	[2 7]
769	6	[7 9]
953
604	6	[0 4]
950
359
178
950
756	6	[5 7]
129
097
261	6	[1 2]
467	6	[4 7]
798
943
902
322
359
814
827
021
300
036	6	[0 3]
966	6	[6 9]
185
103
382
098
036	6	[0 3]
084
440
481
402
962	6	[2 9]
667	6	[6 7]
754
814
178
017
460	6	[0 4]
804
305
301
160	6	[0 1]
653	6	[3 5]
005
194
515
862	6	[2 8]
252
382
050
621	6	[1 2]
542
574
350
193
389
083
065	6	[0 5]
618	6	[1 8]
575
974
305
871
510
578
938
041
313
276	6	[2 7]
090
156	6	[1 5]
833
787
719
233
772
844
949
906	6	[0 9]
306	6	[0 3]
987
025
921
954
335
225
185
744
279
479
221
388
006	6	[0 0]
817
215
075
028
189
259
853
297
874
872
534
979
811
946	6	[4 9]
955
871
271
299
382
458
797
603	6	[0 3]
202
201
777
643	6	[3 4]
672	6	[2 7]
261	6	[1 2]
196	6	[1 9]
220
507
521
417
154
130
618	6	[1 8]
617	6	[1 7]
785
340
711
545
248
950
837
171
468	6	[4 8]
594
166	6	[1 6]
949
461	6	[1 4]
909
585
964	6	[4 9]
386	6	[3 8]
526	6	[2 5]
058
939
559
744
627	6	[2 7]
537
432
909
848
369	6	[3 9]
441
990
148
792
531
912
135
339
031
983
991
429
778
663	6	[3 6]
288
465	6	[4 5]
976	6	[7 9]
970
087
890
676	6	[6 7]
122
204
943
715
767	6	[7 7]
797
355
698	6	[8 9]
769	6	[7 9]
072
495
342
104
291
118
783
384
053
794
530
554
043
993
878
962	6	[2 9]
075
931
043
074
321
909
490
627	6	[2 7]
942
997
031
758
948
385
976	6	[7 9]
870
876	6	[7 8]
346	6	[3 4]
947
008
524
628	6	[2 8]
412
482
414
397
792
689	6	[8 9]
385
260	6	[0 2]
122
017
668	6	[6 8]
174
312
032
873
119
852
837
056	6	[0 5]
944
998
891
415
327
173
479
300
641	6	[1 4]
501
439
087
146	6	[1 4]
379
128
689	6	[8 9]
574
537
622	6	[2 2]
692	6	[2 9]
556	6	[5 5]
460	6	[0 4]
012
153
954
849
217
337
208
892
220
230
410
824
481
243
829
414
360	6	[0 3]
817
736	6	[3 7]
054
837
561	6	[1 5]
318
281
969	6	[9 9]
693	6	[3 9]
418
268	6	[2 8]
912
872
766	6	[6 7]
556	6	[5 5]
275
526	6	[2 5]
976	6	[7 9]
199
114
713
396	6	[3 9]
818
386	6	[3 8]
368	6	[3 8]
817
295
642	6	[2 4]
053
034
226	6	[2 2]
225
607	6	[0 7]
700
789
181
539
149
035
607	6	[0 7]
314
954
878
028
949
821
625	6	[2 5]
525
533
944
589
028
492
113
049
307
947
895
137
189
678	6	[7 8]
152
062	6	[0 2]
397
403
419
030
889
532
571
192
072
061	6	[0 1]
377
519
798
543
691	6	[1 9]
797
762	6	[2 7]
015
862	6	[2 8]
119
950
157
919
410
143
886	6	[8 8]
575
730
471
618	6	[1 8]
479
268	6	[2 8]
401
162	6	[1 2]
930
495
209
773
339
256	6	[2 5]
375
504
058
542
097
167	6	[1 7]
025
456	6	[4 5]
518
337
070
210
612	6	[1 2]
110
821
373
124
766	6	[6 7]
934
852
112
635	6	[3 5]
132
446	6	[4 4]
941
493
422
539
232
525
688	6	[8 8]
203
236	6	[2 3]
669	6	[6 9]
710
366	6	[3 6]
696	6	[6 9]
262	6	[2 2]
283
883
416	6	[1 4]
358
742
392
342
098
525
041
444
617	6	[1 7]
181
432
553
724
877
506	6	[0 5]
096	6	[0 9]
928
927
806	6	[0 8]
956	6	[5 9]
896	6	[8 9]
569	6	[5 9]
224
431
348
037
301
798
933
281
221
194
173
491
503
435
710
937
675	6	[5 7]
313
421
011
641	6	[1 4]
805
530
914
625	6	[2 5]
164	6	[1 4]
566	6	[5 6]
982
878
268	6	[2 8]
256	6	[2 5]
951
815
845
608	6	[0 8]
617	6	[1 7]
448
744
160	6	[0 1]
008
346	6	[3 4]
489
155
885
089
661	6	[1 6]
594
848
179
517
550
811
002
263	6	[2 3]
907
364	6	[3 4]
673	6	[3 7]
676	6	[6 7]
747
729
763	6	[3 7]
807
621	6	[1 2]
576	6	[5 7]
960	6	[0 9]
351
750
149
058
493
387
822
110
409
084
690	6	[0 9]
569	6	[5 9]
441
991
317
041
792
582
966	6	[6 9]
314
555
089
175
438
960	6	[0 9]
913
501
878
366	6	[3 6]
880
776	6	[7 7]
975
823
167	6	[1 7]
782
352
444
765	6	[5 7]
671	6	[1 7]
351
517
215
206	6	[0 2]
232
711
901
718
560	6	[0 5]
487
218
245
531
170
046	6	[0 4]
065	6	[0 5]
653	6	[3 5]
471
103
894
134
322
501
683	6	[3 8]
082
990
375
236	6	[2 3]
104
010
765	6	[5 7]
047
828
966	6	[6 9]
148
191
134
594
091
559
721
880
077
011
405
126	6	[1 2]
149
631	6	[1 3]
253
476	6	[4 7]
005
526	6	[2 5]
908
464	6	[4 4]
492
284
286	6	[2 8]
264	6	[2 4]
744
922
136	6	[1 3]
782
870
998
889
480
969	6	[9 9]
733
493
505
108
511
044
070
052
334
088
256	6	[2 5]
063	6	[0 3]
582
326	6	[2 3]
696	6	[6 9]
162	6	[1 2]
806	6	[0 8]
137
819
091
348
161	6	[1 1]
931
382
665	6	[5 6]
331
826	6	[2 8]
034
927
918
481
821
314
178
522
252
856	6	[5 8]
881
321
699	6	[9 9]
562	6	[2 5]
982
022
032
122
817
631	6	[1 3]
151
457
657	6	[5 7]
191
368	6	[3 8]
100
068	6	[0 8]
727
064	6	[0 4]
124
208
389
529
278
948
422
624	6	[2 4]
920
289
559
766	6	[6 7]
776	6	[7 7]
661	6	[1 6]
602	6	[0 2]
290
336	6	[3 3]
297
209
602	6	[0 2]
466	6	[4 6]
077
504
834
040
995
462	6	[2 4]
759
828
973
677	6	[7 7]
845
309
167	6	[1 7]
141
060	6	[0 0]
818
497
248
982
101
533
054
010
774
391
910
093
779
197
248
719
556	6	[5 5]
897
798
886	6	[8 8]
650	6	[0 5]
625	6	[2 5]
213
240
204
158
842
327
505
690	6	[0 9]
341
668	6	[6 8]
045
470
597
141
555
222
979
036	6	[0 3]
313
967	6	[7 9]
898
608	6	[0 8]
467	6	[4 7]
942
904
720
691	6	[1 9]
754
473
484
769	6	[7 9]
114
313
314
709
140
826	6	[2 8]
727
759
266	6	[2 6]
778
405
827
472
188
273
180
340
392
217
713
708
311
457
265	6	[2 5]
395
921
555
858
574
219
809
077
661	6	[1 6]
515
645	6	[4 5]
812
747
578
202
450
354
811
745
764	6	[4 7]
706	6	[0 7]
429
501
128
365	6	[3 5]
513
667	6	[6 7]
538
019
785
009
510
040
435
317
882
108
398
414
461	6	[1 4]
994
568	6	[5 8]
373
706	6	[0 7]
005
650	6	[0 5]
891
061	6	[0 1]
316	6	[1 3]
477
156	6	[1 5]
171
769	6	[7 9]
900
066	6	[0 6]
959
588
888
301
568	6	[5 8]
392
070
335
458
793
886	6	[8 8]
116	6	[1 1]
592
335
701
151
570
770
954
995
112
083
067	6	[0 7]
425
161	6	[1 1]
513
592
137
960	6	[0 9]
451
037
200
418
764	6	[4 7]
648	6	[4 8]
245
267	6	[2 7]
748
257
532
096	6	[0 9]
691	6	[1 9]
408
151
748
234
597
278
547
704
363	6	[3 3]
890
224
948
930
757
152
694	6	[4 9]
090
041
995
489
824
679	6	[7 9]
027
259
280
501
231
794
181
930
793
685	6	[5 8]
185
120
199
909
840
889
598
945
084
598
618	6	[1 8]
192
596	6	[5 9]
903
484
334
792
707
349
936	6	[3 9]
075
966	6	[6 9]
772
939
057
522
433
104
994
875
230
640	6	[0 4]
518
798
720
487
099
158
643	6	[3 4]
043
973
308
752
889
039
093
675	6	[5 7]
681	6	[1 8]
801
680	6	[0 8]
494
887
139
716	6	[1 7]
250
010
027
659	6	[5 9]
501
948
253
788
863	6	[3 8]
234
470
557
703
340
856	6	[5 8]
792
332
169	6	[1 9]
673	6	[3 7]
235
172
498
494
204
695	6	[5 9]
661	6	[1 6]
200
712
112
815
783
417
611	6	[1 1]
092
482
147
848
873
598
660	6	[0 6]
275
045
054
644	6	[4 4]
295
965	6	[5 9]
570
977
546	6	[4 5]
946	6	[4 9]
646	6	[4 6]
514
274
252
841
549
168	6	[1 8]
933
136	6	[1 3]
401
171
089
083
943
596	6	[5 9]
551
299
752
690	6	[0 9]
944
835
408
996	6	[9 9]
005
786	6	[7 8]
474
834
640	6	[0 4]
187
137
693	6	[3 9]
558
368	6	[3 8]
597
896	6	[8 9]
467	6	[4 7]
638	6	[3 8]
487
799
300
758
254
948
583
745
526	6	[2 5]
010
414
788
407
441
109
933
334
212
031
342
464	6	[4 4]
527
882
015
572
229
111
456	6	[4 5]
345
148
473
974
418
659	6	[5 9]
119
725
064	6	[0 4]
218
771
918
394
282
081
028
880
338
272
012
485
189
330
436	6	[3 4]
138
863	6	[3 8]
684	6	[4 8]
284
816	6	[1 8]
023
650	6	[0 5]
223
801
963	6	[3 9]
056	6	[0 5]
104
269	6	[2 9]
838
287
751
327
591
257
162	6	[1 2]
718
254
088
854
745
410
015
468	6	[4 8]
031
892
839
283
836	6	[3 8]
912
357
424
501
028
199
359
502
604	6	[0 4]
092
631	6	[1 3]
031
168	6	[1 8]
960	6	[0 9]
709
318
313
649	6	[4 9]
768	6	[7 8]
097
721
178
555
502
604	6	[0 4]
469	6	[4 9]
125
690	6	[0 9]
155
412
741
457
802
883
252
857
606	6	[0 6]
773
131
959
834
831
185
933
279
753
459
242
895
543
887
107
888
971
871
211
555
049
923
579
035
991
718
159
399
097
781
056	6	[0 5]
070
150
597
089
414
635	6	[3 5]
331
633	6	[3 3]
918
413
203
679	6	[7 9]
757
085
307
986	6	[8 9]
866	6	[6 8]
727
500
102
382
190
109
638	6	[3 8]
052
334
472
536	6	[3 5]
315
383
716	6	[1 7]
095
957
098
494
066	6	[0 6]
089
378
675	6	[5 7]
007
665	6	[5 6]
922
697	6	[7 9]
035
547
964	6	[4 9]
687	6	[7 8]
686	6	[6 8]
345
602	6	[0 2]
379
938
259
060	6	[0 0]
063	6	[0 3]
045
341
626	6	[2 6]
396	6	[3 9]
220
178
834
795
046	6	[0 4]
729
754
384
668	6	[6 8]
506	6	[0 5]
565	6	[5 5]
168	6	[1 8]
444
176	6	[1 7]
729
788
527
917
201
068	6	[0 8]
938
165	6	[1 5]
252
988
054
858
324
211
066	6	[0 6]
038
584
977
790
178
113
710
101
344
091
620	6	[0 2]
293
561	6	[1 5]
935
677	6	[7 7]
218
515
499
908
100
412
840
670	6	[0 7]
831
484
610	6	[0 1]
989
147
821
940
006	6	[0 0]
941
029
313
614	6	[1 4]
788
079
116	6	[1 1]
970
212
055
504
621	6	[1 2]
488
679	6	[7 9]
613	6	[1 3]
752
913
345
269	6	[2 9]
759
165	6	[1 5]
029
447
892
427
626	6	[2 6]
912
713
761	6	[1 7]
013
799
755
785
821
203
156	6	[1 5]
145
204
134
945
857
852
682	6	[2 8]
685	6	[5 8]
838
452
789
362	6	[2 3]
901
408
998
104
905
169	6	[1 9]
470
454
611	6	[1 1]
645	6	[4 5]
302
336	6	[3 3]
623	6	[2 3]
783
530
308
988
339
879
127
194
731
158
198
180
389
453
057
265	6	[2 5]
371
000
922
200
463	6	[3 4]
363	6	[3 3]
731
857
572
337
383
439
954
156	6	[1 5]
049
374
930
550
594
230
920
621	6	[1 2]
738
741
534
684	6	[4 8]
811
537
717
781
728
002
044
790
637	6	[3 7]
260	6	[0 2]
549
677	6	[7 7]
107
737
999
144
328
288
166	6	[1 6]
727
257
610	6	[0 1]
311
124
789
850
309
499
934
187
252
914
945
538
373
357
552
793
408
396	6	[3 9]
329
625	6	[2 5]
220
363	6	[3 3]
503
859
481
826	6	[2 8]
520
326	6	[2 3]
880
508
851
370
913
014
172
560	6	[0 5]
625	6	[2 5]
333
679	6	[7 9]
263	6	[2 3]
004
742
075
412
398
277
930
981
417
440
018
839
162	6	[1 2]
395
944
981
937
273
355
916	6	[1 9]
088
243
450
661	6	[1 6]
136	6	[1 3]
554
397
489
417
727
317
400
657	6	[5 7]
793
369	6	[3 9]
732
321
107
684	6	[4 8]
604	6	[0 4]
511
639	6	[3 9]
351
775
846	6	[4 8]
431
255
499
714
227
204
950
830
758
917
247
196	6	[1 9]
255
930
570
645	6	[4 5]
383
941
264	6	[2 4]
562	6	[2 5]
478
281
972
010
800
007
800
244
834
765	6	[5 7]
908
848
061	6	[0 1]
630	6	[0 3]
399
124
819
594
769	6	[7 9]
647	6	[4 7]
131
764	6	[4 7]
942
121
759
103
970
376	6	[3 7]
954
706	6	[0 7]
906	6	[0 9]
056	6	[0 5]
093
958
523
962	6	[2 9]
739
678	6	[7 8]
853
564	6	[4 5]
808
136	6	[1 3]
348
166	6	[1 6]
835
939
717
759
713
543
919
240
284
431
912
623	6	[2 3]
810
108
642	6	[2 4]
686	6	[6 8]
421
324
313
141
378
315
901
306	6	[0 3]
724
658	6	[5 8]
985
280
600	6	[0 0]
880
381
784
929
444
469	6	[4 9]
429
785
644	6	[4 4]
377
280
687	6	[7 8]
114
404
710
740
465	6	[4 5]
006	6	[0 0]
507
675	6	[5 7]
263	6	[2 3]
328
091
384
208
718
781
448
973
722
751
568	6	[5 8]
540
955
404
688	6	[8 8]
524
554
790
915
197
565	6	[5 5]
823
640	6	[0 4]
390
423
718
889
187
434
782
840
096	6	[0 9]
109
388
002
181
868	6	[8 8]
524
104
642	6	[2 4]
489
825
733
080
511
976	6	[7 9]
387
309
392
875
053
471
282
892
000
293
445
689	6	[8 9]
090
520
611	6	[1 1]
051
018
148
882
388
766	6	[6 7]
510
597
916	6	[1 9]
953
381
068	6	[0 8]
744
331
162	6	[1 2]
212
053
401
810
995
657	6	[5 7]
225
307
092
526	6	[2 5]
578
549
033
757
731
546	6	[4 5]
387
948
686	6	[6 8]
876	6	[7 8]
074
163	6	[1 3]
651	6	[1 5]
427
848
712
705
439
208
638	6	[3 8]
405
506	6	[0 5]
087
267	6	[2 7]
720
442
285
610	6	[0 1]
162	6	[1 2]
879
923
897
073
064	6	[0 4]
098
157
533
686	6	[6 8]
449
755
477
381
601	6	[0 1]
772
389
927
967	6	[7 9]
562	6	[2 5]
876	6	[7 8]
245
693	6	[3 9]
881
961	6	[1 9]
077
121
493
262	6	[2 2]
929
028
627	6	[2 7]
000
807
799
349
850
673	6	[3 7]
655	6	[5 5]
099
509
394
459
595
452
255
306	6	[0 3]
857
107
137
394
942
460	6	[0 4]
850
696	6	[6 9]
484
289
396	6	[3 9]
691	6	[1 9]
563	6	[3 5]
582
931
845
831
055
887
494
048
301
442
265	6	[2 5]
128
523
926	6	[2 9]
923
525
250
920
375
478
537
516	6	[1 5]
384
726	6	[2 7]
762	6	[2 7]
272
757
420
049
279
922
323
064	6	[0 4]
961	6	[1 9]
851
289
394
954
038
981
443
583
246	6	[2 4]
635	6	[3 5]
561	6	[1 5]
570
653	6	[3 5]
777
369	6	[3 9]
110
419
578
550
718
736	6	[3 7]
080
836	6	[3 8]
796	6	[7 9]
042
588
038
462	6	[2 4]
811
412
188
247
016	6	[0 1]
717
684	6	[4 8]
958
410
165	6	[1 5]
747
597
098
526	6	[2 5]
910
265	6	[2 5]
574
041
157
070
193
317
786	6	[7 8]
798
868	6	[8 8]
542
288
444
781
942
084
602	6	[0 2]
011
924
128
752
369	6	[3 9]
304
035
080
037
863	6	[3 8]
562	6	[2 5]
129
631	6	[1 3]
812
604	6	[0 4]
793
872
124
116	6	[1 1]
359
347
203
014
268	6	[2 8]
532
136	6	[1 3]
394
735
252
729
007
816	6	[1 8]
921
475
349
711
018
438
438
375
943
253
519
305
594
294
701
823
367	6	[3 7]
037
403
553
449
714
600	6	[0 0]
811
456	6	[4 5]
323
279
199
665	6	[5 6]
747
743
752
913
628	6	[2 8]
835
401
679	6	[7 9]
109
400
869	6	[8 9]
927
800
763	6	[3 7]
757
901
453
658	6	[5 8]
045
174
714
938
730
662	6	[2 6]
972
610	6	[0 1]
599
331
565	6	[5 5]
518
380
415
166	6	[1 6]
232
639	6	[3 9]
184
767	6	[7 7]
595
554
782
957
089
672	6	[2 7]
110
633	6	[3 3]
728
222
201
654	6	[4 5]
341
394
562	6	[2 5]
565	6	[5 5]
377
720
219
196	6	[1 9]
906	6	[0 9]
857
357
020
717
423
205
224
699	6	[9 9]
042
496	6	[4 9]
236	6	[2 3]
591
918
633	6	[3 3]
337
208
924
523
098
904
332
906	6	[0 9]
611	6	[1 1]
837
028
538
944
695	6	[5 9]
535
262	6	[2 2]
786	6	[7 8]
146	6	[1 4]
363	6	[3 3]
397
738
098
150
348
607	6	[0 7]
336	6	[3 3]
357
243
533
449
328
881
919
664	6	[4 6]
781
613	6	[1 3]
847
480
339
217
884
103
889
683	6	[3 8]
023
510
249
947
277
054
570
131
751
081
359
891
278
563	6	[3 5]
911
597
368	6	[3 8]
115
546	6	[4 5]
929
865	6	[5 8]
583
148
304
400
812
717
190
903
710
539
433
243
431
232
922
133
657	6	[5 7]
560	6	[0 5]
436	6	[3 4]
880
938
610	6	[0 1]
093
450
188
421
708
084
726	6	[2 7]
129
111
728
582
303
806	6	[0 8]
158
065	6	[0 5]
836	6	[3 8]
239
423
593
447
003
082
561	6	[1 5]
227
051
059
013
757
242
989
784
175
731
649	6	[4 9]
926	6	[2 9]
878
352
264	6	[2 4]
411
838
246	6	[2 4]
597
705
640	6	[0 4]
049
932
244
860	6	[0 8]
924
758
138
980
009
999
703
439
866	6	[6 8]
328
186	6	[1 8]
287
112
933
252
807
030
941
036	6	[0 3]
051
757
032
473
992
312
331
149
724
897
559
912
544
807
335
393
213
731
671	6	[1 7]
215
453
329
832
669	6	[6 9]
781
927
294
671	6	[1 7]
442
956	6	[5 9]
012
266	6	[2 6]
850
452
798
586	6	[5 8]
680	6	[0 8]
060	6	[0 0]
763	6	[3 7]
085
833
178
107
138
188
600	6	[0 0]
713
675	6	[5 7]
457
382
495
631	6	[1 3]
858
747
409
105
168	6	[1 8]
562	6	[2 5]
317
459
586	6	[5 8]
453
498
569	6	[5 9]
393
428
859
000
305
729
617	6	[1 7]
054
617	6	[1 7]
995
881
238
531
680	6	[0 8]
615	6	[1 5]
982
205
163	6	[1 3]
564	6	[4 5]
969	6	[9 9]
825
901
865	6	[5 8]
944
884
758
956	6	[5 9]
538
199
064	6	[0 4]
188
313
703
180
553
185
466	6	[4 6]
288
392
353
814
450
270
260	6	[0 2]
624	6	[2 4]
517
536	6	[3 5]
943
827
199
722
435
546	6	[4 5]
233
397
227
012
849
219
702
195
420
205
759
212
692	6	[2 9]
661	6	[1 6]
640	6	[0 4]
203
071
406	6	[0 4]
821
173
412
479
043
084
939
933
005
763	6	[3 7]
662	6	[2 6]
883
098
637	6	[3 7]
713
567	6	[5 7]
422
143
671	6	[1 7]
370
788
047
315
573
714
403
201
275
043
486	6	[4 8]
451
570
031
818
161	6	[1 1]
100
610	6	[0 1]
611	6	[1 1]
972
990
682	6	[2 8]
301
298
245
238
766	6	[6 7]
101
579
885
989
842
097
911
875
208
946	6	[4 9]
985
594
860	6	[0 8]
978
861	6	[1 8]
390
400
376	6	[3 7]
085
481
607	6	[0 7]
050
747
596	6	[5 9]
166	6	[1 6]
713
372
575
044
502
290
388
741
656	6	[5 6]
987
006	6	[0 0]
314
393
557
576	6	[5 7]
367	6	[3 7]
605	6	[0 5]
116	6	[1 1]
261	6	[1 2]
168	6	[1 8]
950
961	6	[1 9]
391
832
778
068	6	[0 8]
417
237
072
193
229
612	6	[1 2]
831
982
161	6	[1 1]
120
028
517
582
409
302
082
320
073
084
226	6	[2 2]
995
938
116	6	[1 1]
049
786	6	[7 8]
260	6	[0 2]
091
922
256	6	[2 5]
701
099
933
856	6	[5 8]
681	6	[1 8]
853
975
297
066	6	[0 6]
701
267	6	[2 7]
588
218
321
192
853
701
116	6	[1 1]
657	6	[5 7]
035
718
605	6	[0 5]
935
577
328
059
713
237
883
018
010
252
341
933
203
780
209
560	6	[0 5]
941
764	6	[4 7]
241
695	6	[5 9]
707
584
505
269	6	[2 9]
495
810
127
698	6	[8 9]
054
185
224
481
911
859
492
907
517
324
246	6	[2 4]
873
271
645	6	[4 5]
128
325
861	6	[1 8]
336	6	[3 3]
723
174
266	6	[2 6]
755
521
882
948
800
622	6	[2 2]
912
300
100
982
232
638	6	[3 8]
888
683	6	[3 8]
135
224
486	6	[4 8]
500
181
326	6	[2 3]
965	6	[5 9]
982
131
322
496	6	[4 9]
932
737
777
186	6	[1 8]
292
591
964	6	[4 9]
467	6	[4 7]
531
254
446	6	[4 4]
194
307
584
719
383
109
397
974
040
892
153
011
022
904
052
848
991
846	6	[4 8]
936	6	[3 9]
595
914
078
348
806	6	[0 8]
145
619	6	[1 9]
840
925
680	6	[0 8]
110
730
213
119
515
690	6	[0 9]
921
442
917
263	6	[2 3]
650	6	[0 5]
328
662	6	[2 6]
055
479
807
241
097
809
129
524
038
903
121
012
292
354
222
654	6	[4 5]
544
503
047
976	6	[7 9]
646	6	[4 6]
906	6	[0 9]
566	6	[5 6]
145
465	6	[4 5]
634	6	[3 4]
040
601	6	[0 1]
068	6	[0 8]
989
260	6	[0 2]
654	6	[4 5]
314
041
248
441
055
870
684	6	[4 8]
403
484
076	6	[0 7]
333
084
862	6	[2 8]
887
420
054
944
977
010
576	6	[5 7]
517
971
845
588
579
052
714
783
082
716	6	[1 7]
845
703
914
818
783
328
967	6	[7 9]
147
053
284
261	6	[1 2]
488
757
300
882
727
049
180
034
569	6	[5 9]
438
866	6	[6 8]
492
583
645	6	[4 5]
801
613	6	[1 3]
473
610	6	[0 1]
391
169	6	[1 9]
622	6	[2 2]
021
318
014
096	6	[0 9]
336	6	[3 3]
154
774
821
649	6	[4 9]
849
320
624	6	[2 4]
428
910
406	6	[0 4]
300
581
513
428
243
287
489
623	6	[2 3]
580
828
813
330
626	6	[2 6]
985
773
188
054
829
835
272
825
830
486	6	[4 8]
760	6	[0 7]
891
616	6	[1 6]
422
339
165	6	[1 5]
946	6	[4 9]
249
184
793
459
403
657	6	[5 7]
360	6	[0 3]
238
322
462	6	[2 4]
438
498
210
832
328
749
534
436	6	[3 4]
586	6	[5 8]
529
041
678	6	[7 8]
085
863	6	[3 8]
811
797
108
485
759
710
832
848
743
390
306	6	[0 3]
750
993
347
251
688	6	[8 8]
269	6	[2 9]
112
442
630	6	[0 3]
721
395
999
689	6	[8 9]
124
448
933
552
480
320
203
509
203
686	6	[6 8]
153
344
349
340
021
345
565	6	[5 5]
913
780
842
322
427
083
760	6	[0 7]
562	6	[2 5]
664	6	[4 6]
294
644	6	[4 4]
590
551
730
895
047
239
209
253
087
841
999
361	6	[1 3]
011
955
335
888
173
725
144
585
014
486	6	[4 8]
504
203
823
462	6	[2 4]
649	6	[4 9]
094
030
007
483
992
111
505
476	6	[4 7]
783
197
519
098
141
603	6	[0 3]
671	6	[1 7]
131
603	6	[0 3]
391
004
639	6	[3 9]
638	6	[3 8]
162	6	[1 2]
525
095
530
573
436	6	[3 4]
757
744
518
232
471
490
773
318
194
298
936	6	[3 9]
387
584
811
419
732
686	6	[6 8]
274
976	6	[7 9]
973
416	6	[1 4]
153
688	6	[8 8]
753
722
459
146	6	[1 4]
639	6	[3 9]
579
966	6	[6 9]
237
030
316	6	[1 3]
139
225
045
351
402
235
294
478
098
681	6	[1 8]
485
302
191
552
261	6	[1 2]
984
475
735
941
169	6	[1 9]
162	6	[1 2]
267	6	[2 7]
753
676	6	[6 7]
020
884
473
179
291
500
915
306	6	[0 3]
835
811
804
456	6	[4 5]
111
303
543
299
819
501
791
239
947
860	6	[0 8]
147
149
154
265	6	[2 5]
991
950
022
377
618	6	[1 8]
917
005
419
539
292
973
097
048
007
777
092
329
706	6	[0 7]
487
243
027
829
451
468	6	[4 8]
886	6	[8 8]
201
340
049
860	6	[0 8]
946	6	[4 9]
866	6	[6 8]
875
471
329
244
288
734
768	6	[7 8]
921
652	6	[2 5]
478
540
014
119
277
712
803
680	6	[0 8]
050
139
624	6	[2 4]
763	6	[3 7]
510
076	6	[0 7]
461	6	[1 4]
740
407
199
478
415
148
814
644	6	[4 4]
448
934
256	6	[2 5]
265	6	[2 5]
007
918
958
239
908
064	6	[0 4]
746	6	[4 7]
556	6	[5 5]
225
445
071
505
422
768	6	[7 8]
857
149
783
262	6	[2 2]
547
256	6	[2 5]
925
985
662	6	[2 6]
177
743
736	6	[3 7]
103
698	6	[8 9]
401
762	6	[2 7]
500
441
649	6	[4 9]
811
880
697	6	[7 9]
030
914
392
152
517
917
935
888
966	6	[6 9]
020
485
963	6	[3 9]
873
920
395
377
538
858
865	6	[5 8]
851
122
353
013
558
699	6	[9 9]
039
173
130
112
295
922
872
040
668	6	[6 8]
732
683	6	[3 8]
031
023
500
335
724
806	6	[0 8]
991
616	6	[1 6]
657	6	[5 7]
688	6	[8 8]
010
113
794
625	6	[2 5]
221
646	6	[4 6]
184
808
652	6	[2 5]
244
877
621	6	[1 2]
164	6	[1 4]
133
620	6	[0 2]
825
284
317
560	6	[0 5]
381
739
528
358
170
021
014
199
440
042
183
458
618	6	[1 8]
687	6	[7 8]
127
449
908
374
616	6	[1 6]
812
191
717
370
476	6	[4 7]
720
386	6	[3 8]
948
378
363	6	[3 3]
197
665	6	[5 6]
709
019
722
398
147
559
914
338
124
541
971
432
964	6	[4 9]
477
079
868	6	[8 8]
841
867	6	[7 8]
447
488
225
986	6	[8 9]
710
233
185
940
316	6	[1 3]
808
907
809
898
043
026	6	[0 2]
277
569	6	[5 9]
977
298
242
438
089
812
084
340
877
549
958
193
747
429
133
568	6	[5 8]
089
208
596	6	[5 9]
949
372
808
772
927
376	6	[3 7]
541
386	6	[3 8]
675	6	[5 7]
192
703
139
238
496	6	[4 9]
878
612	6	[1 2]
444
127
288
425
481
009
653	6	[3 5]
687	6	[7 8]
610	6	[0 1]
157
869	6	[8 9]
417
350
939
413
394
121
960	6	[0 9]
518
273
709
232
991
470
324
309
551
698	6	[8 9]
144
242
406	6	[0 4]
662	6	[2 6]
420
536	6	[3 5]
231
661	6	[1 6]
568	6	[5 8]
958
061	6	[0 1]
475
764	6	[4 7]
667	6	[6 7]
966	6	[6 9]
368	6	[3 8]
584
232
855
808
887
113
153
179
956	6	[5 9]
874
474
351
717
103
460	6	[0 4]
174
142
760	6	[0 7]
842
175
057
455
110
776	6	[7 7]
340
376	6	[3 7]
022
179
399
515
996	6	[9 9]
773
821
217
705
617	6	[1 7]
664	6	[4 6]
276	6	[2 7]
437
620	6	[0 2]
919
230
992
396	6	[3 9]
291
927
716	6	[1 7]
530
014
883
646	6	[4 6]
004
671	6	[1 7]
822
094
764	6	[4 7]
749
495
380
792
380
987
055
349
139
267	6	[2 7]
797
393
766	6	[6 7]
149
486	6	[4 8]
078
863	6	[3 8]
718
222
740
445
173
808
369	6	[3 9]
167	6	[1 7]
409
287
691	6	[1 9]
895
211
923
485
988
523
062	6	[0 2]
557
662	6	[2 6]
269	6	[2 9]
428
737
507
979
782
310
829
962	6	[2 9]
440
783
019
057
076	6	[0 7]
894
474
615	6	[1 5]
768	6	[7 8]
806	6	[0 8]
865	6	[5 8]
799
847
979
613	6	[1 3]
044
018
917
421
834
780
904
132
822
063	6	[0 3]
142
909
342
408
678	6	[7 8]
094
186	6	[1 8]
023
016	6	[0 1]
193
668	6	[6 8]
839
391
931
731
110
842
539
623	6	[2 3]
090
256	6	[2 5]
457
929
787
439
905
066	6	[0 6]
523
012
588
260	6	[0 2]
126	6	[1 2]
615	6	[1 5]
967	6	[7 9]
799
161	6	[1 1]
534
297
915
920
451
974
226	6	[2 2]
151
268	6	[2 8]
246	6	[2 4]
268	6	[2 8]
166	6	[1 6]
286	6	[2 8]
108
382
457
372
438
383
131
170
634	6	[3 4]
516	6	[1 5]
447
421
115
765	6	[5 7]
523
158
649	6	[4 9]
381
539
222
097
702
170
055
671	6	[1 7]
285
881
174
195
214
600	6	[0 0]
776	6	[7 7]
106	6	[0 1]
138
046	6	[0 4]
606	6	[0 6]
860	6	[0 8]
511
137
254
312
302
112
801
322
124
816	6	[1 8]
544
340
579
127
211
717
387
228
158
780
273
567	6	[5 7]
002
342
166	6	[1 6]
632	6	[2 3]
794
470
859
675	6	[5 7]
688	6	[8 8]
345
162	6	[1 2]
091
158
718
119
050
700
286	6	[2 8]
596	6	[5 9]
637	6	[3 7]
806	6	[0 8]
285
719
419
384
202
194
253
427
009
686	6	[6 8]
208
827
341
111
289
572
400
141
344
572
197
046	6	[0 4]
717
588
823
057
365	6	[3 5]
933
738
395
841
519
984
645	6	[4 5]
779
962	6	[2 9]
414
051
975
202
705
036	6	[0 3]
629	6	[2 9]
958
872
756	6	[5 7]
676	6	[6 7]
662	6	[2 6]
239
015
662	6	[2 6]
767	6	[7 7]
952
444
326	6	[2 3]
723
471
804
636	6	[3 6]
671	6	[1 7]
514
462	6	[2 4]
324
452
884
449
980
969	6	[9 9]
211
636	6	[3 6]
906	6	[0 9]
176	6	[1 7]
032
343
740
388
928
703
338
605	6	[0 5]
828
947
580
739
332
951
214
525
046	6	[0 4]
724
162	6	[1 2]
801
820
938
957
705
927
193
849
840
941
884
205
070
022
674	6	[4 7]
857
993
815
932
237
148
087
720
362	6	[2 3]
926	6	[2 9]
684	6	[4 8]
283
994
600	6	[0 0]
285
021
759
604	6	[0 4]
045
863	6	[3 8]
593
017
314
097
271
223
361	6	[1 3]
323
976	6	[7 9]
469	6	[4 9]
617	6	[1 7]
687	6	[7 8]
006	6	[0 0]
460	6	[0 4]
917
480
025
582
439
850
471
171
481
575
627	6	[2 7]
158
906	6	[0 9]
888
396	6	[3 9]
676	6	[6 7]
642	6	[2 4]
872
279
784
788
354
244
425
788
503
444
275
170
475
238
193
077
871
924
937
835
449
052
340
820
397
189
668	6	[6 8]
947
449
278
054
235
215
970
027
168	6	[1 8]
855
582
972
163	6	[1 3]
518
872
146	6	[1 4]
612	6	[1 2]
534
311
291
422
689	6	[8 9]
638	6	[3 8]
752
288
427
972
546	6	[4 5]
534
094
512
981
793
586	6	[5 8]
646	6	[4 6]
014
778
457
124
956	6	[5 9]
205
382
427
595
068	6	[0 8]
943
453
794
699	6	[9 9]
837
033
341
652	6	[2 5]
497
503
518
940
101
714
869	6	[8 9]
873
286	6	[2 8]
384
490
886	6	[8 8]
641	6	[1 4]
376	6	[3 7]
886	6	[8 8]
436	6	[3 4]
582
619	6	[1 9]
159
106	6	[0 1]
774
218
611	6	[1 1]
746	6	[4 7]
227
307
824
318
376	6	[3 7]
026	6	[0 2]
217
826	6	[2 8]
125
825
007
573
554
016	6	[0 1]
148
960	6	[0 9]
437
340
341
171
601	6	[0 1]
127
976	6	[7 9]
517
661	6	[1 6]
615	6	[1 5]
955
962	6	[2 9]
892
811
164	6	[1 4]
149
648	6	[4 8]
918
715
234
617	6	[1 7]
956	6	[5 9]
299
866	6	[6 8]
217
568	6	[5 8]
430
955
292
374
359
694	6	[4 9]
924
131
920
484
109
302
530
658	6	[5 8]
873
801
620	6	[0 2]
069	6	[0 9]
022
100
266	6	[2 6]
256	6	[2 5]
686	6	[6 8]
971
898
132
711
634	6	[3 4]
174
013
227
247
408
991
463	6	[3 4]
899
412
763	6	[3 7]
452
219
916	6	[1 9]
950
065	6	[0 5]
932
455
787
264	6	[2 4]
659	6	[5 9]
135
037
610	6	[0 1]
377
549
058
717
273
052
703
075
232
186	6	[1 8]
628	6	[2 8]
344
938
708
449
860	6	[0 8]
931
178
071
296	6	[2 9]
697	6	[7 9]
383
768	6	[7 8]
989
243
164	6	[1 4]
033
756	6	[5 7]
872
402
739
372
150
397
617	6	[1 7]
177
474
338
131
386	6	[3 8]
493
176	6	[1 7]
208
682	6	[2 8]
304
588
604	6	[0 4]
996	6	[9 9]
469	6	[4 9]
510
076	6	[0 7]
387
755
895
914
325
545
278
119
903
408
231
593
627	6	[2 7]
890
010
533
446	6	[4 4]
734
067	6	[0 7]
126	6	[1 2]
874
594
055
989
618	6	[1 8]
789
246	6	[2 4]
761	6	[1 7]
928
310
574
924
100
859
726	6	[2 7]
848
988
837
840
118
048
129
193
664	6	[4 6]
194
697	6	[7 9]
695	6	[5 9]
669	6	[6 9]
954
161	6	[1 1]
125
908
784
728
933
895
477
199
764	6	[4 7]
760	6	[0 7]
497
764	6	[4 7]
382
352
227
216	6	[1 2]
958
425
879
134
441
473
556	6	[5 5]
164	6	[1 4]
534
957
863	6	[3 8]
743
397
888
735
499
089
355
618	6	[1 8]
001
193
913
228
091
483
951
671	6	[1 7]
482
035
190
545
348
537
189
520
199
311
704
338
498
059
060	6	[0 0]
391
435
792
975
190
620	6	[0 2]
260	6	[0 2]
470
858
865	6	[5 8]
660	6	[0 6]
554
736	6	[3 7]
721
901
467	6	[4 7]
023
452
008
982
521
007
986	6	[8 9]
010
384
971
137
706	6	[0 7]
350
343
758
129
645	6	[4 5]
695	6	[5 9]
160	6	[0 1]
104
827
696	6	[6 9]
444
429
427
288
990
289
820
321
457
670	6	[0 7]
635	6	[3 5]
453
674	6	[4 7]
913
422
561	6	[1 5]
111
507
399
171
537
336	6	[3 3]
796	6	[7 9]
627	6	[2 7]
902
283
087
187
245
816	6	[1 8]
624	6	[2 4]
430
160	6	[0 1]
852
021
836	6	[3 8]
661	6	[1 6]
190
730
840
831
924
803
270
542
660	6	[0 6]
393
667	6	[6 7]
565	6	[5 5]
202
226	6	[2 2]
329
568	6	[5 8]
841
056	6	[0 5]
308
661	6	[1 6]
542
133
425
475
090
439
603	6	[0 3]
040
408
369	6	[3 9]
401
251
270
983
397
833
650	6	[0 5]
466	6	[4 6]
276	6	[2 7]
047
163	6	[1 3]
542
825
724
075
038
157
676	6	[6 7]
941
141
999
985
798
181
358
728
926	6	[2 9]
529
170
917
854
317
498
292
276	6	[2 7]
698	6	[8 9]
659	6	[5 9]
841
487
131
003
277
656	6	[5 6]
899
165	6	[1 5]
733
608	6	[0 8]
889
872
669	6	[6 9]
650	6	[0 5]
456	6	[4 5]
547
699	6	[9 9]
218
789
732
456	6	[4 5]
787
722
437
592
316	6	[1 3]
745
345
547
297
905
327
680	6	[0 8]
990
818
496	6	[4 9]
629	6	[2 9]
701
539
978
662	6	[2 6]
635	6	[3 5]
938
396	6	[3 9]
542
563	6	[3 5]
517
297
281
517
085
210
073
957
360	6	[0 3]
523
719
476	6	[4 7]
448
734
728
919
089
474
525
444
560	6	[0 5]
745
537
756	6	[5 7]
352
292
646	6	[4 6]
399
057
170
393
335
543
276	6	[2 7]
037
124
042
879
167	6	[1 7]
747
558
412
441
655	6	[5 5]
006	6	[0 0]
983
918
925
006	6	[0 0]
590
195
068	6	[0 8]
243
987
042
116	6	[1 1]
599
481
322
108
009
523
937
156	6	[1 5]
598
483
321
242
319
649	6	[4 9]
174
258
621	6	[1 2]
532
441
587
083
179
549
353
583
410
771
567	6	[5 7]
036	6	[0 3]
125
391
971
014
859
596	6	[5 9]
471
391
496	6	[4 9]
954
707
406	6	[0 4]
605	6	[0 5]
681	6	[1 8]
830
707
174
855
682	6	[2 8]
400
894
896	6	[8 9]
091
292
590
895
617	6	[1 7]
317
236	6	[2 3]
984
826	6	[2 8]
613	6	[1 3]
734
103
273
713
238
678	6	[7 8]
218
451
141
157
017
283
684	6	[4 8]
676	6	[6 7]
857
732
059
099
928
578
736	6	[3 7]
455
387
380
519
262	6	[2 2]
923
427
255
442
458
096	6	[0 9]
376	6	[3 7]
017
246	6	[2 4]
045
481
384
205
658	6	[5 8]
199
708
459
979
019
931
942
995
237
481
018
474
204
347
700
119
836	6	[3 8]
508
225
775
740
374
148
979
008
276	6	[2 7]
887
507
745
501
622	6	[2 2]
776	6	[7 7]
474
898
016	6	[0 1]
048
116	6	[1 1]
277
987
661	6	[1 6]
444
205
524
902
777
346	6	[3 4]
721
003
438
632	6	[2 3]
680	6	[0 8]
477
665	6	[5 6]
450
428
554
485
069	6	[0 9]
038
397
697	6	[7 9]
367	6	[3 7]
707
326	6	[2 3]
207
648	6	[4 8]
272
141
780
399
526	6	[2 5]
375
636	6	[3 6]
166	6	[1 6]
589
740
106	6	[0 1]
733
189
313
845
274
760	6	[0 7]
691	6	[1 9]
409
091
590
075
886	6	[8 8]
734
320
641	6	[1 4]
523
744
609	6	[0 9]
068	6	[0 8]
399
584
912
216	6	[1 2]
888
145
536	6	[3 5]
017
848
927
362	6	[2 3]
305
085
420
279
334
177
625	6	[2 5]
235
762	6	[2 7]
372
290
305
455
215
641	6	[1 4]
276	6	[2 7]
285
243
024
348
565	6	[5 5]
423
860	6	[0 8]
693	6	[3 9]
346	6	[3 4]
532
353
307
176	6	[1 7]
723
299
876	6	[7 8]
991
978
157
878
558
554
424
615	6	[1 5]
481
423
425
948
533
474
339
177
056	6	[0 5]
578
380
441
404
789
216	6	[1 2]
582
503
797
327
340
647	6	[4 7]
230
600	6	[0 0]
174
727
169	6	[1 9]
206	6	[0 2]
071
904
529
062	6	[0 2]
604	6	[0 4]
770
497
626	6	[2 6]
653	6	[3 5]
867	6	[7 8]
750
803
804
539
550
705
325
229
444
481
023
990
308
771
869	6	[8 9]
990
117
479
025
911
771
595
135
852
680	6	[0 8]
935
076	6	[0 7]
038
396	6	[3 9]
842
617	6	[1 7]
798
075
093
584
481
292
431
707
290
251
626	6	[2 6]
985
780
825
510
110
121
035
716	6	[1 7]
230
479
592
289
609	6	[0 9]
980
199
502
773
560	6	[0 5]
540
303
933
983
297
132
208
409
004
478
130
058
995
521
310
648	6	[4 8]
468	6	[4 8]
920
609	6	[0 9]
749
773
125
754
538
459
334
894
396	6	[3 9]
340
092
360	6	[0 3]
393
514
176	6	[1 7]
236	6	[2 3]
077
366	6	[3 6]
686	6	[6 8]
883
156	6	[1 5]
132
259
220
171
018
499
506	6	[0 5]
100
239
284
161	6	[1 1]
674	6	[4 7]
813
260	6	[0 2]
176	6	[1 7]
314
499
529
008
203
032
266	6	[2 6]
522
482
176	6	[1 7]
921
479
632	6	[2 3]
083
043
959
498
537
746	6	[4 7]
885
389
058
663	6	[3 6]
956	6	[5 9]
791
037
234
598
181
349
844
640	6	[0 4]
231
176	6	[1 7]
783
852
204
871
054
959
323
619	6	[1 9]
378
483
783
917
535
115
182
376	6	[3 7]
501
280
482
630	6	[0 3]
448
247
023
009
053
125
470
717
254
986	6	[8 9]
706	6	[0 7]
961	6	[1 9]
686	6	[6 8]
160	6	[0 1]
451
235
272
820
885
111
916	6	[1 9]
893
246	6	[2 4]
913
030
133
145
915
923
957
065	6	[0 5]
150
680	6	[0 8]
148
248
140
862	6	[2 8]
435
078
568	6	[5 8]
019
848
059
256	6	[2 5]
166	6	[1 6]
244
852
687	6	[7 8]
173
274
944
747
058
583
404
578
133
005
282
087
651	6	[1 5]
731
845
473
190
522
468	6	[4 8]
949
452
533
741
369	6	[3 9]
850
412
264	6	[2 4]
337
161	6	[1 1]
897
915
531
328
241
987
434
132
091
332
675	6	[5 7]
742
182
759
945
228
432
676	6	[6 7]
869	6	[8 9]
483
412
135
380
518
536	6	[3 5]
783
710
959
632	6	[2 3]
837
372
214
689	6	[8 9]
011
937
581
033
778
900
352
437
833
886	6	[8 8]
311
723
831
158
625	6	[2 5]
422
412
102
607	6	[0 7]
068	6	[0 8]
975
664	6	[4 6]
492
970
587
554
369	6	[3 9]
488
072
191
601	6	[0 1]
162	6	[1 2]
614	6	[1 4]
354
310
736	6	[3 7]
119
880
663	6	[3 6]
061	6	[0 1]
500
537
020
434
284
929
642	6	[2 4]
954
879
800
658	6	[5 8]
776	6	[7 7]
480
772
374
525
332
241
129
929
817
646	6	[4 6]
747
646	6	[4 6]
186	6	[1 8]
375
697	6	[7 9]
077
911
473
352
155
135
588
580
486	6	[4 8]
869	6	[8 9]
504
450
355
473
233
466	6	[4 6]
049
162	6	[1 2]
762	6	[2 7]
585
537
253
805
886	6	[8 8]
792
336	6	[3 3]
305
081
596	6	[5 9]
918
768	6	[7 8]
930
627	6	[2 7]
129
149
705
765	6	[5 7]
048
008
984
777
320
513
533
917
490
363	6	[3 3]
002
961	6	[1 9]
417
178
454
910
703
358
264	6	[2 4]
084
597
975
386	6	[3 8]
800
586	6	[5 8]
433
334
169	6	[1 9]
927
782
413
559
934
651	6	[1 5]
356	6	[3 5]
535
372
083
208
862	6	[2 8]
098
989
231
445
503
976	6	[7 9]
523
645	6	[4 5]
048
771
623	6	[2 3]
396	6	[3 9]
706	6	[0 7]
355
811
982
964	6	[4 9]
975
683	6	[3 8]
867	6	[7 8]
914
716	6	[1 7]
928
745
882
053
860	6	[0 8]
825
136	6	[1 3]
983
308
250
091
921
388
493
056	6	[0 5]
383
640	6	[0 4]
896	6	[8 9]
019
912
050
214
189
447
512
318
615	6	[1 5]
882
889
684	6	[4 8]
667	6	[6 7]
448
323
486	6	[4 8]
900
657	6	[5 7]
849
890
170
135
111
160	6	[0 1]
113
055
463	6	[3 4]
659	6	[5 9]
388
860	6	[0 8]
410
798
973
529
523
925
644	6	[4 4]
709
396	6	[3 9]
507
669	6	[6 9]
703
394
956	6	[5 9]
027
997
465	6	[4 5]
786	6	[7 8]
027
040
372
963	6	[3 9]
256	6	[2 5]
799
231
990
734
113
254
387
346	6	[3 4]
626	6	[2 6]
844
108
035
461	6	[1 4]
610	6	[0 1]
757
573
009
696	6	[6 9]
896	6	[8 9]
571
186	6	[1 8]
588
426	6	[2 4]
164	6	[1 4]
625	6	[2 5]
193
049
585
626	6	[2 6]
514
374
177
691	6	[1 9]
374
366	6	[3 6]
990
015
192
573
200
590
071
967	6	[7 9]
006	6	[0 0]
383
881
441
013
831
367	6	[3 7]
769	6	[7 9]
593
517
119
482
447
788
621	6	[1 2]
541
058
841
481
817
030
037
242
995
758
586	6	[5 8]
369	6	[3 9]
511
527
932
925
517
615	6	[1 5]
234
796	6	[7 9]
368	6	[3 8]
482
263	6	[2 3]
864	6	[4 8]
733
400
014
094
867	6	[7 8]
186	6	[1 8]
082
448
039
875
356	6	[3 5]
856	6	[5 8]
835
724
686	6	[6 8]
933
173
181
543
386	6	[3 8]
707
250
367	6	[3 7]
765	6	[5 7]
965	6	[5 9]
199
765	6	[5 7]
616	6	[1 6]
849
136	6	[1 3]
586	6	[5 8]
797
998
562	6	[2 5]
479
523
905
423
973
346	6	[3 4]
185
166	6	[1 6]
352
377
489
146	6	[1 4]
728
022
204
156	6	[1 5]
548
376	6	[3 7]
318
834
249
258
098
888
363	6	[3 3]
444
693	6	[3 9]
318
260	6	[0 2]
705
390
029
376	6	[3 7]
975
142
172
921
811
871
223
171
123
289
758
853
687	6	[7 8]
058
482
646	6	[4 6]
392
077
114
663	6	[3 6]
608	6	[0 8]
434
132
514
166	6	[1 6]
952
921
946	6	[4 9]
080
253
215
916	6	[1 9]
095
638	6	[3 8]
332
881
234
488
892
265	6	[2 5]
972
860	6	[0 8]
787
220
091
219
672	6	[2 7]
455
187
294
469	6	[4 9]
121
807
788
470
097
547
171
706	6	[0 7]
763	6	[3 7]
761	6	[1 7]
742
640	6	[0 4]
275
975
041
199
048
931
221
772
965	6	[5 9]
039
607	6	[0 7]
359
560	6	[0 5]
830
811
086	6	[0 8]
416	6	[1 4]
564	6	[4 5]
528
608	6	[0 8]
024
169	6	[1 9]
939
322
437
735
222
127
715
291
242
479
720
553
115
626	6	[2 6]
074
588
783
302
009
987
724
633	6	[3 3]
356	6	[3 5]
583
655	6	[5 5]
161	6	[1 1]
516	6	[1 5]
525
220
102
590
262	6	[2 2]
539
047
143
069	6	[0 9]
322
146	6	[1 4]
450
643	6	[3 4]
382
967	6	[7 9]
309
533
730
179
472
239
449
171
628	6	[2 8]
688	6	[8 8]
230
508
197
540
527
542
775
509
786	6	[7 8]
569	6	[5 9]
226	6	[2 2]
879
341
680	6	[0 8]
811
897
698	6	[8 9]
877
433
261	6	[1 2]
979
396	6	[3 9]
111
548
382
532
203
292
526	6	[2 5]
770
749
438
519
510
577
024
641	6	[1 4]
268	6	[2 8]
033
569	6	[5 9]
475
607	6	[0 7]
646	6	[4 6]
242
833
570
812
858
680	6	[0 8]
438
071
984
941
231
113
949
866	6	[6 8]
274
061	6	[0 1]
122
432
209
465	6	[4 5]
414
861	6	[1 8]
337
257
126	6	[1 2]
595
241
235
185
972
208
814
681	6	[1 8]
713
955
091
552
935
324
499
519
109
075
665	6	[5 6]
575
958
175
636	6	[3 6]
666	6	[6 6]
876	6	[7 8]
262	6	[2 2]
634	6	[3 4]
756	6	[5 7]
659	6	[5 9]
197
817
045
265	6	[2 5]
119
204
054
997
841
977
740
847
185
805
903
163	6	[1 3]
847
536	6	[3 5]
697	6	[7 9]
411
742
611	6	[1 1]
414
952
383
160	6	[0 1]
780
539
422
962	6	[2 9]
888
959
371
846	6	[4 8]
140
492
653	6	[3 5]
504
851
956	6	[5 9]
397
022
391
976	6	[7 9]
860	6	[0 8]
864	6	[4 8]
541
154
144
507
192
847
756	6	[5 7]
272
044
472
407
779
125
609	6	[0 9]
185
958
265	6	[2 5]
591
722
807
353
589
272
051
438
421
637	6	[3 7]
118
557
057
670	6	[0 7]
199
209
229
782
825
855
899
710
001
904
809
503
538
220
737
427
562	6	[2 5]
019
089
630	6	[0 3]
244
071
117
824
383
389
964	6	[4 9]
970
368	6	[3 8]
794
307
466	6	[4 6]
892
482
853
264	6	[2 4]
967	6	[7 9]
549
904
362	6	[2 3]
475
388
287
186	6	[1 8]
800
795
506	6	[0 5]
797
921
681	6	[1 8]
844
147
621	6	[1 2]
833
475
557
908
739
037
479
311
731
366	6	[3 6]
612	6	[1 2]
571
430
210
328
283
658	6	[5 8]
204
578
671	6	[1 7]
720
405
858
680	6	[0 8]
241
162	6	[1 2]
379
403
787
594
462	6	[2 4]
415
456	6	[4 5]
368	6	[3 8]
114
152
121
956	6	[5 9]
984
853
777
594
310
105
538
553
491
199
804
779
104
775
121
492
171
004
509
195
760	6	[0 7]
271
882
052
845
871
679	6	[7 9]
575
541
392
252
602	6	[0 2]
569	6	[5 9]
707
634	6	[3 4]
952
904
924
018
342
022
983
486	6	[4 8]
978
864	6	[4 8]
599
414
329
584
890
022
940
411
207
377
639	6	[3 9]
744
435
363	6	[3 3]
268	6	[2 8]
272
651	6	[1 5]
053
781
078
967	6	[7 9]
961	6	[1 9]
490
162	6	[1 2]
770
179
965	6	[5 9]
218
925
251
795
741
330
510
053
584
367	6	[3 7]
804
470
629	6	[2 9]
268	6	[2 8]
958
238
464	6	[4 4]
923
241
845
386	6	[3 8]
625	6	[2 5]
677	6	[7 7]
919
836	6	[3 8]
096	6	[0 9]
312
330
549
766	6	[6 7]
160	6	[0 1]
473
328
926	6	[2 9]
841
730
959
564	6	[4 5]
047
886	6	[8 8]
752
027
085
620	6	[0 2]
737
529
170
869	6	[8 9]
996	6	[9 9]
807
818
386	6	[3 8]
619	6	[1 9]
468	6	[4 8]
926	6	[2 9]
402
453
134
790
640	6	[0 4]
790
052
632	6	[2 3]
820
525
403
126	6	[1 2]
150
139
601	6	[0 1]
513
368	6	[3 8]
059
253
887
907
460	6	[0 4]
692	6	[2 9]
535
001
811
835
648	6	[4 8]
387
827
204
113
945
368	6	[3 8]
504
678	6	[7 8]
133
054
042
567	6	[5 7]
977
246	6	[2 4]
737
413
184
827
794
301
339
263	6	[2 3]
323
232
811
871
753
506	6	[0 5]
760	6	[0 7]
628	6	[2 8]
250
819
548
976	6	[7 9]
516	6	[1 5]
411
430
541
594
559
170
888
740
776	6	[7 7]
918
097
987
681	6	[1 8]
720
138
006	6	[0 0]
659	6	[5 9]
417
183
033
363	6	[3 3]
880
765	6	[5 7]
410
573
527
396	6	[3 9]
048
127
626	6	[2 6]
237
864	6	[4 8]
678	6	[7 8]
402
831
967	6	[7 9]
389
611	6	[1 1]
661	6	[1 6]
032
892
551
066	6	[0 6]
139
415
246	6	[2 4]
422
934
323
288
204
124
624	6	[2 4]
306	6	[0 3]
478
869	6	[8 9]
237
254
231
589
713
993
339
254
520
886	6	[8 8]
905
453
462	6	[2 4]
011
408
754
495
470
534
896	6	[8 9]
696	6	[6 9]
001
565	6	[5 5]
468	6	[4 8]
101
760	6	[0 7]
947
337
640	6	[0 4]
201
152
732
353
833
162	6	[1 2]
800
606	6	[0 6]
266	6	[2 6]
627	6	[2 7]
380
992
458
023
491
028
317
287
198
872
835
460	6	[0 4]
648	6	[4 8]
602	6	[0 2]
015
162	6	[1 2]
421
421
444
623	6	[2 3]
638	6	[3 8]
731
965	6	[5 9]
740
825
824
408
947
156	6	[1 5]
752
169	6	[1 9]
666	6	[6 6]
952
294
397
170
739
336	6	[3 3]
163	6	[1 3]
505
023
114
810
876	6	[7 8]
385
440
943
036	6	[0 3]
976	6	[7 9]
783
816	6	[1 8]
616	6	[1 6]
546	6	[4 5]
660	6	[0 6]
611	6	[1 1]
682	6	[2 8]
939
783
680	6	[0 8]
682	6	[2 8]
937
017
318
849
526	6	[2 5]
102
725
497
700
220
396	6	[3 9]
749
653	6	[3 5]
923
825
787
657	6	[5 7]
163	6	[1 3]
043
331
663	6	[3 6]
374
421
583
970
184
073
499
902
410
425
425
446	6	[4 4]
156	6	[1 5]
887
351
439
280
536	6	[3 5]
184
224
176	6	[1 7]
426	6	[2 4]
088
631	6	[1 3]
012
083
721
223
287
379
356	6	[3 5]
597
661	6	[1 6]
264	6	[2 4]
998
507
971
371
748
987
839
709
518
352
809
364	6	[3 4]
637	6	[3 7]
088
279
278
286	6	[2 8]
895
241
022
287
839
419
211
474
025
814
167	6	[1 7]
845
651	6	[1 5]
751
315
595
124
228
359
639	6	[3 9]
416	6	[1 4]
013
133
714
773
788
153
426	6	[2 4]
833
350
749
868	6	[8 8]
346	6	[3 4]
277
995
542
782
216	6	[1 2]
045
582
670	6	[0 7]
260	6	[0 2]
534
217
426	6	[2 4]
535
975
955
933
462	6	[2 4]
817
064	6	[0 4]
933
976	6	[7 9]
156	6	[1 5]
077
148
433
980
058
964	6	[4 9]
440
812
176	6	[1 7]
665	6	[5 6]
272
552
886	6	[8 8]
601	6	[0 1]
760	6	[0 7]
997
414
988
056	6	[0 5]
223
803
211
838
386	6	[3 8]
004
940
773
522
960	6	[0 9]
554
878
268	6	[2 8]
228
213
046	6	[0 4]
860	6	[0 8]
033
926	6	[2 9]
910
896	6	[8 9]
957
346	6	[3 4]
832
591
786	6	[7 8]
884
455
050
333
777
987
613	6	[1 3]
679	6	[7 9]
688	6	[8 8]
191
186	6	[1 8]
546	6	[4 5]
833
708
302
830
143
037
090
142
158
025
825
998
230
668	6	[6 8]
817
568	6	[5 8]
991
739
526	6	[2 5]
032
871
675	6	[5 7]
612	6	[1 2]
741
591
414
794
269	6	[2 9]
877
715
389
225
193
249
660	6	[0 6]
754
436	6	[3 4]
272
714
771
148
361	6	[1 3]
654	6	[4 5]
660	6	[0 6]
825
957
819
755
303
357
839
689	6	[8 9]
762	6	[2 7]
913
354
546	6	[4 5]
985
824
948
132
713
549
959
719
296	6	[2 9]
975
257
198
651	6	[1 5]
195
221
704
596	6	[5 9]
651	6	[1 5]
754
637	6	[3 7]
367	6	[3 7]
163	6	[1 3]
173
217
784
470
531
573
557
723
461	6	[1 4]
790
013
805
839
443
036	6	[0 3]
850
157
858
696	6	[6 9]
972
041
307
170
129
466	6	[4 6]
001
419
372
560	6	[0 5]
548
362	6	[2 3]
341
199
155
230
357
813
423
697	6	[7 9]
119
238
652	6	[2 5]
214
661	6	[1 6]
405
943
898
532
097
637	6	[3 7]
344
681	6	[1 8]
777
287
129
615	6	[1 5]
047
616	6	[1 6]
058
076	6	[0 7]
302
063	6	[0 3]
376	6	[3 7]
435
691	6	[1 9]
778
278
094
992
955
044
020
847
479
762	6	[2 7]
121
063	6	[0 3]
332
271
158
644	6	[4 4]
014
738
829
684	6	[4 8]
876	6	[7 8]
159
886	6	[8 8]
688	6	[8 8]
011
259
115
740
525
838
132
856	6	[5 8]
778
201
169	6	[1 9]
409
915
481
415
299
619	6	[1 9]
989
361	6	[1 3]
915
285
187
227
784
884
950
603	6	[0 3]
585
688	6	[8 8]
035
221
301
272
108
253
245
666	6	[6 6]
975
724
704
766	6	[6 7]
834
019
628	6	[2 8]
364	6	[3 4]
935
154
426	6	[2 4]
367	6	[3 7]
411
877
793
211
941
594
827
296	6	[2 9]
818
270
385
779
989
436	6	[3 4]
280
628	6	[2 8]
213
320
382
397
671	6	[1 7]
500
300
804
048
834
431
572
384
345
900
793
719
040
143
773
582
422
341
747
617	6	[1 7]
350
618	6	[1 8]
787
388
735
751
833
465	6	[4 5]
689	6	[8 9]
481
244
310
009
347
906	6	[0 9]
138
028
026	6	[0 2]
369	6	[3 9]
976	6	[7 9]
569	6	[5 9]
669	6	[6 9]
503
384
941
604	6	[0 4]
615	6	[1 5]
514
338
045
769	6	[7 9]
685	6	[5 8]
152
107
598
262	6	[2 2]
219
155
480
620	6	[0 2]
208
867	6	[7 8]
402
440
080
257
797
516	6	[1 5]
088
454
108
541
561	6	[1 5]
525
765	6	[5 7]
034
611	6	[1 1]
283
376	6	[3 7]
723
302
177
510
069	6	[0 9]
623	6	[2 3]
204
458
940
693	6	[3 9]
358
973
945
486	6	[4 8]
707
330
035
878
066	6	[0 6]
147
302
518
568	6	[5 8]
463	6	[3 4]
657	6	[5 7]
208
137
109
394
669	6	[6 9]
569	6	[5 9]
722
044
282
976	6	[7 9]
694	6	[4 9]
178
302
292
898
131
913
059
471
468	6	[4 8]
318
837
544
246	6	[2 4]
786	6	[7 8]
657	6	[5 7]
944
901
129
032
315
090
212
119
972
608	6	[0 8]
807
047
826	6	[2 8]
307
955
035
301
790
474
124
021
271
688	6	[8 8]
317
303
566	6	[5 6]
331
908
561	6	[1 5]
963	6	[3 9]
078
726	6	[2 7]
002
757
933
916	6	[1 9]
700
554
636	6	[3 6]
187
258
378
944
498
291
519
478
414
150
474
131
361	6	[1 3]
150
146	6	[1 4]
716	6	[1 7]
750
982
063	6	[0 3]
093
471
318
923
513
918
359
655	6	[5 5]
057
652	6	[2 5]
299
402
975
229
573
630	6	[0 3]
016	6	[0 1]
381
167	6	[1 7]
549
072
917
771
726	6	[2 7]
159
643	6	[3 4]
877
031
115
170
553
536	6	[3 5]
492
674	6	[4 7]
243
928
466	6	[4 6]
763	6	[3 7]
920
982
188
564	6	[4 5]
244
474
373
376	6	[3 7]
272
186	6	[1 8]
268	6	[2 8]
040
679	6	[7 9]
767	6	[7 7]
999
750
910
594
420
472
439
606	6	[0 6]
278
164	6	[1 4]
057
320
810
449
414
676	6	[6 7]
544
591
175
730
654	6	[4 5]
420
047
691	6	[1 9]
480
971
465	6	[4 5]
789
916	6	[1 9]
675	6	[5 7]
300
989
957
106	6	[0 1]
969	6	[9 9]
373
223
331
026	6	[0 2]
488
756	6	[5 7]
324
461	6	[1 4]
095
121
703
468	6	[4 8]
746	6	[4 7]
598
397
667	6	[6 7]
098
071
802
794
372
163	6	[1 3]
960	6	[0 9]
588
877
169	6	[1 9]
026	6	[0 2]
570
057
619	6	[1 9]
068	6	[0 8]
080
702
552
820
387
551
252
237
744
443
275
682	6	[2 8]
571
069	6	[0 9]
151
661	6	[1 6]
491
000
706	6	[0 7]
898
235
201
260	6	[0 2]
367	6	[3 7]
696	6	[6 9]
798
481
853
127
392
722
805
264	6	[2 4]
324
915
139
170
335
313
480
497
580
711
860	6	[0 8]
972
631	6	[1 3]
986	6	[8 9]
944
478
447
825
871
664	6	[4 6]
518
171
679	6	[7 9]
995
159
214
923
511
338
008
884
933
469	6	[4 9]
637	6	[3 7]
001
838
459
133
733
235
175
160	6	[0 1]
495
748
563	6	[3 5]
713
519
859
947
130
359
384
849
111
639	6	[3 9]
062	6	[0 2]
369	6	[3 9]
191
124
908
583
646	6	[4 6]
183
825
956	6	[5 9]
862	6	[2 8]
734
213
397
042
372
446	6	[4 4]
910
971
859
584
823
986	6	[8 9]
657	6	[5 7]
798
636	6	[3 6]
305
845
939
886	6	[8 8]
936	6	[3 9]
426	6	[2 4]
307
684	6	[4 8]
543
194
001
480
215
743
445
132
618	6	[1 8]
394
626	6	[2 6]
507
074
318
711
051
601	6	[0 1]
879
860	6	[0 8]
155
106	6	[0 1]
980
046	6	[0 4]
847
217
379
038
867	6	[7 8]
096	6	[0 9]
160	6	[0 1]
874
257
079
936	6	[3 9]
609	6	[0 9]
272
676	6	[6 7]
654	6	[4 5]
255
099
528
199
580
283
124
463	6	[3 4]
047
853
856	6	[5 8]
750
989
173
889
654	6	[4 5]
296	6	[2 9]
721
969	6	[9 9]
717
197
582
418
138
204
187
657	6	[5 7]
757
761	6	[1 7]
745
845
708
875
035
977
737
879
160	6	[0 1]
221
204
449
282
137
211
731
802
871
276	6	[2 7]
709
389
775
699	6	[9 9]
273
824
440
676	6	[6 7]
389
021
343
706	6	[0 7]
200
366	6	[3 6]
264	6	[2 4]
407
925
949
434
182
709
426	6	[2 4]
043
862	6	[2 8]
103
697	6	[7 9]
386	6	[3 8]
126	6	[1 2]
427
031
224
986	6	[8 9]
638	6	[3 8]
108
776	6	[7 7]
249
314
448
615	6	[1 5]
519
389
826	6	[2 8]
852
113
425
520
996	6	[9 9]
157
786	6	[7 8]
414
944
176	6	[1 7]
538
711
982
837
690	6	[0 9]
657	6	[5 7]
864	6	[4 8]
098
061	6	[0 1]
041
969	6	[9 9]
925
247
941
492
050
744
475
806	6	[0 8]
525
737
563	6	[3 5]
332
658	6	[5 8]
076	6	[0 7]
948
317
658	6	[5 8]
248
458
060	6	[0 0]
603	6	[0 3]
672	6	[2 7]
529
584
487
255
063	6	[0 3]
749
993
354
048
616	6	[1 6]
282
885
057
968	6	[8 9]
481
191
905
756	6	[5 7]
437
025
245
822
009
915
684	6	[4 8]
699	6	[9 9]
587
032
064	6	[0 4]
975
292
399
047
051
251
229
389
943
542
405
510
185
861	6	[1 8]
415
097
952
447
078
433
325
184
608	6	[0 8]
552
873
744
463	6	[3 4]
912
835
757
345
357
288
066	6	[0 6]
860	6	[0 8]
235
662	6	[2 6]
066	6	[0 6]
514
705
245
816	6	[1 8]
658	6	[5 8]
012
875
178
429
049
845
324
547
847
953
099
523
678	6	[7 8]
724
103
497
193
560	6	[0 5]
562	6	[2 5]
785
886	6	[8 8]
283
334
545
932
226	6	[2 2]
106	6	[0 1]
800
443
481
314
987
650	6	[0 5]
312
767	6	[7 7]
974
193
226	6	[2 2]
082
564	6	[4 5]
810
964	6	[4 9]
847
898
452
607	6	[0 7]
346	6	[3 4]
866	6	[6 8]
256	6	[2 5]
147
039
418
755
306	6	[0 3]
714
407
011
297
452
684	6	[4 8]
429
558
378
818
419
798
676	6	[6 7]
189
346	6	[3 4]
616	6	[1 6]
591
678	6	[7 8]
203
034
248
023
142
131
192
281
428
720
326	6	[2 3]
220
744
113
209
812
568	6	[5 8]
328
200
704
763	6	[3 7]
847
368	6	[3 8]
130
271
837
618	6	[1 8]
598
611	6	[1 1]
267	6	[2 7]
325
665	6	[5 6]
091
303
807
420
607	6	[0 7]
023
411
021
006	6	[0 0]
597
471
218
528
286	6	[2 8]
595
889
959
586	6	[5 8]
055
865	6	[5 8]
322
464	6	[4 4]
780
943
104
780
863	6	[3 8]
206	6	[0 2]
356	6	[3 5]
998
856	6	[5 8]
291
106	6	[0 1]
322
477
358
932
699	6	[9 9]
850
794
130
153
459
918
062	6	[0 2]
603	6	[0 3]
925
134
538
608	6	[0 8]
451
157
607	6	[0 7]
923
489
989
715
182
320
460	6	[0 4]
230
557
441
052
209
944
791
418
062	6	[0 2]
969	6	[9 9]
989
453
791
269	6	[2 9]
615	6	[1 5]
605	6	[0 5]
284
586	6	[5 8]
104
103
486	6	[4 8]
014
153
077
818
107
774
169	6	[1 9]
081
720
513
389
613	6	[1 3]
363	6	[3 3]
624	6	[2 4]
277
860	6	[0 8]
994
330
481
380
826	6	[2 8]
752
030
649	6	[4 9]
433
638	6	[3 8]
261	6	[1 2]
213
471
858
778
644	6	[4 4]
081
835
119
947
055
893
769	6	[7 9]
218
161	6	[1 1]
921
651	6	[1 5]
982
432
858
138
723
808
205
207
884
973
325
143
398
672	6	[2 7]
698	6	[8 9]
232
256	6	[2 5]
924
039
270
971
623	6	[2 3]
264	6	[2 4]
615	6	[1 5]
480
108
666	6	[6 6]
768	6	[7 8]
245
703
368	6	[3 8]
677	6	[7 7]
482
386	6	[3 8]
225
221
312
352
433
743
623	6	[2 3]
606	6	[0 6]
943
444
675	6	[5 7]
187
830
662	6	[2 6]
654	6	[4 5]
588
558
249
966	6	[6 9]
115
776	6	[7 7]
496	6	[4 9]
183
508
309
791
475
511
396	6	[3 9]
099
708
590
498
980
941
528
936	6	[3 9]
954
832
230
968	6	[8 9]
793
868	6	[8 8]
369	6	[3 9]
807
294
049
944
998
690	6	[0 9]
133
956	6	[5 9]
959
530
314
842
317
421
037
715
128
933
119
550
096	6	[0 9]
260	6	[0 2]
232
941
553
606	6	[0 6]
876	6	[7 8]
891
864	6	[4 8]
889
070
420
225
880
936	6	[3 9]
958
714
010
919
333
885
074
171
343
184
244
627	6	[2 7]
742
134
324
710
913
352
455
532
804
928
506	6	[0 5]
910
492
116	6	[1 1]
222
873
860	6	[0 8]
546	6	[4 5]
067	6	[0 7]
553
233
496	6	[4 9]
312
082
781
266	6	[2 6]
713
865	6	[5 8]
927
504
657	6	[5 7]
083
716	6	[1 7]
610	6	[0 1]
631	6	[1 3]
771
399
659	6	[5 9]
263	6	[2 3]
948
480
639	6	[3 9]
220
364	6	[3 4]
916	6	[1 9]
230
421
483
611	6	[1 1]
177
313
769	6	[7 9]
605	6	[0 5]
738
668	6	[6 8]
647	6	[4 7]
429
489
086	6	[0 8]
053
116	6	[1 1]
707
148
100
101
833
096	6	[0 9]
475
502
802
291
816	6	[1 8]
998
113
450
580
419
425
257
249
701
736	6	[3 7]
075
664	6	[4 6]
759
693	6	[3 9]
223
128
004
748
524
778
532
313
111
392
996	6	[9 9]
037
865	6	[5 8]
462	6	[2 4]
338
526	6	[2 5]
360	6	[0 3]
040
666	6	[6 6]
116	6	[1 1]
881
116	6	[1 1]
804
279
150
615	6	[1 5]
565	6	[5 5]
083
417
212
790
039
895
642	6	[2 4]
342
252
612	6	[1 2]
716	6	[1 7]
273
825
077
789
611	6	[1 1]
507
168	6	[1 8]
708
703
863	6	[3 8]
144
013
320
957
861	6	[1 8]
999
159
404
742
958
063	6	[0 3]
528
753
479
619	6	[1 9]
254
150
091
200
288
703
046	6	[0 4]
478
541
108
143
361	6	[1 3]
636	6	[3 6]
972
890
590
376	6	[3 7]
654	6	[4 5]
656	6	[5 6]
817
933
303
730
821
442
540
735
814
563	6	[3 5]
605	6	[0 5]
074
232
371
691	6	[1 9]
439
530
745
845
699	6	[9 9]
792
111
635	6	[3 5]
246	6	[2 4]
173
574
321
800
271
126	6	[1 2]
111
184
151
019
262	6	[2 2]
308
889
360	6	[0 3]
662	6	[2 6]
597
181
573
360	6	[0 3]
521
449
716	6	[1 7]
884
203
221
401
051
953
161	6	[1 1]
290
367	6	[3 7]
187
072
655	6	[5 5]
197
309
553
580
384
634	6	[3 4]
197
206	6	[0 2]
753
914
064	6	[0 4]
918
435
671	6	[1 7]
302
850
486	6	[4 8]
348
075
526	6	[2 5]
445
760	6	[0 7]
777
395
542
276	6	[2 7]
629	6	[2 9]
529
118
409
288
372
565	6	[5 5]
261	6	[1 2]
789
320
367	6	[3 7]
975
301
593
106	6	[0 1]
043
120
816	6	[1 8]
962	6	[2 9]
967	6	[7 9]
571
704
710
008
004
286	6	[2 8]
556	6	[5 5]
581
674	6	[4 7]
203
200
527
541
883
679	6	[7 9]
441
931
905
327
691	6	[1 9]
104
621	6	[1 2]
324
039
971
027
301
797
476	6	[4 7]
307
033
867	6	[7 8]
768	6	[7 8]
550
205
023
344
729
739
212
390
350
200
511
741
222
941
841
823
301
151
805
908
755
067	6	[0 7]
905
720
211
534
241
539
150
079
811
658	6	[5 8]
753
595
613	6	[1 3]
883
174
954
751
414
961	6	[1 9]
381
393
710
608	6	[0 8]
985
211
392
555
255
315
950
431
230
067	6	[0 7]
842
438
976	6	[7 9]
217
668	6	[6 8]
988
202
688	6	[8 8]
428
014
508
589
518
282
374
928
761	6	[1 7]
676	6	[6 7]
873
559
374
616	6	[1 6]
173
224
993
125
627	6	[2 7]
786	6	[7 8]
536	6	[3 5]
832
994
026	6	[0 2]
657	6	[5 7]
606	6	[0 6]
814
327
492
668	6	[6 8]
252
735
303
809
750
200
022
219
466	6	[4 6]
643	6	[3 4]
709
590
783
951
684	6	[4 8]
304
968	6	[8 9]
058
426	6	[2 4]
148
847
500
928
878
384
462	6	[2 4]
244
726	6	[2 7]
472
317
756	6	[5 7]
635	6	[3 5]
273
918
836	6	[3 8]
983
399
079
674	6	[4 7]
581
063	6	[0 3]
784
620	6	[0 2]
530
612	6	[1 2]
707
354
169	6	[1 9]
362	6	[2 3]
738
415
246	6	[2 4]
246	6	[2 4]
923
787
939
983
957
903
870
710
068	6	[0 8]
673	6	[3 7]
076	6	[0 7]
889
315
349
101
774
183
229
630	6	[0 3]
581
964	6	[4 9]
322
588
738
399
331
172
549
222
750
197
144
723
653	6	[3 5]
558
624	6	[2 4]
034
385
805
422
726	6	[2 7]
748
551
976	6	[7 9]
251
956	6	[5 9]
975
183
994
408
782
117
598
154
514
538
898
501
381
997
081
999
040
458
896	6	[8 9]
543
371
034
452
014
993
193
481
636	6	[3 6]
065	6	[0 5]
441
526	6	[2 5]
831
623	6	[2 3]
659	6	[5 9]
073
858
385
193
953
604	6	[0 4]
937
972
223
191
448
106	6	[0 1]
925
013
229
921
968	6	[8 9]
164	6	[1 4]
203
549
345
351
016	6	[0 1]
232
885
691	6	[1 9]
824
346	6	[3 4]
976	6	[7 9]
073
717
470
685	6	[5 8]
636	6	[3 6]
683	6	[3 8]
927
437
510
248
326	6	[2 3]
528
729
070
729
487
344
062	6	[0 2]
181
343
619	6	[1 9]
824
182
518
331
138
342
617	6	[1 7]
325
243
587
526	6	[2 5]
663	6	[3 6]
755
486	6	[4 8]
178
086	6	[0 8]
761	6	[1 7]
075
037
706	6	[0 7]
503
198
407
713
773
552
003
950
910
773
309
868	6	[8 8]
375
247
686	6	[6 8]
383
169	6	[1 9]
800
128
675	6	[5 7]
540
138
074
283
627	6	[2 7]
815
989
344
185
078
229
800
849
151
983
638	6	[3 8]
014
865	6	[5 8]
285
975
552
791
261	6	[1 2]
883
866	6	[6 8]
160	6	[0 1]
726	6	[2 7]
433
165	6	[1 5]
870
205
778
601	6	[0 1]
500
110
417
981
923
779
063	6	[0 3]
091
043
011
795
823
163	6	[1 3]
005
869	6	[8 9]
763	6	[3 7]
525
270
818
109
618	6	[1 8]
453
835
374
363	6	[3 3]
980
919
020
034
500
452
270
150
428
894
098
178
732
918
542
352
878
863	6	[3 8]
758
666	6	[6 6]
357
661	6	[1 6]
585
322
419
224
377
628	6	[2 8]
575
863	6	[3 8]
373
509
755
458
282
393
978
292
123
610	6	[0 1]
573
880
529
589
536	6	[3 5]
332
322
879
367	6	[3 7]
561	6	[1 5]
712
297
519
602	6	[0 2]
878
250
869	6	[8 9]
822
304
368	6	[3 8]
285
330
515
491
476	6	[4 7]
278
996	6	[9 9]
862	6	[2 8]
225
595
057
104
680	6	[0 8]
294
192
461	6	[1 4]
752
961	6	[1 9]
092
502
018
353
074
880
818
505
859
137
952
396	6	[3 9]
483
106	6	[0 1]
005
871
689	6	[8 9]
283
064	6	[0 4]
727
361	6	[1 3]
084
349
134
882
702
981
713
669	6	[6 9]
654	6	[4 5]
634	6	[3 4]
293
878
772
039
930
636	6	[3 6]
752
590
270
484
773
892
822
664	6	[4 6]
932
869	6	[8 9]
844
651	6	[1 5]
601	6	[0 1]
407
563	6	[3 5]
628	6	[2 8]
860	6	[0 8]
231
291
231
960	6	[0 9]
410
657	6	[5 7]
947
110
304
145
142
664	6	[4 6]
315
471
018
562	6	[2 5]
994
362	6	[2 3]
342
866	6	[6 8]
875
357
048
706	6	[0 7]
197
545
945
718
205
176	6	[1 7]
603	6	[0 3]
302
466	6	[4 6]
015
001
978
585
300
919
887
216	6	[1 2]
632	6	[2 3]
920
253
880
325
363	6	[3 3]
910
191
558
997
786	6	[7 8]
593
866	6	[6 8]
541
210
277
802
828
330
105
647	6	[4 7]
953
651	6	[1 5]
766	6	[6 7]
685	6	[5 8]
131
362	6	[2 3]
504
533
464	6	[4 4]
171
279
043
664	6	[4 6]
138
516	6	[1 5]
471
424
143
652	6	[2 5]
997
005
357
749
550
117
819
847
553
715
588
297
555
650	6	[0 5]
368	6	[3 8]
715
597
661	6	[1 6]
255
225
008
326	6	[2 3]
924
086	6	[0 8]
691	6	[1 9]
984
886	6	[8 8]
581
838
656	6	[5 6]
556	6	[5 5]
984
222
288
579
188
242
220
772
161	6	[1 1]
683	6	[3 8]
086	6	[0 8]
426	6	[2 4]
207
723
725
333
824
442
196	6	[1 9]
380
524
173
047
249
542
737
983
391
401
708
782
290
275
443
100
137
482
221
484
972
243
118
094
208
502
961	6	[1 9]
308
551
018
124
902
166	6	[1 6]
977
158
693	6	[3 9]
625	6	[2 5]
649	6	[4 9]
328
066	6	[0 6]
602	6	[0 2]
184
787
601	6	[0 1]
789
860	6	[0 8]
396	6	[3 9]
943
155
771
856	6	[5 8]
569	6	[5 9]
168	6	[1 8]
063	6	[0 3]
278
269	6	[2 9]
869	6	[8 9]
942
907
677	6	[7 7]
278
809
816	6	[1 8]
270
914
039
211
021
645	6	[4 5]
188
035
104
217
847
874
459
925
638	6	[3 8]
989
119
973
915
353
398
986	6	[8 9]
196	6	[1 9]
569	6	[5 9]
610	6	[0 1]
708
530
880
350
760	6	[0 7]
133
954
028
127
107
300
737
240
140
533
369	6	[3 9]
598
327
101
684	6	[4 8]
913
822
623	6	[2 3]
709
647	6	[4 7]
511
678	6	[7 8]
312
498
802
841
605	6	[0 5]
350
481
389
766	6	[6 7]
416	6	[1 4]
883
335
195
890
903
771
641	6	[1 4]
556	6	[5 5]
033
290
466	6	[4 6]
971
596	6	[5 9]
202
459
961	6	[1 9]
855
086	6	[0 8]
508
075
708
527
075
371
345
125
669	6	[6 9]
221
671	6	[1 7]
960	6	[0 9]
049
154
715
648	6	[4 8]
372
720
908
405
704
702
808
541
737
461	6	[1 4]
226	6	[2 2]
111
614	6	[1 4]
114
479
855
270
291
942
553
839
651	6	[1 5]
807
304
886	6	[8 8]
930
188
776	6	[7 7]
621	6	[1 2]
629	6	[2 9]
671	6	[1 7]
188
790
315
773
172
736	6	[3 7]
975
804
279
847
596	6	[5 9]
993
031
960	6	[0 9]
350
018
547
388
378
769	6	[7 9]
823
888
580
116	6	[1 1]
215
299
547
193
020
174
250
284
012
138
162	6	[1 2]
807
151
197
231
468	6	[4 8]
718
224
034
185
496	6	[4 9]
339
542
589
558
338
876	6	[7 8]
433
346	6	[3 4]
775
144
665	6	[5 6]
111
473
048
266	6	[2 6]
813
212
446	6	[4 4]
699	6	[9 9]
618	6	[1 8]
811
393
178
091
910
961	6	[1 9]
216	6	[1 2]
157
191
631	6	[1 3]
207
113
466	6	[4 6]
755
853
966	6	[6 9]
815
910
134
631	6	[1 3]
112
054
484
219
646	6	[4 6]
135
885
374
605	6	[0 5]
093
583
403
946	6	[4 9]
276	6	[2 7]
588
014
577
282
068	6	[0 8]
705
311
134
246	6	[2 4]
156	6	[1 5]
002
225
039
118
023
494
918
440
780
532
762	6	[2 7]
123
144
740
492
846	6	[4 8]
876	6	[7 8]
826	6	[2 8]
844
830
064	6	[0 4]
805
910
397
374
745
661	6	[1 6]
204
392
204
715
094
028
482
809
707
323
282
818
287
139
254
884
149
625	6	[2 5]
275
676	6	[6 7]
949
628	6	[2 8]
819
362	6	[2 3]
843
548
152
840
324
647	6	[4 7]
659	6	[5 9]
765	6	[5 7]
222
489
375
929
747
321
613	6	[1 3]
774
606	6	[0 6]
556	6	[5 5]
960	6	[0 9]
396	6	[3 9]
201
833
363	6	[3 3]
214
776	6	[7 7]
786	6	[7 8]
163	6	[1 3]
827
614	6	[1 4]
023
684	6	[4 8]
662	6	[2 6]
238
186	6	[1 8]
652	6	[2 5]
096	6	[0 9]
760	6	[0 7]
740
235
451
682	6	[2 8]
375
532
287
044
289
111
210
561	6	[1 5]
390
780
499
257
374
120
270
437
820
214
732
645	6	[4 5]
059
569	6	[5 9]
601	6	[0 1]
510
519
325
881
724
197
564	6	[4 5]
950
641	6	[1 4]
957
044
251
715
203
525
709
320
807
814
511
796	6	[7 9]
940
753
234
724
524
833
509
128
698	6	[8 9]
204
090
772
241
949
854
915
715
910
314
488
605	6	[0 5]
154
677	6	[7 7]
429
885
471
847
212
219
348
505
832
904
896	6	[8 9]
751
633	6	[3 3]
606	6	[0 6]
165	6	[1 5]
190
523
166	6	[1 6]
667	6	[6 7]
616	6	[1 6]
014
988
502
918
153
676	6	[6 7]
217
252
084
569	6	[5 9]
827
240
280
905
098
341
552
657	6	[5 7]
023
966	6	[6 9]
738
008
615	6	[1 5]
993
871
952
816	6	[1 8]
536	6	[3 5]
626	6	[2 6]
834
830
809
862	6	[2 8]
502
989
251
051
025
205
992
492
294
097
613	6	[1 3]
008
894
635	6	[3 5]
808
419
512
081
111
098
793
408
225
597
501
745
618	6	[1 8]
771
469	6	[4 9]
935
032
652	6	[2 5]
060	6	[0 0]
805
547
103
386	6	[3 8]
752
266	6	[2 6]
891
801
734
754
474
888
360	6	[0 3]
138
882
076	6	[0 7]
072
477
669	6	[6 9]
233
580
669	6	[6 9]
721
559
226	6	[2 2]
081
900
206	6	[0 2]
421
902
932
218
783
907
873
910
413
523
141
564	6	[4 5]
133
783
011
687	6	[7 8]
189
622	6	[2 2]
566	6	[5 6]
862	6	[2 8]
428
309
201
322
925
085
178
857
461	6	[1 4]
495
219
593
129
009
454
271
544
099
220
032
086	6	[0 8]
208
341
377
666	6	[6 6]
997
341
067	6	[0 7]
914
631	6	[1 3]
623	6	[2 3]
803
095
509
898
082
581
348
734
472
797
817
454
353
636	6	[3 6]
169	6	[1 9]
068	6	[0 8]
012
966	6	[6 9]
673	6	[3 7]
082
579
883
180
001
613	6	[1 3]
940
511
149
020
651	6	[1 5]
592
164	6	[1 4]
769	6	[7 9]
868	6	[8 8]
437
936	6	[3 9]
759
094
777
031
696	6	[6 9]
386	6	[3 8]
507
705
910
941
105
614	6	[1 4]
022
376	6	[3 7]
539
434
894
873
272
079
587
157
420
845
987
063	6	[0 3]
799
487
594
709
314
297
402
245
747
717
944
529
025
613	6	[1 3]
634	6	[3 4]
455
914
283
460	6	[0 4]
221
272
215
376	6	[3 7]
282
089
292
915
526	6	[2 5]
110
727
833
201
021
555
828
449
231
533
279
377
251
823
062	6	[0 2]
630	6	[0 3]
611	6	[1 1]
059
719
191
091
907
392
610	6	[0 1]
103
150
582
427
824
795
747
131
053
843
491
462	6	[2 4]
196	6	[1 9]
398
551
392
012
723
816	6	[1 8]
224
532
034
958
487
188
319
019
429
931
424
988
522
327
163	6	[1 3]
863	6	[3 8]
938
539
913
847
541
918
009
141
138
764	6	[4 7]
579
765	6	[5 7]
211
377
204
466	6	[4 6]
747
241
443
008
690	6	[0 9]
682	6	[2 8]
401
359
436	6	[3 4]
121
451
360	6	[0 3]
245
912
588
140
424
574
359
524
782
016	6	[0 1]
487
998
931
832
894
009
409
814
195
156	6	[1 5]
516	6	[1 5]
958
824
707
412
506	6	[0 5]
437
613	6	[1 3]
009
132
308
026	6	[0 2]
788
617	6	[1 7]
207
020
463	6	[3 4]
146	6	[1 4]
073
213
798
641	6	[1 4]
897
260	6	[0 2]
040
588
539
441
195
708
060	6	[0 0]
779
996	6	[9 9]
121
093
120
600	6	[0 0]
824
127
514
358
045
394
429
873
881
887
370
192
382
912
648	6	[4 8]
031
010
262	6	[2 2]
318
452
494
817
452
938
034
895
909
401
205
687	6	[7 8]
985
590
677	6	[7 7]
112
116	6	[1 1]
191
352
825
018
130
193
892
451
766	6	[6 7]
538
598
229
986	6	[8 9]
083
587
516	6	[1 5]
540
156	6	[1 5]
436	6	[3 4]
587
733
840
506	6	[0 5]
145
714
689	6	[8 9]
192
363	6	[3 3]
298
325
079
778
651	6	[1 5]
329
995
822
877
846	6	[4 8]
088
490
627	6	[2 7]
095
944
027
932
914
439
704
633	6	[3 3]
866	6	[6 8]
524
839
048
517
992
357
330
719
359
799
648	6	[4 8]
818
517
784
938
647	6	[4 7]
083
788
407
087
268	6	[2 8]
098
330
546	6	[4 5]
479
068	6	[0 8]
679	6	[7 9]
188
087
207
247
451
691	6	[1 9]
725
844
776	6	[7 7]
546	6	[4 5]
854
361	6	[1 3]
309
012
626	6	[2 6]
960	6	[0 9]
096	6	[0 9]
850
611	6	[1 1]
111
851
423
106	6	[0 1]
586	6	[5 8]
983
999
758
427
830
803
972
660	6	[0 6]
580
901
472
602	6	[0 2]
741
005
932
577
864	6	[4 8]
206	6	[0 2]
746	6	[4 7]
906	6	[0 9]
495
516	6	[1 5]
690	6	[0 9]
840
782
286	6	[2 8]
892
761	6	[1 7]
077
439
624	6	[2 4]
778
628	6	[2 8]
404
206	6	[0 2]
666	6	[6 6]
242
258
896	6	[8 9]
472
291
380
423
307
562	6	[2 5]
610	6	[0 1]
326	6	[2 3]
036	6	[0 3]
729
896	6	[8 9]
711
553
916	6	[1 9]
654	6	[4 5]
723
996	6	[9 9]
974
248
932
846	6	[4 8]
976	6	[7 9]
879
453
530
545
208
458
738
154
600	6	[0 0]
594
254
709
954
029
816	6	[1 8]
530
460	6	[0 4]
832
067	6	[0 7]
022
846	6	[4 8]
418
756	6	[5 7]
994
000
854
916	6	[1 9]
603	6	[0 3]
831
285
531
917
626	6	[2 6]
819
806	6	[0 8]
704
708
758
694	6	[4 9]
535
618	6	[1 8]
389
835
422
872
702
495
209
477
693	6	[3 9]
705
395
260	6	[0 2]
578
349
887
263	6	[2 3]
191
951
468	6	[4 8]
516	6	[1 5]
222
081
167	6	[1 7]
130
633	6	[3 3]
575
882
404
734
711
487
302
617	6	[1 7]
733
278
416	6	[1 4]
132
650	6	[0 5]
629	6	[2 9]
165	6	[1 5]
915
414
138
363	6	[3 3]
975
280
103
251
491
735
819
445
635	6	[3 5]
131
929
343
539
609	6	[0 9]
622	6	[2 2]
803
307
747
089
243
553
651	6	[1 5]
871
963	6	[3 9]
454
321
541
564	6	[4 5]
744
332
801
636	6	[3 6]
664	6	[4 6]
329
240
467	6	[4 7]
125
549
754
991
284
119
990
947
644	6	[4 4]
196	6	[1 9]
433
206	6	[0 2]
685	6	[5 8]
871
915
788
531
909
921
351
070
641	6	[1 4]
627	6	[2 7]
068	6	[0 8]
659	6	[5 9]
936	6	[3 9]
495
457
034
399
390
493
057
327
206	6	[0 2]
720
990
468	6	[4 8]
022
495
533
090
171
994
316	6	[1 3]
015
287
300
219
341
618	6	[1 8]
635	6	[3 5]
526	6	[2 5]
375
257
904
225
805
421
166	6	[1 6]
561	6	[1 5]
682	6	[2 8]
282
855
199
146	6	[1 4]
284
359
733
329
867	6	[7 8]
116	6	[1 1]
746	6	[4 7]
008
103
369	6	[3 9]
789
708
797
517
222
416	6	[1 4]
198
128
212
735
639	6	[3 9]
659	6	[5 9]
959
558
974
435
520
295
275
989
938
784
278
240
405
511
562	6	[2 5]
749
726	6	[2 7]
114
682	6	[2 8]
881
474
875
013
932
512
035
064	6	[0 4]
911
522
552
281
553
020
803
469	6	[4 9]
605	6	[0 5]
556	6	[5 5]
278
867	6	[7 8]
142
779
574
698	6	[8 9]
180
991
206	6	[0 2]
765	6	[5 7]
829
176	6	[1 7]
186	6	[1 8]
323
032
626	6	[2 6]
417
817
729
977
067	6	[0 7]
046	6	[0 4]
600	6	[0 0]
275
703
925
119
371
245
022
337
693	6	[3 9]
321
520
355
797
170
768	6	[7 8]
484
657	6	[5 7]
232
017
344
780
894
127
009
191
435
742
283
632	6	[2 3]
599
757
971
733
480
729
477
982
415
809
170
740
518
002
371
521
167	6	[1 7]
518
398
582
432
793
897
180
834
839
471
342
678	6	[7 8]
072
629	6	[2 9]
266	6	[2 6]
237
056	6	[0 5]
926	6	[2 9]
067	6	[0 7]
882
307
778
936	6	[3 9]
503
100
766	6	[6 7]
797
062	6	[0 2]
218
791
339
547
858
065	6	[0 5]
886	6	[8 8]
386	6	[3 8]
378
243
519
177
814
047
779
401
709
800
023
237
297
325
915
559
393
503
231
178
370
930
670	6	[0 7]
923
130
370
230
767	6	[7 7]
415
275
407
238
110
001
683	6	[3 8]
873
019
170
974
299
228
860	6	[0 8]
211
736	6	[3 7]
370
562	6	[2 5]
769	6	[7 9]
986	6	[8 9]
454
059
341
672	6	[2 7]
739
542
658	6	[5 8]
716	6	[1 7]
433
985
301
452
368	6	[3 8]
857
176	6	[1 7]
191
348
334
882
714
405
986	6	[8 9]
396	6	[3 9]
887
262	6	[2 2]
692	6	[2 9]
806	6	[0 8]
473
087
534
782
983
111
837
072
174
688	6	[8 8]
503
255
862	6	[2 8]
996	6	[9 9]
433
633	6	[3 3]
531
925
697	6	[7 9]
774
373
359
235
838
288
831
801
883
740
990
128
179
672	6	[2 7]
626	6	[2 6]
710
471
245
593
554
133
366	6	[3 6]
911
318
623	6	[2 3]
472
906	6	[0 9]
595
161	6	[1 1]
461	6	[1 4]
913
607	6	[0 7]
250
641	6	[1 4]
160	6	[0 1]
745
545
972
923
606	6	[0 6]
874
735
990
333
045
107
534
112
172
858
446	6	[4 4]
529
449
336	6	[3 3]
077
231
317
736	6	[3 7]
424
396	6	[3 9]
312
804
208
532
299
470
509
128
280
271
918
845
351
003
478
922
907
752
039
871
423
896	6	[8 9]
060	6	[0 0]
498
442
058
081
446	6	[4 4]
786	6	[7 8]
841
491
527
014
377
375
324
273
574
175
746	6	[4 7]
123
009
220
172
260	6	[0 2]
095
030
120
557
704
968	6	[8 9]
023
222
211
785
072
634	6	[3 4]
351
171
769	6	[7 9]
746	6	[4 7]
613	6	[1 3]
724
449
683	6	[3 8]
321
619	6	[1 9]
015
451
751
537
997
196	6	[1 9]
047
423
451
242
007
635	6	[3 5]
550
448
314
009
423
171
509
222
895
088
456	6	[4 5]
211
006	6	[0 0]
505
737
791
670	6	[0 7]
030
996	6	[9 9]
325
614	6	[1 4]
547
760	6	[0 7]
619	6	[1 9]
077
795
266	6	[2 6]
631	6	[1 3]
701
861	6	[1 8]
654	6	[4 5]
018
824
236	6	[2 3]
257
150
747
116	6	[1 1]
227
905
146	6	[1 4]
173
462	6	[2 4]
040
451
266	6	[2 6]
899
512
335
971
103
947
216	6	[1 2]
203
390
301
351
045
029
384
447
959
533
427
866	6	[6 8]
672	6	[2 7]
194
608	6	[0 8]
256	6	[2 5]
853
510
464	6	[4 4]
364	6	[3 4]
748
381
437
159
896	6	[8 9]
103
888
603	6	[0 3]
373
163	6	[1 3]
520
283
218
946	6	[4 9]
529
192
925
138
950
312
797
215
029
399
809
177
755
863	6	[3 8]
036	6	[0 3]
566	6	[5 6]
436	6	[3 4]
187
077
308
675	6	[5 7]
706	6	[0 7]
583
609	6	[0 9]
669	6	[6 9]
806	6	[0 8]
723
805
509
207
231
481
320
159
347
369	6	[3 9]
663	6	[3 6]
074
754
493
113
468	6	[4 8]
927
716	6	[1 7]
465	6	[4 5]
912
219
251
259
287
470
351
720
903
351
366	6	[3 6]
349
099
573
492
110
718
168	6	[1 8]
576	6	[5 7]
646	6	[4 6]
101
952
653	6	[3 5]
794
399
442
187
387
316	6	[1 3]
639	6	[3 9]
336	6	[3 3]
677	6	[7 7]
886	6	[8 8]
949
546	6	[4 5]
887
239
023
918
094
283
070
185
544
676	6	[6 7]
193
088
630	6	[0 3]
106	6	[0 1]
567	6	[5 7]
006	6	[0 0]
512
250
318
765	6	[5 7]
076	6	[0 7]
629	6	[2 9]
550
879
329
262	6	[2 2]
029
913
586	6	[5 8]
819
576	6	[5 7]
059
757
303
805
860	6	[0 8]
486	6	[4 8]
466	6	[4 6]
686	6	[6 8]
126	6	[1 2]
671	6	[1 7]
850
006	6	[0 0]
525
242
486	6	[4 8]
281
408
676	6	[6 7]
947
746	6	[4 7]
656	6	[5 6]
837
295
013
452
872
897
223
445
685	6	[5 8]
225
099
828
630	6	[0 3]
862	6	[2 8]
452
826	6	[2 8]
698	6	[8 9]
308
999
494
354
611	6	[1 1]
153
008
462	6	[2 4]
052
121
306	6	[0 3]
525
471
398
577
418
125
881
269	6	[2 9]
438
056	6	[0 5]
598
374
476	6	[4 7]
072
879
152
481
556	6	[5 5]
468	6	[4 8]
785
721
727
965	6	[5 9]
524
126	6	[1 2]
733
681	6	[1 8]
475
278
175
147
911
928
429
448
021
507
913
372
705
126	6	[1 2]
789
258
632	6	[2 3]
403
279
911
109
762	6	[2 7]
932
276	6	[2 7]
885
976	6	[7 9]
861	6	[1 8]
321
364	6	[3 4]
427
108
894
008
365	6	[3 5]
220
247
945
358
282
682	6	[2 8]
003
366	6	[3 6]
506	6	[0 5]
111
149
044
863	6	[3 8]
995
479
237
907
658	6	[5 8]
621	6	[1 2]
421
545
059
622	6	[2 2]
150
048
544
407
814
029
416	6	[1 4]
049
223
525
873
940
272
509
537
169	6	[1 9]
838
691	6	[1 9]
421
667	6	[6 7]
830
277
143
475
055
503
334
021
043
076	6	[0 7]
282
515
713
601	6	[0 1]
642	6	[2 4]
640	6	[0 4]
404
871
808
229
942
227
620	6	[0 2]
047
678	6	[7 8]
744
028
031
890
197
704
003
725
922
170
580
588
285
632	6	[2 3]
087
488
502
425
113
192
112
037
900
227
854
210
061	6	[0 1]
286	6	[2 8]
121
592
248
807
495
830
044
557
250
961	6	[1 9]
709
747
889
017
747
652	6	[2 5]
339
323
936	6	[3 9]
696	6	[6 9]
381
382
347
369	6	[3 9]
147
345
696	6	[6 9]
122
187
971
895
384
775
889
414
703
508
661	6	[1 6]
690	6	[0 9]
552
229
824
893
955
609	6	[0 9]
979
538
721
958
895
202
629	6	[2 9]
089
053
290
999
973
934
356	6	[3 5]
148
963	6	[3 9]
953
731
233
246	6	[2 4]
746	6	[4 7]
850
410
133
931
436	6	[3 4]
868	6	[8 8]
444
017
747
522
160	6	[0 1]
048
870
013
799
641	6	[1 4]
835
354
952
406	6	[0 4]
943
154
021
179
462	6	[2 4]
580
381
771
574
663	6	[3 6]
023
463	6	[3 4]
906	6	[0 9]
773
640	6	[0 4]
579
357
736	6	[3 7]
084
847
647	6	[4 7]
687	6	[7 8]
840
498
002
150
183
402
727
794
121
975
744
086	6	[0 8]
919
147
022
349
077
743
203
983
678	6	[7 8]
711
779
441
854
214
678	6	[7 8]
206	6	[0 2]
502
088
088
520
832
618	6	[1 8]
650	6	[0 5]
205
623	6	[2 3]
232
856	6	[5 8]
297
946	6	[4 9]
894
224
993
064	6	[0 4]
242
447
629	6	[2 9]
172
730
239
375
453
467	6	[4 7]
421
619	6	[1 9]
683	6	[3 8]
502
586	6	[5 8]
308
891
627	6	[2 7]
555
289
816	6	[1 8]
921
666	6	[6 6]
644	6	[4 4]
227
291
908
565	6	[5 5]
483
912
183
913
988
463	6	[3 4]
970
405
172
442
759
017
755
338
298
223
513
612	6	[1 2]
099
551
163	6	[1 3]
073
509
808
542
468	6	[4 8]
543
773
233
727
370
893
250
138
729
714
210
027
160	6	[0 1]
957
265	6	[2 5]
881
599
474
623	6	[2 3]
801
604	6	[0 4]
730
525
093
817
586	6	[5 8]
267	6	[2 7]
153
806	6	[0 8]
340
774
641	6	[1 4]
501
902
339
836	6	[3 8]
781
832
663	6	[3 6]
389
613	6	[1 3]
518
821
768	6	[7 8]
519
918
013
079
003
001
092
728
399
344
977
229
558
919
187
312
872
945
117
791
007
905
056	6	[0 5]
333
131
387
217
700
306	6	[0 3]
064	6	[0 4]
700
322
262	6	[2 2]
541
127
937
738
995
839
933
624	6	[2 4]
433
164	6	[1 4]
704
101
766	6	[6 7]
582
018
974
128
798
662	6	[2 6]
524
650	6	[0 5]
158
834
711
272
048
164	6	[1 4]
754
242
745
526	6	[2 5]
105
198
760	6	[0 7]
594
660	6	[0 6]
266	6	[2 6]
521
411
810
235
045
998
242
288
111
544
384
999
243
321
262	6	[2 2]
103
224
502
091
723
677	6	[7 7]
275
392
087
946	6	[4 9]
134
078
501
673	6	[3 7]
348
194
053
423
896	6	[8 9]
792
641	6	[1 4]
317
665	6	[5 6]
100
123
109
898
010
213
912
610	6	[0 1]
001
857
820
935
561	6	[1 5]
310
855
377
544
464	6	[4 4]
168	6	[1 8]
156	6	[1 5]
021
842
822
073
973
044
986	6	[8 9]
619	6	[1 9]
465	6	[4 5]
529
325
525
183
420
603	6	[0 3]
968	6	[8 9]
295
417
414
313
751
524
604	6	[0 4]
681	6	[1 8]
878
245
868	6	[8 8]
371
189
929
397
417
927
680	6	[0 8]
698	6	[8 9]
323
687	6	[7 8]
562	6	[2 5]
451
052
051
813
748
369	6	[3 9]
228
738
946	6	[4 9]
102
822
781
629	6	[2 9]
949
414
496	6	[4 9]
403
975
248
855
831
560	6	[0 5]
406	6	[0 4]
129
796	6	[7 9]
558
733
506	6	[0 5]
281
473
873
731
312
804
688	6	[8 8]
216	6	[1 2]
767	6	[7 7]
269	6	[2 9]
505
030
060	6	[0 0]
689	6	[8 9]
810
274
707
846	6	[4 8]
769	6	[7 9]
855
204
034
135
858
420
571
427
481
140
101
801
100
272
358
520
209
722
604	6	[0 4]
368	6	[3 8]
287
700
022
274
574
639	6	[3 9]
755
034
123
738
588
712
687	6	[7 8]
420
012
411
424
787
090
621	6	[1 2]
540
762	6	[2 7]
238
563	6	[3 5]
772
680	6	[0 8]
061	6	[0 1]
667	6	[6 7]
253
838
791
691	6	[1 9]
237
070
730
997
885
316	6	[1 3]
124
907
864	6	[4 8]
414
307
131
057
855
298
214
594
515
788
317
072
856	6	[5 8]
568	6	[5 8]
411
073
497
724
953
945
465	6	[4 5]
047
202
858
150
576	6	[5 7]
916	6	[1 9]
606	6	[0 6]
955
219
732
972
142
839
499
060	6	[0 0]
892
845
720
891
956	6	[5 9]
722
759
778
992
734
301
636	6	[3 6]
965	6	[5 9]
608	6	[0 8]
242
643	6	[3 4]
408
083
037
343
822
770
391
398
811
817
110
168	6	[1 8]
126	6	[1 2]
034
275
763	6	[3 7]
863	6	[3 8]
660	6	[0 6]
185
774
306	6	[0 3]
525
618	6	[1 8]
495
361	6	[1 3]
577
564	6	[4 5]
621	6	[1 2]
059
202
373
367	6	[3 7]
084
143
545
842
270
741
412
744
455
455
974
919
300
327
919
056	6	[0 5]
131
193
935
874
591
668	6	[6 8]
907
699	6	[9 9]
042
798
017
585
847
458
551
593
283
416	6	[1 4]
218
140
829
544
870
911
376	6	[3 7]
081
593
788
348
827
293
573
882
275
863	6	[3 8]
814
865	6	[5 8]
455
555
201
822
646	6	[4 6]
779
593
818
546	6	[4 5]
803
437
064	6	[0 4]
962	6	[2 9]
038
656	6	[5 6]
885
161	6	[1 1]
666	6	[6 6]
402
266	6	[2 6]
200
562	6	[2 5]
595
328
146	6	[1 4]
822
036	6	[0 3]
363	6	[3 3]
020
599
620	6	[0 2]
288
154
926	6	[2 9]
996	6	[9 9]
058
753
753
144
540
824
860	6	[0 8]
284
256	6	[2 5]
436	6	[3 4]
181
226	6	[2 2]
675	6	[5 7]
507
186	6	[1 8]
122
876	6	[7 8]
651	6	[1 5]
531
095
103
593
449
750
324
268	6	[2 8]
933
719
519
250
932
213
213
556	6	[5 5]
723
831
201
461	6	[1 4]
999
327
200
725
733
655	6	[5 5]
292
192
280
970
461	6	[1 4]
783
003
411
306	6	[0 3]
994
628	6	[2 8]
424
836	6	[3 8]
042
118
982
974
479
380
994
887
335
488
521
760	6	[0 7]
686	6	[6 8]
805
531
418
047
378
424
475
166	6	[1 6]
510
288
907
335
530
801
434
658	6	[5 8]
361	6	[1 3]
343
267	6	[2 7]
386	6	[3 8]
757
214
078
221
001
934
517
384
984
200
164	6	[1 4]
998
806	6	[0 8]
312
960	6	[0 9]
052
085
265	6	[2 5]
986	6	[8 9]
001
380
065	6	[0 5]
880
578
520
855
469	6	[4 9]
925
146	6	[1 4]
313
915
967	6	[7 9]
890
925
751
181
460	6	[0 4]
482
336	6	[3 3]
037
216	6	[1 2]
138
631	6	[1 3]
856	6	[5 8]
353
202
751
197
937
974
782
617	6	[1 7]
516	6	[1 5]
778
323
919
719
569	6	[5 9]
988
615	6	[1 5]
231
941
820
020
438
209
120
008
722
135
991
506	6	[0 5]
209
876	6	[7 8]
323
828
269	6	[2 9]
606	6	[0 6]
328
377
844
111
319
880
453
387
457
166	6	[1 6]
671	6	[1 7]
852
404
842
232
564	6	[4 5]
164	6	[1 4]
035
242
096	6	[0 9]
972
330
593
163	6	[1 3]
405
011
824
451
353
207
053
236	6	[2 3]
971
410
303
523
577
318
244
549
382
105
120
515
053
990
298
105
507
808
962	6	[2 9]
965	6	[5 9]
665	6	[5 6]
700
431
806	6	[0 8]
155
851
770
563	6	[3 5]
377
339
379
969	6	[9 9]
547
458
888
345
768	6	[7 8]
166	6	[1 6]
197
683	6	[3 8]
067	6	[0 7]
057
332
290
520
225
279
874
118
897
727
169	6	[1 9]
431
098
162	6	[1 2]
007
369	6	[3 9]
145
604	6	[0 4]
604	6	[0 4]
663	6	[3 6]
379
948
561	6	[1 5]
178
394
160	6	[0 1]
252
946	6	[4 9]
190
754
647	6	[4 7]
216	6	[1 2]
561	6	[1 5]
416	6	[1 4]
339
148
313
232
017
810
325
489
380
006	6	[0 0]
347
364	6	[3 4]
307
119
992
197
542
257
674	6	[4 7]
116	6	[1 1]
964	6	[4 9]
571
100
595
886	6	[8 8]
409
921
884
056	6	[0 5]
994
850
936	6	[3 9]
981
299
607	6	[0 7]
753
630	6	[0 3]
624	6	[2 4]
443
116	6	[1 1]
221
614	6	[1 4]
301
625	6	[2 5]
879
836	6	[3 8]
559
002
320
917
709
748
727
555
879
606	6	[0 6]
131
400
695	6	[5 9]
176	6	[1 7]
867	6	[7 8]
469	6	[4 9]
414
465	6	[4 5]
245
385
024
527
210
892
962	6	[2 9]
400
123
371
894
981
051
318
940
743
994
233
818
492
357
837
662	6	[2 6]
638	6	[3 8]
362	6	[2 3]
995
509
694	6	[4 9]
657	6	[5 7]
540
810
935
398
874
813
985
714
986	6	[8 9]
091
825
693	6	[3 9]
026	6	[0 2]
289
983
753
217
133
725
605	6	[0 5]
576	6	[5 7]
004
079
140
588
814
143
953
561	6	[1 5]
262	6	[2 2]
025
682	6	[2 8]
197
046	6	[0 4]
279
767	6	[7 7]
133
818
710
519
945
475
546	6	[4 5]
830
378
846	6	[4 8]
422
052
585
321
716	6	[1 7]
589
894
888
929
266	6	[2 6]
093
426	6	[2 4]
287
239
591
961	6	[1 9]
642	6	[2 4]
984
803
981
935
586	6	[5 8]
633	6	[3 3]
543
417
805
668	6	[6 8]
007
112
385
178
411
724
794
775
890
086	6	[0 8]
297
676	6	[6 7]
573
020
884
308
388
682	6	[2 8]
347
126	6	[1 2]
086	6	[0 8]
343
009
218
723
228
083
631	6	[1 3]
464	6	[4 4]
803
872
073
701
951
130
925
569	6	[5 9]
250
048
552
513
724
066	6	[0 6]
155
918
488
475
998
007
817
844
551
049
894
014
071
926	6	[2 9]
559
380
151
702
212
545
755
769	6	[7 9]
798
224
476	6	[4 7]
852
322
704
508
010
075
352
589
643	6	[3 4]
877
186	6	[1 8]
034
977
343
320
553
270
975
288
505
125
849
833
882
739
101
772
451
682	6	[2 8]
076	6	[0 7]
495
837
534
311
714
613	6	[1 3]
935
524
524
011
421
081
971
565	6	[5 5]
786	6	[7 8]
789
307
429
739
085
077
275
780
163	6	[1 3]
930
444
231
253
936	6	[3 9]
841
442
123
713
369	6	[3 9]
848
749
711
286	6	[2 8]
233
507
510
809
258
415
255
194
705
886	6	[8 8]
804
033
434
756	6	[5 7]
385
051
726	6	[2 7]
999
569	6	[5 9]
103
007
045
540
685	6	[5 8]
207
278
528
801
831
998
506	6	[0 5]
502
778
553
453
102
017
544
173
372
636	6	[3 6]
110
944
487
679	6	[7 9]
960	6	[0 9]
545
769	6	[7 9]
441
384
181
193
738
609	6	[0 9]
529
130
753
932
222
236	6	[2 3]
712
677	6	[7 7]
243
152
345
801
386	6	[3 8]
845
435
711
578
936	6	[3 9]
837
834
248
396	6	[3 9]
398
018
047
586	6	[5 8]
702
395
094
509
989
502
974
639	6	[3 9]
957
882
132
835
209
209
757
154
873
701
228
774
283
682	6	[2 8]
915
705
572
715
169	6	[1 9]
133
023
378
038
804
794
077
644	6	[4 4]
302
813
476	6	[4 7]
791
646	6	[4 6]
960	6	[0 9]
460	6	[0 4]
674	6	[4 7]
492
886	6	[8 8]
222
801
098
219
120
503
855
541
459
123
945
299
276	6	[2 7]
905
524
183
264	6	[2 4]
464	6	[4 4]
114
457
494
000
190
506	6	[0 5]
122
265	6	[2 5]
761	6	[1 7]
839
913
385
382
592
280
830
656	6	[5 6]
579
396	6	[3 9]
154
286	6	[2 8]
576	6	[5 7]
906	6	[0 9]
120
356	6	[3 5]
419
360	6	[0 3]
607	6	[0 7]
821
090
820
561	6	[1 5]
283
961	6	[1 9]
102
782
219
135
772
152
532
570
335
540
812
404
254
513
471
229
994
807
684	6	[4 8]
019
421
801
116	6	[1 1]
470
273
382
955
997
622	6	[2 2]
236	6	[2 3]
539
526	6	[2 5]
395
903
773
711
260	6	[0 2]
747
502
228
138
056	6	[0 5]
043
705
667	6	[6 7]
009
991
258
027
145
523
095
656	6	[5 6]
731
571
899
518
463	6	[3 4]
520
874
252
038
174
019
553
844
192
900
999
890
351
968	6	[8 9]
056	6	[0 5]
221
858
295
302
930
960	6	[0 9]
081
729
543
920
621	6	[1 2]
656	6	[5 6]
467	6	[4 7]
365	6	[3 5]
564	6	[4 5]
679	6	[7 9]
088
068	6	[0 8]
077
569	6	[5 9]
603	6	[0 3]
644	6	[4 4]
357
220
652	6	[2 5]
818
291
561	6	[1 5]
494
979
094
240
486	6	[4 8]
044
491
161	6	[1 1]
844
936	6	[3 9]
601	6	[0 1]
282
751
769	6	[7 9]
028
524
772
102
487
338
932
211
795
883
441
457
975
250
316	6	[1 3]
226	6	[2 2]
656	6	[5 6]
264	6	[2 4]
001
009
153
364	6	[3 4]
466	6	[4 6]
664	6	[4 6]
969	6	[9 9]
325
080
528
087
563	6	[3 5]
706	6	[0 7]
240
889
749
758
487
453
942
150
695	6	[5 9]
262	6	[2 2]
695	6	[5 9]
569	6	[5 9]
774
127
678	6	[7 8]
547
592
544
992
335
501
455
050
817
410
953
310
063	6	[0 3]
613	6	[1 3]
079
156	6	[1 5]
725
371
859
261	6	[1 2]
850
921
423
765	6	[5 7]
826	6	[2 8]
063	6	[0 3]
558
610	6	[0 1]
967	6	[7 9]
005
303
146	6	[1 4]
814
272
458
933
049
259
034
774
242
761	6	[1 7]
280
926	6	[2 9]
546	6	[4 5]
493
418
888
730
389
965	6	[5 9]
484
371
322
187
248
605	6	[0 5]
249
536	6	[3 5]
813
372
288
299
112
327
839
495
364	6	[3 4]
211
015
494
416	6	[1 4]
884
327
853
286	6	[2 8]
974
491
513
325
985
737
757
742
464	6	[4 4]
659	6	[5 9]
016	6	[0 1]
258
631	6	[1 3]
484
731
682	6	[2 8]
490
742
083
502
712
516	6	[1 5]
136	6	[1 3]
400
955
039
827
520
054
501
020
949
152
468	6	[4 8]
184
949
063	6	[0 3]
616	6	[1 6]
680	6	[0 8]
763	6	[3 7]
723
167	6	[1 7]
763	6	[3 7]
400
130
254
764	6	[4 7]
563	6	[3 5]
286	6	[2 8]
321
917
733
318
384
432
333
541
140
972
468	6	[4 8]
117
486	6	[4 8]
300
613	6	[1 3]
546	6	[4 5]
875
171
897
304
844
098
691	6	[1 9]
543
113
001
750
609	6	[0 9]
672	6	[2 7]
506	6	[0 5]
489
202
640	6	[0 4]
264	6	[2 4]
159
704
026	6	[0 2]
801
428
230
981
912
621	6	[1 2]
358
035
591
433
653	6	[3 5]
157
303
626	6	[2 6]
868	6	[8 8]
703
733
517
976	6	[7 9]
928
382
245
220
398
249
969	6	[9 9]
952
371
019
648	6	[4 8]
575
554
952
706	6	[0 7]
004
871
450
405
874
139
167	6	[1 7]
882
544
419
898
294
650	6	[0 5]
393
674	6	[4 7]
703
762	6	[2 7]
943
020
923
682	6	[2 8]
385
864	6	[4 8]
518
287
188
667	6	[6 7]
960	6	[0 9]
329
967	6	[7 9]
715
377
835
480
768	6	[7 8]
804
507
375
874
144
717
804
856	6	[5 8]
057
288
803
924
820
614	6	[1 4]
552
355
150
305
687	6	[7 8]
173
888
953
902
069	6	[0 9]
673	6	[3 7]
225
882
451
287
156	6	[1 5]
424
000
798
954
587
518
376	6	[3 7]
522
186	6	[1 8]
253
480
922
642	6	[2 4]
456	6	[4 5]
576	6	[5 7]
698	6	[8 9]
037
079
390
772
399
049
302
649	6	[4 9]
196	6	[1 9]
738
578
808
695	6	[5 9]
369	6	[3 9]
280
096	6	[0 9]
666	6	[6 6]
555
121
163	6	[1 3]
341
405
417
229
770
616	6	[1 6]
995
405
328
041
480
683	6	[3 8]
076	6	[0 7]
145
971
444
443
510
535
897
299
971
751
444
934
555
311
468	6	[4 8]
568	6	[5 8]
157
831
327
806	6	[0 8]
332
685	6	[5 8]
203
083
795
528
057
705
830
121
551
697	6	[7 9]
112
186	6	[1 8]
538
753
181
152
956	6	[5 9]
087
765	6	[5 7]
408
895
884
788
677	6	[7 7]
750
102
670	6	[0 7]
911
368	6	[3 8]
369	6	[3 9]
735
401
941
861	6	[1 8]
546	6	[4 5]
529
140
332
569	6	[5 9]
163	6	[1 3]
154
005
087
008
507
384
726	6	[2 7]
780
628	6	[2 8]
192
057
724
421
562	6	[2 5]
624	6	[2 4]
638	6	[3 8]
270
657	6	[5 7]
918
926	6	[2 9]
683	6	[3 8]
554
928
671	6	[1 7]
276	6	[2 7]
961	6	[1 9]
041
557
389
259
556	6	[5 5]
600	6	[0 0]
921
528
215
379
710
425
742
479
583
257
481
538
227
876	6	[7 8]
960	6	[0 9]
581
154
764	6	[4 7]
234
106	6	[0 1]
733
702
905
236	6	[2 3]
968	6	[8 9]
927
617	6	[1 7]
357
393
629	6	[2 9]
627	6	[2 7]
263	6	[2 3]
891
606	6	[0 6]
181
315
768	6	[7 8]
121
846	6	[4 8]
159
299
436	6	[3 4]
487
955
071
886	6	[8 8]
833
663	6	[3 6]
107
507
744
015
054
801
104
189
560	6	[0 5]
138
100
702
997
854
424
623	6	[2 3]
338
656	6	[5 6]
627	6	[2 7]
013
020
837
173
943
524
087
019
890
046	6	[0 4]
704
741
310
847
907
826	6	[2 8]
585
515
335
448
272
570
240
064	6	[0 4]
214
739
863	6	[3 8]
540
571
179
897
487
006	6	[0 0]
363	6	[3 3]
962	6	[2 9]
393
087
383
176	6	[1 7]
613	6	[1 3]
890
162	6	[1 2]
356	6	[3 5]
959
495
288
580
690	6	[0 9]
462	6	[2 4]
406	6	[0 4]
261	6	[1 2]
036	6	[0 3]
083
243
294
597
853
110
065	6	[0 5]
967	6	[7 9]
604	6	[0 4]
657	6	[5 7]
878
716	6	[1 7]
214
725
490
574
251
190
184
307
975
796	6	[7 9]
526	6	[2 5]
391
705
574
407
428
469	6	[4 9]
932
885
185
916	6	[1 9]
335
062	6	[0 2]
446	6	[4 4]
493
223
491
319
247
523
774
427
377
553
103
561	6	[1 5]
837
607	6	[0 7]
524
483
764	6	[4 7]
914
661	6	[1 6]
004
584
918
130
913
288
389
675	6	[5 7]
115
540
548
017
843
775
184
485
718
545
877
267	6	[2 7]
233
734
025
935
030
721
913
514
350
557
469	6	[4 9]
139
067	6	[0 7]
369	6	[3 9]
702
887
471
922
155
552
986	6	[8 9]
426	6	[2 4]
152
598
639	6	[3 9]
378
724
197
076	6	[0 7]
731
886	6	[8 8]
886	6	[8 8]
856	6	[5 8]
155
255
446	6	[4 4]
262	6	[2 2]
726	6	[2 7]
724
160	6	[0 1]
292
084
980
178
162	6	[1 2]
055
070
359
634	6	[3 4]
574
661	6	[1 6]
028
049
048
054
349
927
061	6	[0 1]
134
491
051
615	6	[1 5]
512
482
754
502
071
849
303
542
664	6	[4 6]
201
338
792
694	6	[4 9]
875
381
826	6	[2 8]
911
188
489
104
305
114
691	6	[1 9]
861	6	[1 8]
116	6	[1 1]
241
364	6	[3 4]
518
734
199
707
720
966	6	[6 9]
653	6	[3 5]
695	6	[5 9]
807
670	6	[0 7]
170
520
467	6	[4 7]
755
893
691	6	[1 9]
518
194
472
482
756	6	[5 7]
854
835
189
303
310
158
996	6	[9 9]
563	6	[3 5]
349
352
174
424
781
931
501
121
678	6	[7 8]
780
422
217
428
044
007
259
845
109
131
079
660	6	[0 6]
179
223
951
254
515
005
875
818
716	6	[1 7]
804
282
165	6	[1 5]
157
064	6	[0 4]
390
438
393
820
097
001
607	6	[0 7]
564	6	[4 5]
644	6	[4 4]
625	6	[2 5]
118
507
691	6	[1 9]
427
641	6	[1 4]
279
760	6	[0 7]
075
646	6	[4 6]
844
073
575
241
759
148
304
582
534
217
178
089
248
184
864	6	[4 8]
156	6	[1 5]
929
935
444
082
907
748
993
783
623	6	[2 3]
705
949
219
475
718
938
626	6	[2 6]
031
234
640	6	[0 4]
170
841
787
261	6	[1 2]
682	6	[2 8]
720
175
827
531
636	6	[3 6]
563	6	[3 5]
194
249
487
536	6	[3 5]
865	6	[5 8]
711
958
876	6	[7 8]
814
174
502
232
769	6	[7 9]
468	6	[4 8]
701
982
554
150
401
840
880
780
222
970
523
735
504
881
550
280
371
047
022
905
415
301
958
323
273
726	6	[2 7]
466	6	[4 6]
321
188
216	6	[1 2]
475
423
370
807
369	6	[3 9]
164	6	[1 4]
465	6	[4 5]
566	6	[5 6]
786	6	[7 8]
795
241
883
221
081
710
082
086	6	[0 8]
952
751
132
110
441
396	6	[3 9]
645	6	[4 5]
014
160	6	[0 1]
292
134
834
846	6	[4 8]
643	6	[3 4]
254
297
403
296	6	[2 9]
522
559
949
636	6	[3 6]
650	6	[0 5]
261	6	[1 2]
591
285
915
984
436	6	[3 4]
883
512
824
292
878
401
426	6	[2 4]
411
428
329
739
705
794
181
002
586	6	[5 8]
578
221
545
835
905
764	6	[4 7]
437
811
119
607	6	[0 7]
758
930
797
587
894
531
376	6	[3 7]
369	6	[3 9]
479
139
821
486	6	[4 8]
180
592
175
159
548
338
305
705
420
387
717
840
376	6	[3 7]
685	6	[5 8]
066	6	[0 6]
479
720
216	6	[1 2]
034
537
733
091
321
729
478
547
412
103
333
681	6	[1 8]
857
475
146	6	[1 4]
951
671	6	[1 7]
232
119
377
773
526	6	[2 5]
931
904
467	6	[4 7]
103
732
539
545
024
548
484
664	6	[4 6]
624	6	[2 4]
642	6	[2 4]
144
214
483
599
931
388
562	6	[2 5]
588
483
225
475
344
559
346	6	[3 4]
923
392
386	6	[3 8]
041
917
154
799
586	6	[5 8]
346	6	[3 4]
386	6	[3 8]
327
431
184
275
476	6	[4 7]
135
111
613	6	[1 3]
612	6	[1 2]
595
531
332
756	6	[5 7]
399
375
681	6	[1 8]
268	6	[2 8]
678	6	[7 8]
662	6	[2 6]
247
721
667	6	[6 7]
564	6	[4 5]
144
254
941
741
027
921
585
208
037
160	6	[0 1]
396	6	[3 9]
932
226	6	[2 2]
182
013
490
843
255
219
942
906	6	[0 9]
229
011
299
879
754
259
059
114
471
964	6	[4 9]
464	6	[4 4]
704
465	6	[4 5]
440
244
485
374
532
277
576	6	[5 7]
504
821
337
219
704
317
439
767	6	[7 7]
211
167	6	[1 7]
167	6	[1 7]
999
578
358
141
513
689	6	[8 9]
991
017
944
660	6	[0 6]
788
696	6	[6 9]
248
967	6	[7 9]
383
044
797
124
931
946	6	[4 9]
557
973
726	6	[2 7]
046	6	[0 4]
977
892
484
434
310
456	6	[4 5]
244
846	6	[4 8]
773
777
963	6	[3 9]
785
608	6	[0 8]
452
762	6	[2 7]
879
146	6	[1 4]
510
438
906	6	[0 9]
364	6	[3 4]
211
159
881
337
152
191
247
180
796	6	[7 9]
232
612	6	[1 2]
142
452
642	6	[2 4]
121
984
541
818
182
743
527
769	6	[7 9]
736	6	[3 7]
294
100
969	6	[9 9]
094
261	6	[1 2]
749
165	6	[1 5]
031
532
590
340
218
976	6	[7 9]
420
984
161	6	[1 1]
105
406	6	[0 4]
542
243
178
241
365	6	[3 5]
183
323
040
610	6	[0 1]
510
350
539
073
636	6	[3 6]
243
464	6	[4 4]
430
042
068	6	[0 8]
891
561	6	[1 5]
868	6	[8 8]
449
360	6	[0 3]
750
860	6	[0 8]
807
233
192
989
446	6	[4 4]
808
071
649	6	[4 9]
411
617	6	[1 7]
859
303
079
153
314
671	6	[1 7]
961	6	[1 9]
205
162	6	[1 2]
830
920
766	6	[6 7]
480
271
127
171
598
103
033
204
083
222
167	6	[1 7]
257
092
818
094
476	6	[4 7]
492
390
757
831
992
218
292
730
718
182
484
745
963	6	[3 9]
908
052
062	6	[0 2]
932
583
744
028
146	6	[1 4]
749
598
973
706	6	[0 7]
965	6	[5 9]
346	6	[3 4]
577
531
094
967	6	[7 9]
311
383
763	6	[3 7]
523
520
869	6	[8 9]
302
220
469	6	[4 9]
991
566	6	[5 6]
418
945
642	6	[2 4]
831
869	6	[8 9]
811
592
717
809
891
773
192
574
696	6	[6 9]
856	6	[5 8]
347
119
465	6	[4 5]
465	6	[4 5]
983
672	6	[2 7]
140
533
863	6	[3 8]
404
141
327
743
675	6	[5 7]
896	6	[8 9]
757
075
578
110
488
448
533
958
876	6	[7 8]
825
336	6	[3 3]
565	6	[5 5]
812
331
043
605	6	[0 5]
324
720
406	6	[0 4]
272
965	6	[5 9]
933
017
277
639	6	[3 9]
199
056	6	[0 5]
562	6	[2 5]
094
377
071
063	6	[0 3]
596	6	[5 9]
034
297
797
605	6	[0 5]
590
345
130
795
824
242
138
528
580
410
506	6	[0 5]
368	6	[3 8]
394
627	6	[2 7]
965	6	[5 9]
876	6	[7 8]
856	6	[5 8]
015
770
338
028
459
261	6	[1 2]
162	6	[1 2]
897
764	6	[4 7]
212
229
486	6	[4 8]
211
037
027
373
731
704
952
080
998
206	6	[0 2]
167	6	[1 7]
827
058
725
419
840
292
407
227
904
827
886	6	[8 8]
602	6	[0 2]
439
741
864	6	[4 8]
175
002
906	6	[0 9]
957
308
422
937
177
665	6	[5 6]
128
310
717
157
854
163	6	[1 3]
701
230
525
640	6	[0 4]
484
628	6	[2 8]
581
426	6	[2 4]
489
134
824
565	6	[5 5]
151
708
059
208
310
440
109
795
464	6	[4 4]
197
886	6	[8 8]
513
274
221
215
427
966	6	[6 9]
992
733
800
503
990
105
731
508
999
542
917
171
565	6	[5 5]
896	6	[8 9]
764	6	[4 7]
178
806	6	[0 8]
439
797
144
759
527
066	6	[0 6]
004
725
961	6	[1 9]
358
687	6	[7 8]
631	6	[1 3]
581
670	6	[0 7]
946	6	[4 9]
403
406	6	[0 4]
266	6	[2 6]
148
404
206	6	[0 2]
690	6	[0 9]
974
900
076	6	[0 7]
348
353
009
304
682	6	[2 8]
644	6	[4 4]
754
236	6	[2 3]
010
776	6	[7 7]
162	6	[1 2]
363	6	[3 3]
683	6	[3 8]
118
116	6	[1 1]
880
099
457
389
311
825
955
937
843
601	6	[0 1]
354
527
525
359
870
051
017
717
694	6	[4 9]
306	6	[0 3]
839
784
492
725
902
515
387
173
102
010
563	6	[3 5]
522
440
184
421
053
992
814
691	6	[1 9]
285
101
282
331
346	6	[3 4]
241
638	6	[3 8]
749
363	6	[3 3]
522
039
891
151
579
017
558
666	6	[6 6]
636	6	[3 6]
504
737
742
176	6	[1 7]
093
411
171
273
526	6	[2 5]
562	6	[2 5]
096	6	[0 9]
300
218
295
831
031
984
537
634	6	[3 4]
649	6	[4 9]
997
245
478
129
901
448
423
732
988
417
290
114
690	6	[0 9]
279
475
401
029
355
362	6	[2 3]
559
200
278
081
764	6	[4 7]
038
349
000
853
397
212
707
971
800
355
962	6	[2 9]
599
038
535
239
964	6	[4 9]
650	6	[0 5]
590
464	6	[4 4]
531
865	6	[5 8]
697	6	[7 9]
961	6	[1 9]
864	6	[4 8]
731
851
590
793
128
918
517
726	6	[2 7]
800
480
722
249
399
863	6	[3 8]
918
485
326	6	[2 3]
982
682	6	[2 8]
437
057
527
625	6	[2 5]
709
615	6	[1 5]
599
939
152
923
868	6	[8 8]
039
204
818
829
445
516	6	[1 5]
939
270
023
970
343
596	6	[5 9]
228
833
896	6	[8 9]
559
305
357
299
590
527
002
592
664	6	[4 6]
163	6	[1 3]
835
587
335
362	6	[2 3]
708
534
659	6	[5 9]
901
113
712
083
151
298
048
719
697	6	[7 9]
671	6	[1 7]
350
679	6	[7 9]
155
749
803
982
981
895
490
163	6	[1 3]
911
829
663	6	[3 6]
545
385
901
810
191
448
191
179
666	6	[6 6]
220
385
911
276	6	[2 7]
162	6	[1 2]
812
398
468	6	[4 8]
486	6	[4 8]
527
942
583
027
176	6	[1 7]
559
129
844
726	6	[2 7]
451
248
168	6	[1 8]
354
558
056	6	[0 5]
474
701
309
814
114
367	6	[3 7]
427
024
453
817
477
927
990
877
439
771
039
748
852
263	6	[2 3]
205
943
242
376	6	[3 7]
877
118
801
791
369	6	[3 9]
221
395
107
731
316	6	[1 3]
991
648	6	[4 8]
729
733
471
132
019
215
620	6	[0 2]
265	6	[2 5]
183
793
905
311
365	6	[3 5]
389
685	6	[5 8]
576	6	[5 7]
991
355
919
540
695	6	[5 9]
003
665	6	[5 6]
241
680	6	[0 8]
324
066	6	[0 6]
189
339
476	6	[4 7]
903
279
949
057
226	6	[2 2]
826	6	[2 8]
211
951
102
391
137
017
655	6	[5 5]
511
358
468	6	[4 8]
049
069	6	[0 9]
494
745
751
854
636	6	[3 6]
651	6	[1 5]
348
146	6	[1 4]
259
360	6	[0 3]
853
743
236	6	[2 3]
673	6	[3 7]
901
159
418
443
003
511
387
808
283
258
086	6	[0 8]
915
750
761	6	[1 7]
639	6	[3 9]
247
792
328
493
131
332
218
700
036	6	[0 3]
438
463	6	[3 4]
103
313
013
744
060	6	[0 0]
909
301
146	6	[1 4]
589
011
012
852
050
783
941
294
114
020
930
925
113
039
904
733
157
267	6	[2 7]
824
309
152
668	6	[6 8]
750
445
101
806	6	[0 8]
275
508
255
986	6	[8 9]
932
156	6	[1 5]
366	6	[3 6]
498
730
739
563	6	[3 5]
622	6	[2 2]
027
226	6	[2 2]
219
511
767	6	[7 7]
208
045
913
680	6	[0 8]
012
956	6	[5 9]
393
940
109
644	6	[4 4]
854
810
598
143
513
394
556	6	[5 5]
719
757
517
093
457
087
266	6	[2 6]
469	6	[4 9]
679	6	[7 9]
180
005
957
093
882
452
092
066	6	[0 6]
401
063	6	[0 3]
730
135
971
446	6	[4 4]
142
540
363	6	[3 3]
491
780
674	6	[4 7]
867	6	[7 8]
048
390
096	6	[0 9]
295
778
397
977
975
027
854
744
633	6	[3 3]
599
454
088
601	6	[0 1]
907
189
772
201
740
109
120
198
605	6	[0 5]
486	6	[4 8]
756	6	[5 7]
887
816	6	[1 8]
253
933
842
773
597
241
166	6	[1 6]
324
820
588
107
885
588
800
