904
117	1	[1 7]
587
108	1	[0 8]
484
173	1	[3 7]
033
632
793
606
982
348
018	1	[0 8]
211	1	[1 2]
549
559
177	1	[7 7]
495
648
521	1	[2 5]
502
182	1	[2 8]
762
415	1	[4 5]
728
617	1	[6 7]
152	1	[2 5]
600
734
245
514	1	[4 5]
597
576
217	1	[2 7]
700
981	1	[8 9]
097
560
089
307
138	1	[3 8]
006
841	1	[4 8]
113	1	[1 3]
337
592
309
436
289
851	1	[5 8]
121	1	[1 2]
184	1	[4 8]
538
170	1	[0 7]
514	1	[4 5]
348
443
129	1	[2 9]
459
321	1	[2 3]
818	1	[8 8]
957
788
481	1	[4 8]
012	1	[0 2]
433
879
626
677
069
004
949
490
378
712	1	[2 7]
495
424
464
373
988
119	1	[1 9]
776
359
037
584
300
337
140	1	[0 4]
565
453
671	1	[6 7]
910	1	[0 9]
820
834
152	1	[2 5]
600
199	1	[9 9]
592
185	1	[5 8]
120	1	[0 2]
745
464
601	1	[0 6]
349
784
921	1	[2 9]
827
042
072
453
602
694
517	1	[5 7]
797
698
405
221	1	[2 2]
194	1	[4 9]
283
877
263
139	1	[3 9]
486
076
354
234
835
383
984
450
361	1	[3 6]
231	1	[2 3]
815	1	[5 8]
653
032
228
973
417	1	[4 7]
298
456
130	1	[0 3]
597
537
407
824
520
850
956
470
927
359
693
797
532
177	1	[7 7]
353
588
209
868
854
568
567
597
101	1	[0 1]
858
003
381	1	[3 8]
377
051	1	[0 5]
866
726
096
238
728
619	1	[6 9]
381	1	[3 8]
597
150	1	[0 5]
059
979
507
337
959
554
039
403
745
097
881	1	[8 8]
786
351	1	[3 5]
841	1	[4 8]
771	1	[7 7]
168	1	[6 8]
592
604
838
888
344
749
501	1	[0 5]
884
315	1	[3 5]
265
882
266
522
105	1	[0 5]
894
627
255
275
323
569
306
870
458
042
953
212	1	[2 2]
265
898
770
681	1	[6 8]
260
441	1	[4 4]
589
602
249
353
288
580
578
640
762
936
580
502
350
988
108	1	[0 8]
392
743
438
487
321	1	[2 3]
106	1	[0 6]
358
380
514	1	[4 5]
932
181	1	[1 8]
933
574
245
403
053
649
450
606
455
677
005
445
117	1	[1 7]
229
500
235
096
291	1	[2 9]
618	1	[6 8]
808
851	1	[5 8]
057
225
804
947
861	1	[6 8]
977
535
589
506
580
848
415	1	[4 5]
647
287
246
994
648
981	1	[8 9]
375
181	1	[1 8]
777
875
862
022
358
832
771	1	[7 7]
836
703
778
049
122	1	[2 2]
535
329
625
547
653
343
059
327
817	1	[7 8]
786
205
378
143	1	[3 4]
702
909
167	1	[6 7]
158	1	[5 8]
696
553
342
921	1	[2 9]
867
990
131	1	[1 3]
981	1	[8 9]
622
654
736
849
392
191	1	[1 9]
408
401	1	[0 4]
616	1	[6 6]
628
611	1	[1 6]
362
452
634
248
651	1	[5 6]
574
996
949
956
940
220
753
989
900
987
617	1	[6 7]
794
079
448
696
479
726
845
101	1	[0 1]
521	1	[2 5]
940
263
411	1	[1 4]
464
190	1	[0 9]
826
598
018	1	[0 8]
010	1	[0 0]
416	1	[4 6]
075
341	1	[3 4]
790
308
489
909
607
418	1	[4 8]
576
271	1	[2 7]
235
499
621	1	[2 6]
588
228
418	1	[4 8]
945
152	1	[2 5]
216	1	[2 6]
163	1	[3 6]
695
202
407
798
613	1	[3 6]
325
962
617	1	[6 7]
510	1	[0 5]
197	1	[7 9]
505
587
367
269
315	1	[3 5]
924
121	1	[1 2]
241	1	[2 4]
226
506
628
350
159	1	[5 9]
812	1	[2 8]
926
937
550
210	1	[0 2]
168	1	[6 8]
613	1	[3 6]
430
945
219	1	[2 9]
522
877
637
545
086
323
520
053
601	1	[0 6]
251	1	[2 5]
423
744
609
772
332
891	1	[8 9]
701	1	[0 7]
947
466
235
308
636
654
329
547
608
857
797
819	1	[8 9]
010	1	[0 0]
767
910	1	[0 9]
802
761	1	[6 7]
705
832
670
917	1	[7 9]
702
941	1	[4 9]
816	1	[6 8]
543
985
887
297
162	1	[2 6]
486
117	1	[1 7]
603
758
457
871	1	[7 8]
107	1	[0 7]
215	1	[2 5]
678
928
914	1	[4 9]
990
831	1	[3 8]
574
724
238
420
141	1	[1 4]
076
967
126	1	[2 6]
707
831	1	[3 8]
270
935
537
881	1	[8 8]
973
817	1	[7 8]
077
411	1	[1 4]
117	1	[1 7]
281	1	[2 8]
198	1	[8 9]
595
185	1	[5 8]
579
554
445
294
810	1	[0 8]
636
838
609
899
729
815	1	[5 8]
834
861	1	[6 8]
587
296
740
682
555
868
046
479
457
493
851	1	[5 8]
539
804
707
593
066
724
372
342
641	1	[4 6]
643
297
712	1	[2 7]
967
389
622
658
348
261	1	[2 6]
184	1	[4 8]
072
154	1	[4 5]
662
286
046
365
344
511	1	[1 5]
146	1	[4 6]
695
852
936
807
495
630
239
418	1	[4 8]
830
984
700
917	1	[7 9]
854
499
103	1	[0 3]
756
658
823
380
776
967
202
519	1	[5 9]
510	1	[0 5]
597
280
896
167	1	[6 7]
314	1	[3 4]
853
989
914	1	[4 9]
494
628
200
897
177	1	[7 7]
443
718	1	[7 8]
279
118	1	[1 8]
104	1	[0 4]
427
173	1	[3 7]
287
448
169	1	[6 9]
831	1	[3 8]
419	1	[4 9]
603
311	1	[1 3]
015	1	[0 5]
803
022
971	1	[7 9]
762
590
964
984
974
646
186	1	[6 8]
462
084
255
525
980
095
380
128	1	[2 8]
201	1	[0 2]
534
330
512	1	[2 5]
129	1	[2 9]
867
509
342
587
383
811	1	[1 8]
630
006
906
503
559
855
959
902
860
334
402
856
099
494
921	1	[2 9]
328
172	1	[2 7]
961	1	[6 9]
898
092
883
523
464
881	1	[8 8]
110	1	[0 1]
566
846
177	1	[7 7]
044
660
773
672
769
953
604
950
359
178	1	[7 8]
950
756
129	1	[2 9]
097
261	1	[2 6]
467
798
943
902
322
359
814	1	[4 8]
827
021	1	[0 2]
300
036
966
185	1	[5 8]
103	1	[0 3]
382
098
036
084
440
481	1	[4 8]
402
962
667
754
814	1	[4 8]
178	1	[7 8]
017	1	[0 7]
460
804
305
301	1	[0 3]
160	1	[0 6]
653
005
194	1	[4 9]
515	1	[5 5]
862
252
382
050
621	1	[2 6]
542
574
350
193	1	[3 9]
389
083
065
618	1	[6 8]
575
974
305
871	1	[7 8]
510	1	[0 5]
578
938
041	1	[0 4]
313	1	[3 3]
276
090
156	1	[5 6]
833
787
719	1	[7 9]
233
772
844
949
906
306
987
025
921	1	[2 9]
954
335
225
185	1	[5 8]
744
279
479
221	1	[2 2]
388
006
817	1	[7 8]
215	1	[2 5]
075
028
189	1	[8 9]
259
853
297
874
872
534
979
811	1	[1 8]
946
955
871	1	[7 8]
271	1	[2 7]
299
382
458
797
603
202
201	1	[0 2]
777
643
672
261	1	[2 6]
196	1	[6 9]
220
507
521	1	[2 5]
417	1	[4 7]
154	1	[4 5]
130	1	[0 3]
618	1	[6 8]
617	1	[6 7]
785
340
711	1	[1 7]
545
248
950
837
171	1	[1 7]
468
594
166	1	[6 6]
949
461	1	[4 6]
909
585
964
386
526
058
939
559
744
627
537
432
909
848
369
441	1	[4 4]
990
148	1	[4 8]
792
531	1	[3 5]
912	1	[2 9]
135	1	[3 5]
339
031	1	[0 3]
983
991	1	[9 9]
429
778
663
288
465
976
970
087
890
676
122	1	[2 2]
204
943
715	1	[5 7]
767
797
355
698
769
072
495
342
104	1	[0 4]
291	1	[2 9]
118	1	[1 8]
783
384
053
794
530
554
043
993
878
962
075
931	1	[3 9]
043
074
321	1	[2 3]
909
490
627
942
997
031	1	[0 3]
758
948
385
976
870
876
346
947
008
524
628
412	1	[2 4]
482
414	1	[4 4]
397
792
689
385
260
122	1	[2 2]
017	1	[0 7]
668
174	1	[4 7]
312	1	[2 3]
032
873
119	1	[1 9]
852
837
056
944
998
891	1	[8 9]
415	1	[4 5]
327
173	1	[3 7]
479
300
641	1	[4 6]
501	1	[0 5]
439
087
146	1	[4 6]
379
128	1	[2 8]
689
574
537
622
692
556
460
012	1	[0 2]
153	1	[3 5]
954
849
217	1	[2 7]
337
208
892
220
230
410	1	[0 4]
824
481	1	[4 8]
243
829
414	1	[4 4]
360
817	1	[7 8]
736
054
837
561	1	[5 6]
318	1	[3 8]
281	1	[2 8]
969
693
418	1	[4 8]
268
912	1	[2 9]
872
766
556
275
526
976
199	1	[9 9]
114	1	[1 4]
713	1	[3 7]
396
818	1	[8 8]
386
368
817	1	[7 8]
295
642
053
034
226
225
607
700
789
181	1	[1 8]
539
149	1	[4 9]
035
607
314	1	[3 4]
954
878
028
949
821	1	[2 8]
625
525
533
944
589
028
492
113	1	[1 3]
049
307
947
895
137	1	[3 7]
189	1	[8 9]
678
152	1	[2 5]
062
397
403
419	1	[4 9]
030
889
532
571	1	[5 7]
192	1	[2 9]
072
061	1	[0 6]
377
519	1	[5 9]
798
543
691	1	[6 9]
797
762
015	1	[0 5]
862
119	1	[1 9]
950
157	1	[5 7]
919	1	[9 9]
410	1	[0 4]
143	1	[3 4]
886
575
730
471	1	[4 7]
618	1	[6 8]
479
268
401	1	[0 4]
162	1	[2 6]
930
495
209
773
339
256
375
504
058
542
097
167	1	[6 7]
025
456
518	1	[5 8]
337
070
210	1	[0 2]
612	1	[2 6]
110	1	[0 1]
821	1	[2 8]
373
124	1	[2 4]
766
934
852
112	1	[1 2]
635
132	1	[2 3]
446
941	1	[4 9]
493
422
539
232
525
688
203
236
669
710	1	[0 7]
366
696
262
283
883
416	1	[4 6]
358
742
392
342
098
525
041	1	[0 4]
444
617	1	[6 7]
181	1	[1 8]
432
553
724
877
506
096
928
927
806
956
896
569
224
431	1	[3 4]
348
037
301	1	[0 3]
798
933
281	1	[2 8]
221	1	[2 2]
194	1	[4 9]
173	1	[3 7]
491	1	[4 9]
503
435
710	1	[0 7]
937
675
313	1	[3 3]
421	1	[2 4]
011	1	[0 1]
641	1	[4 6]
805
530
914	1	[4 9]
625
164	1	[4 6]
566
982
878
268
256
951	1	[5 9]
815	1	[5 8]
845
608
617	1	[6 7]
448
744
160	1	[0 6]
008
346
489
155	1	[5 5]
885
089
661	1	[6 6]
594
848
179	1	[7 9]
517	1	[5 7]
550
811	1	[1 8]
002
263
907
364
673
676
747
729
763
807
621	1	[2 6]
576
960
351	1	[3 5]
750
149	1	[4 9]
058
493
387
822
110	1	[0 1]
409
084
690
569
441	1	[4 4]
991	1	[9 9]
317	1	[3 7]
041	1	[0 4]
792
582
966
314	1	[3 4]
555
089
175	1	[5 7]
438
960
913	1	[3 9]
501	1	[0 5]
878
366
880
776
975
823
167	1	[6 7]
782
352
444
765
671	1	[6 7]
351	1	[3 5]
517	1	[5 7]
215	1	[2 5]
206
232
711	1	[1 7]
901	1	[0 9]
718	1	[7 8]
560
487
218	1	[2 8]
245
531	1	[3 5]
170	1	[0 7]
046
065
653
471	1	[4 7]
103	1	[0 3]
894
134	1	[3 4]
322
501	1	[0 5]
683
082
990
375
236
104	1	[0 4]
010	1	[0 0]
765
047
828
966
148	1	[4 8]
191	1	[1 9]
134	1	[3 4]
594
091	1	[0 9]
559
721	1	[2 7]
880
077
011	1	[0 1]
405
126	1	[2 6]
149	1	[4 9]
631	1	[3 6]
253
476
005
526
908
464
492
284
286
264
744
922
136	1	[3 6]
782
870
998
889
480
969
733
493
505
108	1	[0 8]
511	1	[1 5]
044
070
052
334
088
256
063
582
326
696
162	1	[2 6]
806
137	1	[3 7]
819	1	[8 9]
091	1	[0 9]
348
161	1	[1 6]
931	1	[3 9]
382
665
331	1	[3 3]
826
034
927
918	1	[8 9]
481	1	[4 8]
821	1	[2 8]
314	1	[3 4]
178	1	[7 8]
522
252
856
881	1	[8 8]
321	1	[2 3]
699
562
982
022
032
122	1	[2 2]
817	1	[7 8]
631	1	[3 6]
151	1	[1 5]
457
657
191	1	[1 9]
368
100	1	[0 0]
068
727
064
124	1	[2 4]
208
389
529
278
948
422
624
920
289
559
766
776
661	1	[6 6]
602
290
336
297
209
602
466
077
504
834
040
995
462
759
828
973
677
845
309
167	1	[6 7]
141	1	[1 4]
060
818	1	[8 8]
497
248
982
101	1	[0 1]
533
054
010	1	[0 0]
774
391	1	[3 9]
910	1	[0 9]
093
779
197	1	[7 9]
248
719	1	[7 9]
556
897
798
886
650
625
213	1	[2 3]
240
204
158	1	[5 8]
842
327
505
690
341	1	[3 4]
668
045
470
597
141	1	[1 4]
555
222
979
036
313	1	[3 3]
967
898
608
467
942
904
720
691	1	[6 9]
754
473
484
769
114	1	[1 4]
313	1	[3 3]
314	1	[3 4]
709
140	1	[0 4]
826
727
759
266
778
405
827
472
188	1	[8 8]
273
180	1	[0 8]
340
392
217	1	[2 7]
713	1	[3 7]
708
311	1	[1 3]
457
265
395
921	1	[2 9]
555
858
574
219	1	[2 9]
809
077
661	1	[6 6]
515	1	[5 5]
645
812	1	[2 8]
747
578
202
450
354
811	1	[1 8]
745
764
706
429
501	1	[0 5]
128	1	[2 8]
365
513	1	[3 5]
667
538
019	1	[0 9]
785
009
510	1	[0 5]
040
435
317	1	[3 7]
882
108	1	[0 8]
398
414	1	[4 4]
461	1	[4 6]
994
568
373
706
005
650
891	1	[8 9]
061	1	[0 6]
316	1	[3 6]
477
156	1	[5 6]
171	1	[1 7]
769
900
066
959
588
888
301	1	[0 3]
568
392
070
335
458
793
886
116	1	[1 6]
592
335
701	1	[0 7]
151	1	[1 5]
570
770
954
995
112	1	[1 2]
083
067
425
161	1	[1 6]
513	1	[3 5]
592
137	1	[3 7]
960
451	1	[4 5]
037
200
418	1	[4 8]
764
648
245
267
748
257
532
096
691	1	[6 9]
408
151	1	[1 5]
748
234
597
278
547
704
363
890
224
948
930
757
152	1	[2 5]
694
090
041	1	[0 4]
995
489
824
679
027
259
280
501	1	[0 5]
231	1	[2 3]
794
181	1	[1 8]
930
793
685
185	1	[5 8]
120	1	[0 2]
199	1	[9 9]
909
840
889
598
945
084
598
618	1	[6 8]
192	1	[2 9]
596
903
484
334
792
707
349
936
075
966
772
939
057
522
433
104	1	[0 4]
994
875
230
640
518	1	[5 8]
798
720
487
099
158	1	[5 8]
643
043
973
308
752
889
039
093
675
681	1	[6 8]
801	1	[0 8]
680
494
887
139	1	[3 9]
716	1	[6 7]
250
010	1	[0 0]
027
659
501	1	[0 5]
948
253
788
863
234
470
557
703
340
856
792
332
169	1	[6 9]
673
235
172	1	[2 7]
498
494
204
695
661	1	[6 6]
200
712	1	[2 7]
112	1	[1 2]
815	1	[5 8]
783
417	1	[4 7]
611	1	[1 6]
092
482
147	1	[4 7]
848
873
598
660
275
045
054
644
295
965
570
977
546
946
646
514	1	[4 5]
274
252
841	1	[4 8]
549
168	1	[6 8]
933
136	1	[3 6]
401	1	[0 4]
171	1	[1 7]
089
083
943
596
551	1	[5 5]
299
752
690
944
835
408
996
005
786
474
834
640
187	1	[7 8]
137	1	[3 7]
693
558
368
597
896
467
638
487
799
300
758
254
948
583
745
526
010	1	[0 0]
414	1	[4 4]
788
407
441	1	[4 4]
109	1	[0 9]
933
334
212	1	[2 2]
031	1	[0 3]
342
464
527
882
015	1	[0 5]
572
229
111	1	[1 1]
456
345
148	1	[4 8]
473
974
418	1	[4 8]
659
119	1	[1 9]
725
064
218	1	[2 8]
771	1	[7 7]
918	1	[8 9]
394
282
081	1	[0 8]
028
880
338
272
012	1	[0 2]
485
189	1	[8 9]
330
436
138	1	[3 8]
863
684
284
816	1	[6 8]
023
650
223
801	1	[0 8]
963
056
104	1	[0 4]
269
838
287
751	1	[5 7]
327
591	1	[5 9]
257
162	1	[2 6]
718	1	[7 8]
254
088
854
745
410	1	[0 4]
015	1	[0 5]
468
031	1	[0 3]
892
839
283
836
912	1	[2 9]
357
424
501	1	[0 5]
028
199	1	[9 9]
359
502
604
092
631	1	[3 6]
031	1	[0 3]
168	1	[6 8]
960
709
318	1	[3 8]
313	1	[3 3]
649
768
097
721	1	[2 7]
178	1	[7 8]
555
502
604
469
125	1	[2 5]
690
155	1	[5 5]
412	1	[2 4]
741	1	[4 7]
457
802
883
252
857
606
773
131	1	[1 3]
959
834
831	1	[3 8]
185	1	[5 8]
933
279
753
459
242
895
543
887
107	1	[0 7]
888
971	1	[7 9]
871	1	[7 8]
211	1	[1 2]
555
049
923
579
035
991	1	[9 9]
718	1	[7 8]
159	1	[5 9]
399
097
781	1	[7 8]
056
070
150	1	[0 5]
597
089
414	1	[4 4]
635
331	1	[3 3]
633
918	1	[8 9]
413	1	[3 4]
203
679
757
085
307
986
866
727
500
102	1	[0 2]
382
190	1	[0 9]
109	1	[0 9]
638
052
334
472
536
315	1	[3 5]
383
716	1	[6 7]
095
957
098
494
066
089
378
675
007
665
922
697
035
547
964
687
686
345
602
379
938
259
060
063
045
341	1	[3 4]
626
396
220
178	1	[7 8]
834
795
046
729
754
384
668
506
565
168	1	[6 8]
444
176	1	[6 7]
729
788
527
917	1	[7 9]
201	1	[0 2]
068
938
165	1	[5 6]
252
988
054
858
324
211	1	[1 2]
066
038
584
977
790
178	1	[7 8]
113	1	[1 3]
710	1	[0 7]
101	1	[0 1]
344
091	1	[0 9]
620
293
561	1	[5 6]
935
677
218	1	[2 8]
515	1	[5 5]
499
908
100	1	[0 0]
412	1	[2 4]
840
670
831	1	[3 8]
484
610	1	[0 6]
989
147	1	[4 7]
821	1	[2 8]
940
006
941	1	[4 9]
029
313	1	[3 3]
614	1	[4 6]
788
079
116	1	[1 6]
970
212	1	[2 2]
055
504
621	1	[2 6]
488
679
613	1	[3 6]
752
913	1	[3 9]
345
269
759
165	1	[5 6]
029
447
892
427
626
912	1	[2 9]
713	1	[3 7]
761	1	[6 7]
013	1	[0 3]
799
755
785
821	1	[2 8]
203
156	1	[5 6]
145	1	[4 5]
204
134	1	[3 4]
945
857
852
682
685
838
452
789
362
901	1	[0 9]
408
998
104	1	[0 4]
905
169	1	[6 9]
470
454
611	1	[1 6]
645
302
336
623
783
530
308
988
339
879
127	1	[2 7]
194	1	[4 9]
731	1	[3 7]
158	1	[5 8]
198	1	[8 9]
180	1	[0 8]
389
453
057
265
371	1	[3 7]
000
922
200
463
363
731	1	[3 7]
857
572
337
383
439
954
156	1	[5 6]
049
374
930
550
594
230
920
621	1	[2 6]
738
741	1	[4 7]
534
684
811	1	[1 8]
537
717	1	[7 7]
781	1	[7 8]
728
002
044
790
637
260
549
677
107	1	[0 7]
737
999
144	1	[4 4]
328
288
166	1	[6 6]
727
257
610	1	[0 6]
311	1	[1 3]
124	1	[2 4]
789
850
309
499
934
187	1	[7 8]
252
914	1	[4 9]
945
538
373
357
552
793
408
396
329
625
220
363
503
859
481	1	[4 8]
826
520
326
880
508
851	1	[5 8]
370
913	1	[3 9]
014	1	[0 4]
172	1	[2 7]
560
625
333
679
263
004
742
075
412	1	[2 4]
398
277
930
981	1	[8 9]
417	1	[4 7]
440
018	1	[0 8]
839
162	1	[2 6]
395
944
981	1	[8 9]
937
273
355
916	1	[6 9]
088
243
450
661	1	[6 6]
136	1	[3 6]
554
397
489
417	1	[4 7]
727
317	1	[3 7]
400
657
793
369
732
321	1	[2 3]
107	1	[0 7]
684
604
511	1	[1 5]
639
351	1	[3 5]
775
846
431	1	[3 4]
255
499
714	1	[4 7]
227
204
950
830
758
917	1	[7 9]
247
196	1	[6 9]
255
930
570
645
383
941	1	[4 9]
264
562
478
281	1	[2 8]
972
010	1	[0 0]
800
007
800
244
834
765
908
848
061	1	[0 6]
630
399
124	1	[2 4]
819	1	[8 9]
594
769
647
131	1	[1 3]
764
942
121	1	[1 2]
759
103	1	[0 3]
970
376
954
706
906
056
093
958
523
962
739
678
853
564
808
136	1	[3 6]
348
166	1	[6 6]
835
939
717	1	[7 7]
759
713	1	[3 7]
543
919	1	[9 9]
240
284
431	1	[3 4]
912	1	[2 9]
623
810	1	[0 8]
108	1	[0 8]
642
686
421	1	[2 4]
324
313	1	[3 3]
141	1	[1 4]
378
315	1	[3 5]
901	1	[0 9]
306
724
658
985
280
600
880
381	1	[3 8]
784
929
444
469
429
785
644
377
280
687
114	1	[1 4]
404
710	1	[0 7]
740
465
006
507
675
263
328
091	1	[0 9]
384
208
718	1	[7 8]
781	1	[7 8]
448
973
722
751	1	[5 7]
568
540
955
404
688
524
554
790
915	1	[5 9]
197	1	[7 9]
565
823
640
390
423
718	1	[7 8]
889
187	1	[7 8]
434
782
840
096
109	1	[0 9]
388
002
181	1	[1 8]
868
524
104	1	[0 4]
642
489
825
733
080
511	1	[1 5]
976
387
309
392
875
053
471	1	[4 7]
282
892
000
293
445
689
090
520
611	1	[1 6]
051	1	[0 5]
018	1	[0 8]
148	1	[4 8]
882
388
766
510	1	[0 5]
597
916	1	[6 9]
953
381	1	[3 8]
068
744
331	1	[3 3]
162	1	[2 6]
212	1	[2 2]
053
401	1	[0 4]
810	1	[0 8]
995
657
225
307
092
526
578
549
033
757
731	1	[3 7]
546
387
948
686
876
074
163	1	[3 6]
651	1	[5 6]
427
848
712	1	[2 7]
705
439
208
638
405
506
087
267
720
442
285
610	1	[0 6]
162	1	[2 6]
879
923
897
073
064
098
157	1	[5 7]
533
686
449
755
477
381	1	[3 8]
601	1	[0 6]
772
389
927
967
562
876
245
693
881	1	[8 8]
961	1	[6 9]
077
121	1	[1 2]
493
262
929
028
627
000
807
799
349
850
673
655
099
509
394
459
595
452
255
306
857
107	1	[0 7]
137	1	[3 7]
394
942
460
850
696
484
289
396
691	1	[6 9]
563
582
931	1	[3 9]
845
831	1	[3 8]
055
887
494
048
301	1	[0 3]
442
265
128	1	[2 8]
523
926
923
525
250
920
375
478
537
516	1	[5 6]
384
726
762
272
757
420
049
279
922
323
064
961	1	[6 9]
851	1	[5 8]
289
394
954
038
981	1	[8 9]
443
583
246
635
561	1	[5 6]
570
653
777
369
110	1	[0 1]
419	1	[4 9]
578
550
718	1	[7 8]
736
080
836
796
042
588
038
462
811	1	[1 8]
412	1	[2 4]
188	1	[8 8]
247
016	1	[0 6]
717	1	[7 7]
684
958
410	1	[0 4]
165	1	[5 6]
747
597
098
526
910	1	[0 9]
265
574
041	1	[0 4]
157	1	[5 7]
070
193	1	[3 9]
317	1	[3 7]
786
798
868
542
288
444
781	1	[7 8]
942
084
602
011	1	[0 1]
924
128	1	[2 8]
752
369
304
035
080
037
863
562
129	1	[2 9]
631	1	[3 6]
812	1	[2 8]
604
793
872
124	1	[2 4]
116	1	[1 6]
359
347
203
014	1	[0 4]
268
532
136	1	[3 6]
394
735
252
729
007
816	1	[6 8]
921	1	[2 9]
475
349
711	1	[1 7]
018	1	[0 8]
438
438
375
943
253
519	1	[5 9]
305
594
294
701	1	[0 7]
823
367
037
403
553
449
714	1	[4 7]
600
811	1	[1 8]
456
323
279
199	1	[9 9]
665
747
743
752
913	1	[3 9]
628
835
401	1	[0 4]
679
109	1	[0 9]
400
869
927
800
763
757
901	1	[0 9]
453
658
045
174	1	[4 7]
714	1	[4 7]
938
730
662
972
610	1	[0 6]
599
331	1	[3 3]
565
518	1	[5 8]
380
415	1	[4 5]
166	1	[6 6]
232
639
184	1	[4 8]
767
595
554
782
957
089
672
110	1	[0 1]
633
728
222
201	1	[0 2]
654
341	1	[3 4]
394
562
565
377
720
219	1	[2 9]
196	1	[6 9]
906
857
357
020
717	1	[7 7]
423
205
224
699
042
496
236
591	1	[5 9]
918	1	[8 9]
633
337
208
924
523
098
904
332
906
611	1	[1 6]
837
028
538
944
695
535
262
786
146	1	[4 6]
363
397
738
098
150	1	[0 5]
348
607
336
357
243
533
449
328
881	1	[8 8]
919	1	[9 9]
664
781	1	[7 8]
613	1	[3 6]
847
480
339
217	1	[2 7]
884
103	1	[0 3]
889
683
023
510	1	[0 5]
249
947
277
054
570
131	1	[1 3]
751	1	[5 7]
081	1	[0 8]
359
891	1	[8 9]
278
563
911	1	[1 9]
597
368
115	1	[1 5]
546
929
865
583
148	1	[4 8]
304
400
812	1	[2 8]
717	1	[7 7]
190	1	[0 9]
903
710	1	[0 7]
539
433
243
431	1	[3 4]
232
922
133	1	[3 3]
657
560
436
880
938
610	1	[0 6]
093
450
188	1	[8 8]
421	1	[2 4]
708
084
726
129	1	[2 9]
111	1	[1 1]
728
582
303
806
158	1	[5 8]
065
836
239
423
593
447
003
082
561	1	[5 6]
227
051	1	[0 5]
059
013	1	[0 3]
757
242
989
784
175	1	[5 7]
731	1	[3 7]
649
926
878
352
264
411	1	[1 4]
838
246
597
705
640
049
932
244
860
924
758
138	1	[3 8]
980
009
999
703
439
866
328
186	1	[6 8]
287
112	1	[1 2]
933
252
807
030
941	1	[4 9]
036
051	1	[0 5]
757
032
473
992
312	1	[2 3]
331	1	[3 3]
149	1	[4 9]
724
897
559
912	1	[2 9]
544
807
335
393
213	1	[2 3]
731	1	[3 7]
671	1	[6 7]
215	1	[2 5]
453
329
832
669
781	1	[7 8]
927
294
671	1	[6 7]
442
956
012	1	[0 2]
266
850
452
798
586
680
060
763
085
833
178	1	[7 8]
107	1	[0 7]
138	1	[3 8]
188	1	[8 8]
600
713	1	[3 7]
675
457
382
495
631	1	[3 6]
858
747
409
105	1	[0 5]
168	1	[6 8]
562
317	1	[3 7]
459
586
453
498
569
393
428
859
000
305
729
617	1	[6 7]
054
617	1	[6 7]
995
881	1	[8 8]
238
531	1	[3 5]
680
615	1	[5 6]
982
205
163	1	[3 6]
564
969
825
901	1	[0 9]
865
944
884
758
956
538
199	1	[9 9]
064
188	1	[8 8]
313	1	[3 3]
703
180	1	[0 8]
553
185	1	[5 8]
466
288
392
353
814	1	[4 8]
450
270
260
624
517	1	[5 7]
536
943
827
199	1	[9 9]
722
435
546
233
397
227
012	1	[0 2]
849
219	1	[2 9]
702
195	1	[5 9]
420
205
759
212	1	[2 2]
692
661	1	[6 6]
640
203
071	1	[0 7]
406
821	1	[2 8]
173	1	[3 7]
412	1	[2 4]
479
043
084
939
933
005
763
662
883
098
637
713	1	[3 7]
567
422
143	1	[3 4]
671	1	[6 7]
370
788
047
315	1	[3 5]
573
714	1	[4 7]
403
201	1	[0 2]
275
043
486
451	1	[4 5]
570
031	1	[0 3]
818	1	[8 8]
161	1	[1 6]
100	1	[0 0]
610	1	[0 6]
611	1	[1 6]
972
990
682
301	1	[0 3]
298
245
238
766
101	1	[0 1]
579
885
989
842
097
911	1	[1 9]
875
208
946
985
594
860
978
861	1	[6 8]
390
400
376
085
481	1	[4 8]
607
050
747
596
166	1	[6 6]
713	1	[3 7]
372
575
044
502
290
388
741	1	[4 7]
656
987
006
314	1	[3 4]
393
557
576
367
605
116	1	[1 6]
261	1	[2 6]
168	1	[6 8]
950
961	1	[6 9]
391	1	[3 9]
832
778
068
417	1	[4 7]
237
072
193	1	[3 9]
229
612	1	[2 6]
831	1	[3 8]
982
161	1	[1 6]
120	1	[0 2]
028
517	1	[5 7]
582
409
302
082
320
073
084
226
995
938
116	1	[1 6]
049
786
260
091	1	[0 9]
922
256
701	1	[0 7]
099
933
856
681	1	[6 8]
853
975
297
066
701	1	[0 7]
267
588
218	1	[2 8]
321	1	[2 3]
192	1	[2 9]
853
701	1	[0 7]
116	1	[1 6]
657
035
718	1	[7 8]
605
935
577
328
059
713	1	[3 7]
237
883
018	1	[0 8]
010	1	[0 0]
252
341	1	[3 4]
933
203
780
209
560
941	1	[4 9]
764
241	1	[2 4]
695
707
584
505
269
495
810	1	[0 8]
127	1	[2 7]
698
054
185	1	[5 8]
224
481	1	[4 8]
911	1	[1 9]
859
492
907
517	1	[5 7]
324
246
873
271	1	[2 7]
645
128	1	[2 8]
325
861	1	[6 8]
336
723
174	1	[4 7]
266
755
521	1	[2 5]
882
948
800
622
912	1	[2 9]
300
100	1	[0 0]
982
232
638
888
683
135	1	[3 5]
224
486
500
181	1	[1 8]
326
965
982
131	1	[1 3]
322
496
932
737
777
186	1	[6 8]
292
591	1	[5 9]
964
467
531	1	[3 5]
254
446
194	1	[4 9]
307
584
719	1	[7 9]
383
109	1	[0 9]
397
974
040
892
153	1	[3 5]
011	1	[0 1]
022
904
052
848
991	1	[9 9]
846
936
595
914	1	[4 9]
078
348
806
145	1	[4 5]
619	1	[6 9]
840
925
680
110	1	[0 1]
730
213	1	[2 3]
119	1	[1 9]
515	1	[5 5]
690
921	1	[2 9]
442
917	1	[7 9]
263
650
328
662
055
479
807
241	1	[2 4]
097
809
129	1	[2 9]
524
038
903
121	1	[1 2]
012	1	[0 2]
292
354
222
654
544
503
047
976
646
906
566
145	1	[4 5]
465
634
040
601	1	[0 6]
068
989
260
654
314	1	[3 4]
041	1	[0 4]
248
441	1	[4 4]
055
870
684
403
484
076
333
084
862
887
420
054
944
977
010	1	[0 0]
576
517	1	[5 7]
971	1	[7 9]
845
588
579
052
714	1	[4 7]
783
082
716	1	[6 7]
845
703
914	1	[4 9]
818	1	[8 8]
783
328
967
147	1	[4 7]
053
284
261	1	[2 6]
488
757
300
882
727
049
180	1	[0 8]
034
569
438
866
492
583
645
801	1	[0 8]
613	1	[3 6]
473
610	1	[0 6]
391	1	[3 9]
169	1	[6 9]
622
021	1	[0 2]
318	1	[3 8]
014	1	[0 4]
096
336
154	1	[4 5]
774
821	1	[2 8]
649
849
320
624
428
910	1	[0 9]
406
300
581	1	[5 8]
513	1	[3 5]
428
243
287
489
623
580
828
813	1	[3 8]
330
626
985
773
188	1	[8 8]
054
829
835
272
825
830
486
760
891	1	[8 9]
616	1	[6 6]
422
339
165	1	[5 6]
946
249
184	1	[4 8]
793
459
403
657
360
238
322
462
438
498
210	1	[0 2]
832
328
749
534
436
586
529
041	1	[0 4]
678
085
863
811	1	[1 8]
797
108	1	[0 8]
485
759
710	1	[0 7]
832
848
743
390
306
750
993
347
251	1	[2 5]
688
269
112	1	[1 2]
442
630
721	1	[2 7]
395
999
689
124	1	[2 4]
448
933
552
480
320
203
509
203
686
153	1	[3 5]
344
349
340
021	1	[0 2]
345
565
913	1	[3 9]
780
842
322
427
083
760
562
664
294
644
590
551	1	[5 5]
730
895
047
239
209
253
087
841	1	[4 8]
999
361	1	[3 6]
011	1	[0 1]
955
335
888
173	1	[3 7]
725
144	1	[4 4]
585
014	1	[0 4]
486
504
203
823
462
649
094
030
007
483
992
111	1	[1 1]
505
476
783
197	1	[7 9]
519	1	[5 9]
098
141	1	[1 4]
603
671	1	[6 7]
131	1	[1 3]
603
391	1	[3 9]
004
639
638
162	1	[2 6]
525
095
530
573
436
757
744
518	1	[5 8]
232
471	1	[4 7]
490
773
318	1	[3 8]
194	1	[4 9]
298
936
387
584
811	1	[1 8]
419	1	[4 9]
732
686
274
976
973
416	1	[4 6]
153	1	[3 5]
688
753
722
459
146	1	[4 6]
639
579
966
237
030
316	1	[3 6]
139	1	[3 9]
225
045
351	1	[3 5]
402
235
294
478
098
681	1	[6 8]
485
302
191	1	[1 9]
552
261	1	[2 6]
984
475
735
941	1	[4 9]
169	1	[6 9]
162	1	[2 6]
267
753
676
020
884
473
179	1	[7 9]
291	1	[2 9]
500
915	1	[5 9]
306
835
811	1	[1 8]
804
456
111	1	[1 1]
303
543
299
819	1	[8 9]
501	1	[0 5]
791	1	[7 9]
239
947
860
147	1	[4 7]
149	1	[4 9]
154	1	[4 5]
265
991	1	[9 9]
950
022
377
618	1	[6 8]
917	1	[7 9]
005
419	1	[4 9]
539
292
973
097
048
007
777
092
329
706
487
243
027
829
451	1	[4 5]
468
886
201	1	[0 2]
340
049
860
946
866
875
471	1	[4 7]
329
244
288
734
768
921	1	[2 9]
652
478
540
014	1	[0 4]
119	1	[1 9]
277
712	1	[2 7]
803
680
050
139	1	[3 9]
624
763
510	1	[0 5]
076
461	1	[4 6]
740
407
199	1	[9 9]
478
415	1	[4 5]
148	1	[4 8]
814	1	[4 8]
644
448
934
256
265
007
918	1	[8 9]
958
239
908
064
746
556
225
445
071	1	[0 7]
505
422
768
857
149	1	[4 9]
783
262
547
256
925
985
662
177	1	[7 7]
743
736
103	1	[0 3]
698
401	1	[0 4]
762
500
441	1	[4 4]
649
811	1	[1 8]
880
697
030
914	1	[4 9]
392
152	1	[2 5]
517	1	[5 7]
917	1	[7 9]
935
888
966
020
485
963
873
920
395
377
538
858
865
851	1	[5 8]
122	1	[2 2]
353
013	1	[0 3]
558
699
039
173	1	[3 7]
130	1	[0 3]
112	1	[1 2]
295
922
872
040
668
732
683
031	1	[0 3]
023
500
335
724
806
991	1	[9 9]
616	1	[6 6]
657
688
010	1	[0 0]
113	1	[1 3]
794
625
221	1	[2 2]
646
184	1	[4 8]
808
652
244
877
621	1	[2 6]
164	1	[4 6]
133	1	[3 3]
620
825
284
317	1	[3 7]
560
381	1	[3 8]
739
528
358
170	1	[0 7]
021	1	[0 2]
014	1	[0 4]
199	1	[9 9]
440
042
183	1	[3 8]
458
618	1	[6 8]
687
127	1	[2 7]
449
908
374
616	1	[6 6]
812	1	[2 8]
191	1	[1 9]
717	1	[7 7]
370
476
720
386
948
378
363
197	1	[7 9]
665
709
019	1	[0 9]
722
398
147	1	[4 7]
559
914	1	[4 9]
338
124	1	[2 4]
541	1	[4 5]
971	1	[7 9]
432
964
477
079
868
841	1	[4 8]
867
447
488
225
986
710	1	[0 7]
233
185	1	[5 8]
940
316	1	[3 6]
808
907
809
898
043
026
277
569
977
298
242
438
089
812	1	[2 8]
084
340
877
549
958
193	1	[3 9]
747
429
133	1	[3 3]
568
089
208
596
949
372
808
772
927
376
541	1	[4 5]
386
675
192	1	[2 9]
703
139	1	[3 9]
238
496
878
612	1	[2 6]
444
127	1	[2 7]
288
425
481	1	[4 8]
009
653
687
610	1	[0 6]
157	1	[5 7]
869
417	1	[4 7]
350
939
413	1	[3 4]
394
121	1	[1 2]
960
518	1	[5 8]
273
709
232
991	1	[9 9]
470
324
309
551	1	[5 5]
698
144	1	[4 4]
242
406
662
420
536
231	1	[2 3]
661	1	[6 6]
568
958
061	1	[0 6]
475
764
667
966
368
584
232
855
808
887
113	1	[1 3]
153	1	[3 5]
179	1	[7 9]
956
874
474
351	1	[3 5]
717	1	[7 7]
103	1	[0 3]
460
174	1	[4 7]
142	1	[2 4]
760
842
175	1	[5 7]
057
455
110	1	[0 1]
776
340
376
022
179	1	[7 9]
399
515	1	[5 5]
996
773
821	1	[2 8]
217	1	[2 7]
705
617	1	[6 7]
664
276
437
620
919	1	[9 9]
230
992
396
291	1	[2 9]
927
716	1	[6 7]
530
014	1	[0 4]
883
646
004
671	1	[6 7]
822
094
764
749
495
380
792
380
987
055
349
139	1	[3 9]
267
797
393
766
149	1	[4 9]
486
078
863
718	1	[7 8]
222
740
445
173	1	[3 7]
808
369
167	1	[6 7]
409
287
691	1	[6 9]
895
211	1	[1 2]
923
485
988
523
062
557
662
269
428
737
507
979
782
310	1	[0 3]
829
962
440
783
019	1	[0 9]
057
076
894
474
615	1	[5 6]
768
806
865
799
847
979
613	1	[3 6]
044
018	1	[0 8]
917	1	[7 9]
421	1	[2 4]
834
780
904
132	1	[2 3]
822
063
142	1	[2 4]
909
342
408
678
094
186	1	[6 8]
023
016	1	[0 6]
193	1	[3 9]
668
839
391	1	[3 9]
931	1	[3 9]
731	1	[3 7]
110	1	[0 1]
842
539
623
090
256
457
929
787
439
905
066
523
012	1	[0 2]
588
260
126	1	[2 6]
615	1	[5 6]
967
799
161	1	[1 6]
534
297
915	1	[5 9]
920
451	1	[4 5]
974
226
151	1	[1 5]
268
246
268
166	1	[6 6]
286
108	1	[0 8]
382
457
372
438
383
131	1	[1 3]
170	1	[0 7]
634
516	1	[5 6]
447
421	1	[2 4]
115	1	[1 5]
765
523
158	1	[5 8]
649
381	1	[3 8]
539
222
097
702
170	1	[0 7]
055
671	1	[6 7]
285
881	1	[8 8]
174	1	[4 7]
195	1	[5 9]
214	1	[2 4]
600
776
106	1	[0 6]
138	1	[3 8]
046
606
860
511	1	[1 5]
137	1	[3 7]
254
312	1	[2 3]
302
112	1	[1 2]
801	1	[0 8]
322
124	1	[2 4]
816	1	[6 8]
544
340
579
127	1	[2 7]
211	1	[1 2]
717	1	[7 7]
387
228
158	1	[5 8]
780
273
567
002
342
166	1	[6 6]
632
794
470
859
675
688
345
162	1	[2 6]
091	1	[0 9]
158	1	[5 8]
718	1	[7 8]
119	1	[1 9]
050
700
286
596
637
806
285
719	1	[7 9]
419	1	[4 9]
384
202
194	1	[4 9]
253
427
009
686
208
827
341	1	[3 4]
111	1	[1 1]
289
572
400
141	1	[1 4]
344
572
197	1	[7 9]
046
717	1	[7 7]
588
823
057
365
933
738
395
841	1	[4 8]
519	1	[5 9]
984
645
779
962
414	1	[4 4]
051	1	[0 5]
975
202
705
036
629
958
872
756
676
662
239
015	1	[0 5]
662
767
952
444
326
723
471	1	[4 7]
804
636
671	1	[6 7]
514	1	[4 5]
462
324
452
884
449
980
969
211	1	[1 2]
636
906
176	1	[6 7]
032
343
740
388
928
703
338
605
828
947
580
739
332
951	1	[5 9]
214	1	[2 4]
525
046
724
162	1	[2 6]
801	1	[0 8]
820
938
957
705
927
193	1	[3 9]
849
840
941	1	[4 9]
884
205
070
022
674
857
993
815	1	[5 8]
932
237
148	1	[4 8]
087
720
362
926
684
283
994
600
285
021	1	[0 2]
759
604
045
863
593
017	1	[0 7]
314	1	[3 4]
097
271	1	[2 7]
223
361	1	[3 6]
323
976
469
617	1	[6 7]
687
006
460
917	1	[7 9]
480
025
582
439
850
471	1	[4 7]
171	1	[1 7]
481	1	[4 8]
575
627
158	1	[5 8]
906
888
396
676
642
872
279
784
788
354
244
425
788
503
444
275
170	1	[0 7]
475
238
193	1	[3 9]
077
871	1	[7 8]
924
937
835
449
052
340
820
397
189	1	[8 9]
668
947
449
278
054
235
215	1	[2 5]
970
027
168	1	[6 8]
855
582
972
163	1	[3 6]
518	1	[5 8]
872
146	1	[4 6]
612	1	[2 6]
534
311	1	[1 3]
291	1	[2 9]
422
689
638
752
288
427
972
546
534
094
512	1	[2 5]
981	1	[8 9]
793
586
646
014	1	[0 4]
778
457
124	1	[2 4]
956
205
382
427
595
068
943
453
794
699
837
033
341	1	[3 4]
652
497
503
518	1	[5 8]
940
101	1	[0 1]
714	1	[4 7]
869
873
286
384
490
886
641	1	[4 6]
376
886
436
582
619	1	[6 9]
159	1	[5 9]
106	1	[0 6]
774
218	1	[2 8]
611	1	[1 6]
746
227
307
824
318	1	[3 8]
376
026
217	1	[2 7]
826
125	1	[2 5]
825
007
573
554
016	1	[0 6]
148	1	[4 8]
960
437
340
341	1	[3 4]
171	1	[1 7]
601	1	[0 6]
127	1	[2 7]
976
517	1	[5 7]
661	1	[6 6]
615	1	[5 6]
955
962
892
811	1	[1 8]
164	1	[4 6]
149	1	[4 9]
648
918	1	[8 9]
715	1	[5 7]
234
617	1	[6 7]
956
299
866
217	1	[2 7]
568
430
955
292
374
359
694
924
131	1	[1 3]
920
484
109	1	[0 9]
302
530
658
873
801	1	[0 8]
620
069
022
100	1	[0 0]
266
256
686
971	1	[7 9]
898
132	1	[2 3]
711	1	[1 7]
634
174	1	[4 7]
013	1	[0 3]
227
247
408
991	1	[9 9]
463
899
412	1	[2 4]
763
452
219	1	[2 9]
916	1	[6 9]
950
065
932
455
787
264
659
135	1	[3 5]
037
610	1	[0 6]
377
549
058
717	1	[7 7]
273
052
703
075
232
186	1	[6 8]
628
344
938
708
449
860
931	1	[3 9]
178	1	[7 8]
071	1	[0 7]
296
697
383
768
989
243
164	1	[4 6]
033
756
872
402
739
372
150	1	[0 5]
397
617	1	[6 7]
177	1	[7 7]
474
338
131	1	[1 3]
386
493
176	1	[6 7]
208
682
304
588
604
996
469
510	1	[0 5]
076
387
755
895
914	1	[4 9]
325
545
278
119	1	[1 9]
903
408
231	1	[2 3]
593
627
890
010	1	[0 0]
533
446
734
067
126	1	[2 6]
874
594
055
989
618	1	[6 8]
789
246
761	1	[6 7]
928
310	1	[0 3]
574
924
100	1	[0 0]
859
726
848
988
837
840
118	1	[1 8]
048
129	1	[2 9]
193	1	[3 9]
664
194	1	[4 9]
697
695
669
954
161	1	[1 6]
125	1	[2 5]
908
784
728
933
895
477
199	1	[9 9]
764
760
497
764
382
352
227
216	1	[2 6]
958
425
879
134	1	[3 4]
441	1	[4 4]
473
556
164	1	[4 6]
534
957
863
743
397
888
735
499
089
355
618	1	[6 8]
001	1	[0 0]
193	1	[3 9]
913	1	[3 9]
228
091	1	[0 9]
483
951	1	[5 9]
671	1	[6 7]
482
035
190	1	[0 9]
545
348
537
189	1	[8 9]
520
199	1	[9 9]
311	1	[1 3]
704
338
498
059
060
391	1	[3 9]
435
792
975
190	1	[0 9]
620
260
470
858
865
660
554
736
721	1	[2 7]
901	1	[0 9]
467
023
452
008
982
521	1	[2 5]
007
986
010	1	[0 0]
384
971	1	[7 9]
137	1	[3 7]
706
350
343
758
129	1	[2 9]
645
695
160	1	[0 6]
104	1	[0 4]
827
696
444
429
427
288
990
289
820
321	1	[2 3]
457
670
635
453
674
913	1	[3 9]
422
561	1	[5 6]
111	1	[1 1]
507
399
171	1	[1 7]
537
336
796
627
902
283
087
187	1	[7 8]
245
816	1	[6 8]
624
430
160	1	[0 6]
852
021	1	[0 2]
836
661	1	[6 6]
190	1	[0 9]
730
840
831	1	[3 8]
924
803
270
542
660
393
667
565
202
226
329
568
841	1	[4 8]
056
308
661	1	[6 6]
542
133	1	[3 3]
425
475
090
439
603
040
408
369
401	1	[0 4]
251	1	[2 5]
270
983
397
833
650
466
276
047
163	1	[3 6]
542
825
724
075
038
157	1	[5 7]
676
941	1	[4 9]
141	1	[1 4]
999
985
798
181	1	[1 8]
358
728
926
529
170	1	[0 7]
917	1	[7 9]
854
317	1	[3 7]
498
292
276
698
659
841	1	[4 8]
487
131	1	[1 3]
003
277
656
899
165	1	[5 6]
733
608
889
872
669
650
456
547
699
218	1	[2 8]
789
732
456
787
722
437
592
316	1	[3 6]
745
345
547
297
905
327
680
990
818	1	[8 8]
496
629
701	1	[0 7]
539
978
662
635
938
396
542
563
517	1	[5 7]
297
281	1	[2 8]
517	1	[5 7]
085
210	1	[0 2]
073
957
360
523
719	1	[7 9]
476
448
734
728
919	1	[9 9]
089
474
525
444
560
745
537
756
352
292
646
399
057
170	1	[0 7]
393
335
543
276
037
124	1	[2 4]
042
879
167	1	[6 7]
747
558
412	1	[2 4]
441	1	[4 4]
655
006
983
918	1	[8 9]
925
006
590
195	1	[5 9]
068
243
987
042
116	1	[1 6]
599
481	1	[4 8]
322
108	1	[0 8]
009
523
937
156	1	[5 6]
598
483
321	1	[2 3]
242
319	1	[3 9]
649
174	1	[4 7]
258
621	1	[2 6]
532
441	1	[4 4]
587
083
179	1	[7 9]
549
353
583
410	1	[0 4]
771	1	[7 7]
567
036
125	1	[2 5]
391	1	[3 9]
971	1	[7 9]
014	1	[0 4]
859
596
471	1	[4 7]
391	1	[3 9]
496
954
707
406
605
681	1	[6 8]
830
707
174	1	[4 7]
855
682
400
894
896
091	1	[0 9]
292
590
895
617	1	[6 7]
317	1	[3 7]
236
984
826
613	1	[3 6]
734
103	1	[0 3]
273
713	1	[3 7]
238
678
218	1	[2 8]
451	1	[4 5]
141	1	[1 4]
157	1	[5 7]
017	1	[0 7]
283
684
676
857
732
059
099
928
578
736
455
387
380
519	1	[5 9]
262
923
427
255
442
458
096
376
017	1	[0 7]
246
045
481	1	[4 8]
384
205
658
199	1	[9 9]
708
459
979
019	1	[0 9]
931	1	[3 9]
942
995
237
481	1	[4 8]
018	1	[0 8]
474
204
347
700
119	1	[1 9]
836
508
225
775
740
374
148	1	[4 8]
979
008
276
887
507
745
501	1	[0 5]
622
776
474
898
016	1	[0 6]
048
116	1	[1 6]
277
987
661	1	[6 6]
444
205
524
902
777
346
721	1	[2 7]
003
438
632
680
477
665
450
428
554
485
069
038
397
697
367
707
326
207
648
272
141	1	[1 4]
780
399
526
375
636
166	1	[6 6]
589
740
106	1	[0 6]
733
189	1	[8 9]
313	1	[3 3]
845
274
760
691	1	[6 9]
409
091	1	[0 9]
590
075
886
734
320
641	1	[4 6]
523
744
609
068
399
584
912	1	[2 9]
216	1	[2 6]
888
145	1	[4 5]
536
017	1	[0 7]
848
927
362
305
085
420
279
334
177	1	[7 7]
625
235
762
372
290
305
455
215	1	[2 5]
641	1	[4 6]
276
285
243
024
348
565
423
860
693
346
532
353
307
176	1	[6 7]
723
299
876
991	1	[9 9]
978
157	1	[5 7]
878
558
554
424
615	1	[5 6]
481	1	[4 8]
423
425
948
533
474
339
177	1	[7 7]
056
578
380
441	1	[4 4]
404
789
216	1	[2 6]
582
503
797
327
340
647
230
600
174	1	[4 7]
727
169	1	[6 9]
206
071	1	[0 7]
904
529
062
604
770
497
626
653
867
750
803
804
539
550
705
325
229
444
481	1	[4 8]
023
990
308
771	1	[7 7]
869
990
117	1	[1 7]
479
025
911	1	[1 9]
771	1	[7 7]
595
135	1	[3 5]
852
680
935
076
038
396
842
617	1	[6 7]
798
075
093
584
481	1	[4 8]
292
431	1	[3 4]
707
290
251	1	[2 5]
626
985
780
825
510	1	[0 5]
110	1	[0 1]
121	1	[1 2]
035
716	1	[6 7]
230
479
592
289
609
980
199	1	[9 9]
502
773
560
540
303
933
983
297
132	1	[2 3]
208
409
004
478
130	1	[0 3]
058
995
521	1	[2 5]
310	1	[0 3]
648
468
920
609
749
773
125	1	[2 5]
754
538
459
334
894
396
340
092
360
393
514	1	[4 5]
176	1	[6 7]
236
077
366
686
883
156	1	[5 6]
132	1	[2 3]
259
220
171	1	[1 7]
018	1	[0 8]
499
506
100	1	[0 0]
239
284
161	1	[1 6]
674
813	1	[3 8]
260
176	1	[6 7]
314	1	[3 4]
499
529
008
203
032
266
522
482
176	1	[6 7]
921	1	[2 9]
479
632
083
043
959
498
537
746
885
389
058
663
956
791	1	[7 9]
037
234
598
181	1	[1 8]
349
844
640
231	1	[2 3]
176	1	[6 7]
783
852
204
871	1	[7 8]
054
959
323
619	1	[6 9]
378
483
783
917	1	[7 9]
535
115	1	[1 5]
182	1	[2 8]
376
501	1	[0 5]
280
482
630
448
247
023
009
053
125	1	[2 5]
470
717	1	[7 7]
254
986
706
961	1	[6 9]
686
160	1	[0 6]
451	1	[4 5]
235
272
820
885
111	1	[1 1]
916	1	[6 9]
893
246
913	1	[3 9]
030
133	1	[3 3]
145	1	[4 5]
915	1	[5 9]
923
957
065
150	1	[0 5]
680
148	1	[4 8]
248
140	1	[0 4]
862
435
078
568
019	1	[0 9]
848
059
256
166	1	[6 6]
244
852
687
173	1	[3 7]
274
944
747
058
583
404
578
133	1	[3 3]
005
282
087
651	1	[5 6]
731	1	[3 7]
845
473
190	1	[0 9]
522
468
949
452
533
741	1	[4 7]
369
850
412	1	[2 4]
264
337
161	1	[1 6]
897
915	1	[5 9]
531	1	[3 5]
328
241	1	[2 4]
987
434
132	1	[2 3]
091	1	[0 9]
332
675
742
182	1	[2 8]
759
945
228
432
676
869
483
412	1	[2 4]
135	1	[3 5]
380
518	1	[5 8]
536
783
710	1	[0 7]
959
632
837
372
214	1	[2 4]
689
011	1	[0 1]
937
581	1	[5 8]
033
778
900
352
437
833
886
311	1	[1 3]
723
831	1	[3 8]
158	1	[5 8]
625
422
412	1	[2 4]
102	1	[0 2]
607
068
975
664
492
970
587
554
369
488
072
191	1	[1 9]
601	1	[0 6]
162	1	[2 6]
614	1	[4 6]
354
310	1	[0 3]
736
119	1	[1 9]
880
663
061	1	[0 6]
500
537
020
434
284
929
642
954
879
800
658
776
480
772
374
525
332
241	1	[2 4]
129	1	[2 9]
929
817	1	[7 8]
646
747
646
186	1	[6 8]
375
697
077
911	1	[1 9]
473
352
155	1	[5 5]
135	1	[3 5]
588
580
486
869
504
450
355
473
233
466
049
162	1	[2 6]
762
585
537
253
805
886
792
336
305
081	1	[0 8]
596
918	1	[8 9]
768
930
627
129	1	[2 9]
149	1	[4 9]
705
765
048
008
984
777
320
513	1	[3 5]
533
917	1	[7 9]
490
363
002
961	1	[6 9]
417	1	[4 7]
178	1	[7 8]
454
910	1	[0 9]
703
358
264
084
597
975
386
800
586
433
334
169	1	[6 9]
927
782
413	1	[3 4]
559
934
651	1	[5 6]
356
535
372
083
208
862
098
989
231	1	[2 3]
445
503
976
523
645
048
771	1	[7 7]
623
396
706
355
811	1	[1 8]
982
964
975
683
867
914	1	[4 9]
716	1	[6 7]
928
745
882
053
860
825
136	1	[3 6]
983
308
250
091	1	[0 9]
921	1	[2 9]
388
493
056
383
640
896
019	1	[0 9]
912	1	[2 9]
050
214	1	[2 4]
189	1	[8 9]
447
512	1	[2 5]
318	1	[3 8]
615	1	[5 6]
882
889
684
667
448
323
486
900
657
849
890
170	1	[0 7]
135	1	[3 5]
111	1	[1 1]
160	1	[0 6]
113	1	[1 3]
055
463
659
388
860
410	1	[0 4]
798
973
529
523
925
644
709
396
507
669
703
394
956
027
997
465
786
027
040
372
963
256
799
231	1	[2 3]
990
734
113	1	[1 3]
254
387
346
626
844
108	1	[0 8]
035
461	1	[4 6]
610	1	[0 6]
757
573
009
696
896
571	1	[5 7]
186	1	[6 8]
588
426
164	1	[4 6]
625
193	1	[3 9]
049
585
626
514	1	[4 5]
374
177	1	[7 7]
691	1	[6 9]
374
366
990
015	1	[0 5]
192	1	[2 9]
573
200
590
071	1	[0 7]
967
006
383
881	1	[8 8]
441	1	[4 4]
013	1	[0 3]
831	1	[3 8]
367
769
593
517	1	[5 7]
119	1	[1 9]
482
447
788
621	1	[2 6]
541	1	[4 5]
058
841	1	[4 8]
481	1	[4 8]
817	1	[7 8]
030
037
242
995
758
586
369
511	1	[1 5]
527
932
925
517	1	[5 7]
615	1	[5 6]
234
796
368
482
263
864
733
400
014	1	[0 4]
094
867
186	1	[6 8]
082
448
039
875
356
856
835
724
686
933
173	1	[3 7]
181	1	[1 8]
543
386
707
250
367
765
965
199	1	[9 9]
765
616	1	[6 6]
849
136	1	[3 6]
586
797
998
562
479
523
905
423
973
346
185	1	[5 8]
166	1	[6 6]
352
377
489
146	1	[4 6]
728
022
204
156	1	[5 6]
548
376
318	1	[3 8]
834
249
258
098
888
363
444
693
318	1	[3 8]
260
705
390
029
376
975
142	1	[2 4]
172	1	[2 7]
921	1	[2 9]
811	1	[1 8]
871	1	[7 8]
223
171	1	[1 7]
123	1	[2 3]
289
758
853
687
058
482
646
392
077
114	1	[1 4]
663
608
434
132	1	[2 3]
514	1	[4 5]
166	1	[6 6]
952
921	1	[2 9]
946
080
253
215	1	[2 5]
916	1	[6 9]
095
638
332
881	1	[8 8]
234
488
892
265
972
860
787
220
091	1	[0 9]
219	1	[2 9]
672
455
187	1	[7 8]
294
469
121	1	[1 2]
807
788
470
097
547
171	1	[1 7]
706
763
761	1	[6 7]
742
640
275
975
041	1	[0 4]
199	1	[9 9]
048
931	1	[3 9]
221	1	[2 2]
772
965
039
607
359
560
830
811	1	[1 8]
086
416	1	[4 6]
564
528
608
024
169	1	[6 9]
939
322
437
735
222
127	1	[2 7]
715	1	[5 7]
291	1	[2 9]
242
479
720
553
115	1	[1 5]
626
074
588
783
302
009
987
724
633
356
583
655
161	1	[1 6]
516	1	[5 6]
525
220
102	1	[0 2]
590
262
539
047
143	1	[3 4]
069
322
146	1	[4 6]
450
643
382
967
309
533
730
179	1	[7 9]
472
239
449
171	1	[1 7]
628
688
230
508
197	1	[7 9]
540
527
542
775
509
786
569
226
879
341	1	[3 4]
680
811	1	[1 8]
897
698
877
433
261	1	[2 6]
979
396
111	1	[1 1]
548
382
532
203
292
526
770
749
438
519	1	[5 9]
510	1	[0 5]
577
024
641	1	[4 6]
268
033
569
475
607
646
242
833
570
812	1	[2 8]
858
680
438
071	1	[0 7]
984
941	1	[4 9]
231	1	[2 3]
113	1	[1 3]
949
866
274
061	1	[0 6]
122	1	[2 2]
432
209
465
414	1	[4 4]
861	1	[6 8]
337
257
126	1	[2 6]
595
241	1	[2 4]
235
185	1	[5 8]
972
208
814	1	[4 8]
681	1	[6 8]
713	1	[3 7]
955
091	1	[0 9]
552
935
324
499
519	1	[5 9]
109	1	[0 9]
075
665
575
958
175	1	[5 7]
636
666
876
262
634
756
659
197	1	[7 9]
817	1	[7 8]
045
265
119	1	[1 9]
204
054
997
841	1	[4 8]
977
740
847
185	1	[5 8]
805
903
163	1	[3 6]
847
536
697
411	1	[1 4]
742
611	1	[1 6]
414	1	[4 4]
952
383
160	1	[0 6]
780
539
422
962
888
959
371	1	[3 7]
846
140	1	[0 4]
492
653
504
851	1	[5 8]
956
397
022
391	1	[3 9]
976
860
864
541	1	[4 5]
154	1	[4 5]
144	1	[4 4]
507
192	1	[2 9]
847
756
272
044
472
407
779
125	1	[2 5]
609
185	1	[5 8]
958
265
591	1	[5 9]
722
807
353
589
272
051	1	[0 5]
438
421	1	[2 4]
637
118	1	[1 8]
557
057
670
199	1	[9 9]
209
229
782
825
855
899
710	1	[0 7]
001	1	[0 0]
904
809
503
538
220
737
427
562
019	1	[0 9]
089
630
244
071	1	[0 7]
117	1	[1 7]
824
383
389
964
970
368
794
307
466
892
482
853
264
967
549
904
362
475
388
287
186	1	[6 8]
800
795
506
797
921	1	[2 9]
681	1	[6 8]
844
147	1	[4 7]
621	1	[2 6]
833
475
557
908
739
037
479
311	1	[1 3]
731	1	[3 7]
366
612	1	[2 6]
571	1	[5 7]
430
210	1	[0 2]
328
283
658
204
578
671	1	[6 7]
720
405
858
680
241	1	[2 4]
162	1	[2 6]
379
403
787
594
462
415	1	[4 5]
456
368
114	1	[1 4]
152	1	[2 5]
121	1	[1 2]
956
984
853
777
594
310	1	[0 3]
105	1	[0 5]
538
553
491	1	[4 9]
199	1	[9 9]
804
779
104	1	[0 4]
775
121	1	[1 2]
492
171	1	[1 7]
004
509
195	1	[5 9]
760
271	1	[2 7]
882
052
845
871	1	[7 8]
679
575
541	1	[4 5]
392
252
602
569
707
634
952
904
924
018	1	[0 8]
342
022
983
486
978
864
599
414	1	[4 4]
329
584
890
022
940
411	1	[1 4]
207
377
639
744
435
363
268
272
651	1	[5 6]
053
781	1	[7 8]
078
967
961	1	[6 9]
490
162	1	[2 6]
770
179	1	[7 9]
965
218	1	[2 8]
925
251	1	[2 5]
795
741	1	[4 7]
330
510	1	[0 5]
053
584
367
804
470
629
268
958
238
464
923
241	1	[2 4]
845
386
625
677
919	1	[9 9]
836
096
312	1	[2 3]
330
549
766
160	1	[0 6]
473
328
926
841	1	[4 8]
730
959
564
047
886
752
027
085
620
737
529
170	1	[0 7]
869
996
807
818	1	[8 8]
386
619	1	[6 9]
468
926
402
453
134	1	[3 4]
790
640
790
052
632
820
525
403
126	1	[2 6]
150	1	[0 5]
139	1	[3 9]
601	1	[0 6]
513	1	[3 5]
368
059
253
887
907
460
692
535
001	1	[0 0]
811	1	[1 8]
835
648
387
827
204
113	1	[1 3]
945
368
504
678
133	1	[3 3]
054
042
567
977
246
737
413	1	[3 4]
184	1	[4 8]
827
794
301	1	[0 3]
339
263
323
232
811	1	[1 8]
871	1	[7 8]
753
506
760
628
250
819	1	[8 9]
548
976
516	1	[5 6]
411	1	[1 4]
430
541	1	[4 5]
594
559
170	1	[0 7]
888
740
776
918	1	[8 9]
097
987
681	1	[6 8]
720
138	1	[3 8]
006
659
417	1	[4 7]
183	1	[3 8]
033
363
880
765
410	1	[0 4]
573
527
396
048
127	1	[2 7]
626
237
864
678
402
831	1	[3 8]
967
389
611	1	[1 6]
661	1	[6 6]
032
892
551	1	[5 5]
066
139	1	[3 9]
415	1	[4 5]
246
422
934
323
288
204
124	1	[2 4]
624
306
478
869
237
254
231	1	[2 3]
589
713	1	[3 7]
993
339
254
520
886
905
453
462
011	1	[0 1]
408
754
495
470
534
896
696
001	1	[0 0]
565
468
101	1	[0 1]
760
947
337
640
201	1	[0 2]
152	1	[2 5]
732
353
833
162	1	[2 6]
800
606
266
627
380
992
458
023
491	1	[4 9]
028
317	1	[3 7]
287
198	1	[8 9]
872
835
460
648
602
015	1	[0 5]
162	1	[2 6]
421	1	[2 4]
421	1	[2 4]
444
623
638
731	1	[3 7]
965
740
825
824
408
947
156	1	[5 6]
752
169	1	[6 9]
666
952
294
397
170	1	[0 7]
739
336
163	1	[3 6]
505
023
114	1	[1 4]
810	1	[0 8]
876
385
440
943
036
976
783
816	1	[6 8]
616	1	[6 6]
546
660
611	1	[1 6]
682
939
783
680
682
937
017	1	[0 7]
318	1	[3 8]
849
526
102	1	[0 2]
725
497
700
220
396
749
653
923
825
787
657
163	1	[3 6]
043
331	1	[3 3]
663
374
421	1	[2 4]
583
970
184	1	[4 8]
073
499
902
410	1	[0 4]
425
425
446
156	1	[5 6]
887
351	1	[3 5]
439
280
536
184	1	[4 8]
224
176	1	[6 7]
426
088
631	1	[3 6]
012	1	[0 2]
083
721	1	[2 7]
223
287
379
356
597
661	1	[6 6]
264
998
507
971	1	[7 9]
371	1	[3 7]
748
987
839
709
518	1	[5 8]
352
809
364
637
088
279
278
286
895
241	1	[2 4]
022
287
839
419	1	[4 9]
211	1	[1 2]
474
025
814	1	[4 8]
167	1	[6 7]
845
651	1	[5 6]
751	1	[5 7]
315	1	[3 5]
595
124	1	[2 4]
228
359
639
416	1	[4 6]
013	1	[0 3]
133	1	[3 3]
714	1	[4 7]
773
788
153	1	[3 5]
426
833
350
749
868
346
277
995
542
782
216	1	[2 6]
045
582
670
260
534
217	1	[2 7]
426
535
975
955
933
462
817	1	[7 8]
064
933
976
156	1	[5 6]
077
148	1	[4 8]
433
980
058
964
440
812	1	[2 8]
176	1	[6 7]
665
272
552
886
601	1	[0 6]
760
997
414	1	[4 4]
988
056
223
803
211	1	[1 2]
838
386
004
940
773
522
960
554
878
268
228
213	1	[2 3]
046
860
033
926
910	1	[0 9]
896
957
346
832
591	1	[5 9]
786
884
455
050
333
777
987
613	1	[3 6]
679
688
191	1	[1 9]
186	1	[6 8]
546
833
708
302
830
143	1	[3 4]
037
090
142	1	[2 4]
158	1	[5 8]
025
825
998
230
668
817	1	[7 8]
568
991	1	[9 9]
739
526
032
871	1	[7 8]
675
612	1	[2 6]
741	1	[4 7]
591	1	[5 9]
414	1	[4 4]
794
269
877
715	1	[5 7]
389
225
193	1	[3 9]
249
660
754
436
272
714	1	[4 7]
771	1	[7 7]
148	1	[4 8]
361	1	[3 6]
654
660
825
957
819	1	[8 9]
755
303
357
839
689
762
913	1	[3 9]
354
546
985
824
948
132	1	[2 3]
713	1	[3 7]
549
959
719	1	[7 9]
296
975
257
198	1	[8 9]
651	1	[5 6]
195	1	[5 9]
221	1	[2 2]
704
596
651	1	[5 6]
754
637
367
163	1	[3 6]
173	1	[3 7]
217	1	[2 7]
784
470
531	1	[3 5]
573
557
723
461	1	[4 6]
790
013	1	[0 3]
805
839
443
036
850
157	1	[5 7]
858
696
972
041	1	[0 4]
307
170	1	[0 7]
129	1	[2 9]
466
001	1	[0 0]
419	1	[4 9]
372
560
548
362
341	1	[3 4]
199	1	[9 9]
155	1	[5 5]
230
357
813	1	[3 8]
423
697
119	1	[1 9]
238
652
214	1	[2 4]
661	1	[6 6]
405
943
898
532
097
637
344
681	1	[6 8]
777
287
129	1	[2 9]
615	1	[5 6]
047
616	1	[6 6]
058
076
302
063
376
435
691	1	[6 9]
778
278
094
992
955
044
020
847
479
762
121	1	[1 2]
063
332
271	1	[2 7]
158	1	[5 8]
644
014	1	[0 4]
738
829
684
876
159	1	[5 9]
886
688
011	1	[0 1]
259
115	1	[1 5]
740
525
838
132	1	[2 3]
856
778
201	1	[0 2]
169	1	[6 9]
409
915	1	[5 9]
481	1	[4 8]
415	1	[4 5]
299
619	1	[6 9]
989
361	1	[3 6]
915	1	[5 9]
285
187	1	[7 8]
227
784
884
950
603
585
688
035
221	1	[2 2]
301	1	[0 3]
272
108	1	[0 8]
253
245
666
975
724
704
766
834
019	1	[0 9]
628
364
935
154	1	[4 5]
426
367
411	1	[1 4]
877
793
211	1	[1 2]
941	1	[4 9]
594
827
296
818	1	[8 8]
270
385
779
989
436
280
628
213	1	[2 3]
320
382
397
671	1	[6 7]
500
300
804
048
834
431	1	[3 4]
572
384
345
900
793
719	1	[7 9]
040
143	1	[3 4]
773
582
422
341	1	[3 4]
747
617	1	[6 7]
350
618	1	[6 8]
787
388
735
751	1	[5 7]
833
465
689
481	1	[4 8]
244
310	1	[0 3]
009
347
906
138	1	[3 8]
028
026
369
976
569
669
503
384
941	1	[4 9]
604
615	1	[5 6]
514	1	[4 5]
338
045
769
685
152	1	[2 5]
107	1	[0 7]
598
262
219	1	[2 9]
155	1	[5 5]
480
620
208
867
402
440
080
257
797
516	1	[5 6]
088
454
108	1	[0 8]
541	1	[4 5]
561	1	[5 6]
525
765
034
611	1	[1 6]
283
376
723
302
177	1	[7 7]
510	1	[0 5]
069
623
204
458
940
693
358
973
945
486
707
330
035
878
066
147	1	[4 7]
302
518	1	[5 8]
568
463
657
208
137	1	[3 7]
109	1	[0 9]
394
669
569
722
044
282
976
694
178	1	[7 8]
302
292
898
131	1	[1 3]
913	1	[3 9]
059
471	1	[4 7]
468
318	1	[3 8]
837
544
246
786
657
944
901	1	[0 9]
129	1	[2 9]
032
315	1	[3 5]
090
212	1	[2 2]
119	1	[1 9]
972
608
807
047
826
307
955
035
301	1	[0 3]
790
474
124	1	[2 4]
021	1	[0 2]
271	1	[2 7]
688
317	1	[3 7]
303
566
331	1	[3 3]
908
561	1	[5 6]
963
078
726
002
757
933
916	1	[6 9]
700
554
636
187	1	[7 8]
258
378
944
498
291	1	[2 9]
519	1	[5 9]
478
414	1	[4 4]
150	1	[0 5]
474
131	1	[1 3]
361	1	[3 6]
150	1	[0 5]
146	1	[4 6]
716	1	[6 7]
750
982
063
093
471	1	[4 7]
318	1	[3 8]
923
513	1	[3 5]
918	1	[8 9]
359
655
057
652
299
402
975
229
573
630
016	1	[0 6]
381	1	[3 8]
167	1	[6 7]
549
072
917	1	[7 9]
771	1	[7 7]
726
159	1	[5 9]
643
877
031	1	[0 3]
115	1	[1 5]
170	1	[0 7]
553
536
492
674
243
928
466
763
920
982
188	1	[8 8]
564
244
474
373
376
272
186	1	[6 8]
268
040
679
767
999
750
910	1	[0 9]
594
420
472
439
606
278
164	1	[4 6]
057
320
810	1	[0 8]
449
414	1	[4 4]
676
544
591	1	[5 9]
175	1	[5 7]
730
654
420
047
691	1	[6 9]
480
971	1	[7 9]
465
789
916	1	[6 9]
675
300
989
957
106	1	[0 6]
969
373
223
331	1	[3 3]
026
488
756
324
461	1	[4 6]
095
121	1	[1 2]
703
468
746
598
397
667
098
071	1	[0 7]
802
794
372
163	1	[3 6]
960
588
877
169	1	[6 9]
026
570
057
619	1	[6 9]
068
080
702
552
820
387
551	1	[5 5]
252
237
744
443
275
682
571	1	[5 7]
069
151	1	[1 5]
661	1	[6 6]
491	1	[4 9]
000
706
898
235
201	1	[0 2]
260
367
696
798
481	1	[4 8]
853
127	1	[2 7]
392
722
805
264
324
915	1	[5 9]
139	1	[3 9]
170	1	[0 7]
335
313	1	[3 3]
480
497
580
711	1	[1 7]
860
972
631	1	[3 6]
986
944
478
447
825
871	1	[7 8]
664
518	1	[5 8]
171	1	[1 7]
679
995
159	1	[5 9]
214	1	[2 4]
923
511	1	[1 5]
338
008
884
933
469
637
001	1	[0 0]
838
459
133	1	[3 3]
733
235
175	1	[5 7]
160	1	[0 6]
495
748
563
713	1	[3 7]
519	1	[5 9]
859
947
130	1	[0 3]
359
384
849
111	1	[1 1]
639
062
369
191	1	[1 9]
124	1	[2 4]
908
583
646
183	1	[3 8]
825
956
862
734
213	1	[2 3]
397
042
372
446
910	1	[0 9]
971	1	[7 9]
859
584
823
986
657
798
636
305
845
939
886
936
426
307
684
543
194	1	[4 9]
001	1	[0 0]
480
215	1	[2 5]
743
445
132	1	[2 3]
618	1	[6 8]
394
626
507
074
318	1	[3 8]
711	1	[1 7]
051	1	[0 5]
601	1	[0 6]
879
860
155	1	[5 5]
106	1	[0 6]
980
046
847
217	1	[2 7]
379
038
867
096
160	1	[0 6]
874
257
079
936
609
272
676
654
255
099
528
199	1	[9 9]
580
283
124	1	[2 4]
463
047
853
856
750
989
173	1	[3 7]
889
654
296
721	1	[2 7]
969
717	1	[7 7]
197	1	[7 9]
582
418	1	[4 8]
138	1	[3 8]
204
187	1	[7 8]
657
757
761	1	[6 7]
745
845
708
875
035
977
737
879
160	1	[0 6]
221	1	[2 2]
204
449
282
137	1	[3 7]
211	1	[1 2]
731	1	[3 7]
802
871	1	[7 8]
276
709
389
775
699
273
824
440
676
389
021	1	[0 2]
343
706
200
366
264
407
925
949
434
182	1	[2 8]
709
426
043
862
103	1	[0 3]
697
386
126	1	[2 6]
427
031	1	[0 3]
224
986
638
108	1	[0 8]
776
249
314	1	[3 4]
448
615	1	[5 6]
519	1	[5 9]
389
826
852
113	1	[1 3]
425
520
996
157	1	[5 7]
786
414	1	[4 4]
944
176	1	[6 7]
538
711	1	[1 7]
982
837
690
657
864
098
061	1	[0 6]
041	1	[0 4]
969
925
247
941	1	[4 9]
492
050
744
475
806
525
737
563
332
658
076
948
317	1	[3 7]
658
248
458
060
603
672
529
584
487
255
063
749
993
354
048
616	1	[6 6]
282
885
057
968
481	1	[4 8]
191	1	[1 9]
905
756
437
025
245
822
009
915	1	[5 9]
684
699
587
032
064
975
292
399
047
051	1	[0 5]
251	1	[2 5]
229
389
943
542
405
510	1	[0 5]
185	1	[5 8]
861	1	[6 8]
415	1	[4 5]
097
952
447
078
433
325
184	1	[4 8]
608
552
873
744
463
912	1	[2 9]
835
757
345
357
288
066
860
235
662
066
514	1	[4 5]
705
245
816	1	[6 8]
658
012	1	[0 2]
875
178	1	[7 8]
429
049
845
324
547
847
953
099
523
678
724
103	1	[0 3]
497
193	1	[3 9]
560
562
785
886
283
334
545
932
226
106	1	[0 6]
800
443
481	1	[4 8]
314	1	[3 4]
987
650
312	1	[2 3]
767
974
193	1	[3 9]
226
082
564
810	1	[0 8]
964
847
898
452
607
346
866
256
147	1	[4 7]
039
418	1	[4 8]
755
306
714	1	[4 7]
407
011	1	[0 1]
297
452
684
429
558
378
818	1	[8 8]
419	1	[4 9]
798
676
189	1	[8 9]
346
616	1	[6 6]
591	1	[5 9]
678
203
034
248
023
142	1	[2 4]
131	1	[1 3]
192	1	[2 9]
281	1	[2 8]
428
720
326
220
744
113	1	[1 3]
209
812	1	[2 8]
568
328
200
704
763
847
368
130	1	[0 3]
271	1	[2 7]
837
618	1	[6 8]
598
611	1	[1 6]
267
325
665
091	1	[0 9]
303
807
420
607
023
411	1	[1 4]
021	1	[0 2]
006
597
471	1	[4 7]
218	1	[2 8]
528
286
595
889
959
586
055
865
322
464
780
943
104	1	[0 4]
780
863
206
356
998
856
291	1	[2 9]
106	1	[0 6]
322
477
358
932
699
850
794
130	1	[0 3]
153	1	[3 5]
459
918	1	[8 9]
062
603
925
134	1	[3 4]
538
608
451	1	[4 5]
157	1	[5 7]
607
923
489
989
715	1	[5 7]
182	1	[2 8]
320
460
230
557
441	1	[4 4]
052
209
944
791	1	[7 9]
418	1	[4 8]
062
969
989
453
791	1	[7 9]
269
615	1	[5 6]
605
284
586
104	1	[0 4]
103	1	[0 3]
486
014	1	[0 4]
153	1	[3 5]
077
818	1	[8 8]
107	1	[0 7]
774
169	1	[6 9]
081	1	[0 8]
720
513	1	[3 5]
389
613	1	[3 6]
363
624
277
860
994
330
481	1	[4 8]
380
826
752
030
649
433
638
261	1	[2 6]
213	1	[2 3]
471	1	[4 7]
858
778
644
081	1	[0 8]
835
119	1	[1 9]
947
055
893
769
218	1	[2 8]
161	1	[1 6]
921	1	[2 9]
651	1	[5 6]
982
432
858
138	1	[3 8]
723
808
205
207
884
973
325
143	1	[3 4]
398
672
698
232
256
924
039
270
971	1	[7 9]
623
264
615	1	[5 6]
480
108	1	[0 8]
666
768
245
703
368
677
482
386
225
221	1	[2 2]
312	1	[2 3]
352
433
743
623
606
943
444
675
187	1	[7 8]
830
662
654
588
558
249
966
115	1	[1 5]
776
496
183	1	[3 8]
508
309
791	1	[7 9]
475
511	1	[1 5]
396
099
708
590
498
980
941	1	[4 9]
528
936
954
832
230
968
793
868
369
807
294
049
944
998
690
133	1	[3 3]
956
959
530
314	1	[3 4]
842
317	1	[3 7]
421	1	[2 4]
037
715	1	[5 7]
128	1	[2 8]
933
119	1	[1 9]
550
096
260
232
941	1	[4 9]
553
606
876
891	1	[8 9]
864
889
070
420
225
880
936
958
714	1	[4 7]
010	1	[0 0]
919	1	[9 9]
333
885
074
171	1	[1 7]
343
184	1	[4 8]
244
627
742
134	1	[3 4]
324
710	1	[0 7]
913	1	[3 9]
352
455
532
804
928
506
910	1	[0 9]
492
116	1	[1 6]
222
873
860
546
067
553
233
496
312	1	[2 3]
082
781	1	[7 8]
266
713	1	[3 7]
865
927
504
657
083
716	1	[6 7]
610	1	[0 6]
631	1	[3 6]
771	1	[7 7]
399
659
263
948
480
639
220
364
916	1	[6 9]
230
421	1	[2 4]
483
611	1	[1 6]
177	1	[7 7]
313	1	[3 3]
769
605
738
668
647
429
489
086
053
116	1	[1 6]
707
148	1	[4 8]
100	1	[0 0]
101	1	[0 1]
833
096
475
502
802
291	1	[2 9]
816	1	[6 8]
998
113	1	[1 3]
450
580
419	1	[4 9]
425
257
249
701	1	[0 7]
736
075
664
759
693
223
128	1	[2 8]
004
748
524
778
532
313	1	[3 3]
111	1	[1 1]
392
996
037
865
462
338
526
360
040
666
116	1	[1 6]
881	1	[8 8]
116	1	[1 6]
804
279
150	1	[0 5]
615	1	[5 6]
565
083
417	1	[4 7]
212	1	[2 2]
790
039
895
642
342
252
612	1	[2 6]
716	1	[6 7]
273
825
077
789
611	1	[1 6]
507
168	1	[6 8]
708
703
863
144	1	[4 4]
013	1	[0 3]
320
957
861	1	[6 8]
999
159	1	[5 9]
404
742
958
063
528
753
479
619	1	[6 9]
254
150	1	[0 5]
091	1	[0 9]
200
288
703
046
478
541	1	[4 5]
108	1	[0 8]
143	1	[3 4]
361	1	[3 6]
636
972
890
590
376
654
656
817	1	[7 8]
933
303
730
821	1	[2 8]
442
540
735
814	1	[4 8]
563
605
074
232
371	1	[3 7]
691	1	[6 9]
439
530
745
845
699
792
111	1	[1 1]
635
246
173	1	[3 7]
574
321	1	[2 3]
800
271	1	[2 7]
126	1	[2 6]
111	1	[1 1]
184	1	[4 8]
151	1	[1 5]
019	1	[0 9]
262
308
889
360
662
597
181	1	[1 8]
573
360
521	1	[2 5]
449
716	1	[6 7]
884
203
221	1	[2 2]
401	1	[0 4]
051	1	[0 5]
953
161	1	[1 6]
290
367
187	1	[7 8]
072
655
197	1	[7 9]
309
553
580
384
634
197	1	[7 9]
206
753
914	1	[4 9]
064
918	1	[8 9]
435
671	1	[6 7]
302
850
486
348
075
526
445
760
777
395
542
276
629
529
118	1	[1 8]
409
288
372
565
261	1	[2 6]
789
320
367
975
301	1	[0 3]
593
106	1	[0 6]
043
120	1	[0 2]
816	1	[6 8]
962
967
571	1	[5 7]
704
710	1	[0 7]
008
004
286
556
581	1	[5 8]
674
203
200
527
541	1	[4 5]
883
679
441	1	[4 4]
931	1	[3 9]
905
327
691	1	[6 9]
104	1	[0 4]
621	1	[2 6]
324
039
971	1	[7 9]
027
301	1	[0 3]
797
476
307
033
867
768
550
205
023
344
729
739
212	1	[2 2]
390
350
200
511	1	[1 5]
741	1	[4 7]
222
941	1	[4 9]
841	1	[4 8]
823
301	1	[0 3]
151	1	[1 5]
805
908
755
067
905
720
211	1	[1 2]
534
241	1	[2 4]
539
150	1	[0 5]
079
811	1	[1 8]
658
753
595
613	1	[3 6]
883
174	1	[4 7]
954
751	1	[5 7]
414	1	[4 4]
961	1	[6 9]
381	1	[3 8]
393
710	1	[0 7]
608
985
211	1	[1 2]
392
555
255
315	1	[3 5]
950
431	1	[3 4]
230
067
842
438
976
217	1	[2 7]
668
988
202
688
428
014	1	[0 4]
508
589
518	1	[5 8]
282
374
928
761	1	[6 7]
676
873
559
374
616	1	[6 6]
173	1	[3 7]
224
993
125	1	[2 5]
627
786
536
832
994
026
657
606
814	1	[4 8]
327
492
668
252
735
303
809
750
200
022
219	1	[2 9]
466
643
709
590
783
951	1	[5 9]
684
304
968
058
426
148	1	[4 8]
847
500
928
878
384
462
244
726
472
317	1	[3 7]
756
635
273
918	1	[8 9]
836
983
399
079
674
581	1	[5 8]
063
784
620
530
612	1	[2 6]
707
354
169	1	[6 9]
362
738
415	1	[4 5]
246
246
923
787
939
983
957
903
870
710	1	[0 7]
068
673
076
889
315	1	[3 5]
349
101	1	[0 1]
774
183	1	[3 8]
229
630
581	1	[5 8]
964
322
588
738
399
331	1	[3 3]
172	1	[2 7]
549
222
750
197	1	[7 9]
144	1	[4 4]
723
653
558
624
034
385
805
422
726
748
551	1	[5 5]
976
251	1	[2 5]
956
975
183	1	[3 8]
994
408
782
117	1	[1 7]
598
154	1	[4 5]
514	1	[4 5]
538
898
501	1	[0 5]
381	1	[3 8]
997
081	1	[0 8]
999
040
458
896
543
371	1	[3 7]
034
452
014	1	[0 4]
993
193	1	[3 9]
481	1	[4 8]
636
065
441	1	[4 4]
526
831	1	[3 8]
623
659
073
858
385
193	1	[3 9]
953
604
937
972
223
191	1	[1 9]
448
106	1	[0 6]
925
013	1	[0 3]
229
921	1	[2 9]
968
164	1	[4 6]
203
549
345
351	1	[3 5]
016	1	[0 6]
232
885
691	1	[6 9]
824
346
976
073
717	1	[7 7]
470
685
636
683
927
437
510	1	[0 5]
248
326
528
729
070
729
487
344
062
181	1	[1 8]
343
619	1	[6 9]
824
182	1	[2 8]
518	1	[5 8]
331	1	[3 3]
138	1	[3 8]
342
617	1	[6 7]
325
243
587
526
663
755
486
178	1	[7 8]
086
761	1	[6 7]
075
037
706
503
198	1	[8 9]
407
713	1	[3 7]
773
552
003
950
910	1	[0 9]
773
309
868
375
247
686
383
169	1	[6 9]
800
128	1	[2 8]
675
540
138	1	[3 8]
074
283
627
815	1	[5 8]
989
344
185	1	[5 8]
078
229
800
849
151	1	[1 5]
983
638
014	1	[0 4]
865
285
975
552
791	1	[7 9]
261	1	[2 6]
883
866
160	1	[0 6]
726
433
165	1	[5 6]
870
205
778
601	1	[0 6]
500
110	1	[0 1]
417	1	[4 7]
981	1	[8 9]
923
779
063
091	1	[0 9]
043
011	1	[0 1]
795
823
163	1	[3 6]
005
869
763
525
270
818	1	[8 8]
109	1	[0 9]
618	1	[6 8]
453
835
374
363
980
919	1	[9 9]
020
034
500
452
270
150	1	[0 5]
428
894
098
178	1	[7 8]
732
918	1	[8 9]
542
352
878
863
758
666
357
661	1	[6 6]
585
322
419	1	[4 9]
224
377
628
575
863
373
509
755
458
282
393
978
292
123	1	[2 3]
610	1	[0 6]
573
880
529
589
536
332
322
879
367
561	1	[5 6]
712	1	[2 7]
297
519	1	[5 9]
602
878
250
869
822
304
368
285
330
515	1	[5 5]
491	1	[4 9]
476
278
996
862
225
595
057
104	1	[0 4]
680
294
192	1	[2 9]
461	1	[4 6]
752
961	1	[6 9]
092
502
018	1	[0 8]
353
074
880
818	1	[8 8]
505
859
137	1	[3 7]
952
396
483
106	1	[0 6]
005
871	1	[7 8]
689
283
064
727
361	1	[3 6]
084
349
134	1	[3 4]
882
702
981	1	[8 9]
713	1	[3 7]
669
654
634
293
878
772
039
930
636
752
590
270
484
773
892
822
664
932
869
844
651	1	[5 6]
601	1	[0 6]
407
563
628
860
231	1	[2 3]
291	1	[2 9]
231	1	[2 3]
960
410	1	[0 4]
657
947
110	1	[0 1]
304
145	1	[4 5]
142	1	[2 4]
664
315	1	[3 5]
471	1	[4 7]
018	1	[0 8]
562
994
362
342
866
875
357
048
706
197	1	[7 9]
545
945
718	1	[7 8]
205
176	1	[6 7]
603
302
466
015	1	[0 5]
001	1	[0 0]
978
585
300
919	1	[9 9]
887
216	1	[2 6]
632
920
253
880
325
363
910	1	[0 9]
191	1	[1 9]
558
997
786
593
866
541	1	[4 5]
210	1	[0 2]
277
802
828
330
105	1	[0 5]
647
953
651	1	[5 6]
766
685
131	1	[1 3]
362
504
533
464
171	1	[1 7]
279
043
664
138	1	[3 8]
516	1	[5 6]
471	1	[4 7]
424
143	1	[3 4]
652
997
005
357
749
550
117	1	[1 7]
819	1	[8 9]
847
553
715	1	[5 7]
588
297
555
650
368
715	1	[5 7]
597
661	1	[6 6]
255
225
008
326
924
086
691	1	[6 9]
984
886
581	1	[5 8]
838
656
556
984
222
288
579
188	1	[8 8]
242
220
772
161	1	[1 6]
683
086
426
207
723
725
333
824
442
196	1	[6 9]
380
524
173	1	[3 7]
047
249
542
737
983
391	1	[3 9]
401	1	[0 4]
708
782
290
275
443
100	1	[0 0]
137	1	[3 7]
482
221	1	[2 2]
484
972
243
118	1	[1 8]
094
208
502
961	1	[6 9]
308
551	1	[5 5]
018	1	[0 8]
124	1	[2 4]
902
166	1	[6 6]
977
158	1	[5 8]
693
625
649
328
066
602
184	1	[4 8]
787
601	1	[0 6]
789
860
396
943
155	1	[5 5]
771	1	[7 7]
856
569
168	1	[6 8]
063
278
269
869
942
907
677
278
809
816	1	[6 8]
270
914	1	[4 9]
039
211	1	[1 2]
021	1	[0 2]
645
188	1	[8 8]
035
104	1	[0 4]
217	1	[2 7]
847
874
459
925
638
989
119	1	[1 9]
973
915	1	[5 9]
353
398
986
196	1	[6 9]
569
610	1	[0 6]
708
530
880
350
760
133	1	[3 3]
954
028
127	1	[2 7]
107	1	[0 7]
300
737
240
140	1	[0 4]
533
369
598
327
101	1	[0 1]
684
913	1	[3 9]
822
623
709
647
511	1	[1 5]
678
312	1	[2 3]
498
802
841	1	[4 8]
605
350
481	1	[4 8]
389
766
416	1	[4 6]
883
335
195	1	[5 9]
890
903
771	1	[7 7]
641	1	[4 6]
556
033
290
466
971	1	[7 9]
596
202
459
961	1	[6 9]
855
086
508
075
708
527
075
371	1	[3 7]
345
125	1	[2 5]
669
221	1	[2 2]
671	1	[6 7]
960
049
154	1	[4 5]
715	1	[5 7]
648
372
720
908
405
704
702
808
541	1	[4 5]
737
461	1	[4 6]
226
111	1	[1 1]
614	1	[4 6]
114	1	[1 4]
479
855
270
291	1	[2 9]
942
553
839
651	1	[5 6]
807
304
886
930
188	1	[8 8]
776
621	1	[2 6]
629
671	1	[6 7]
188	1	[8 8]
790
315	1	[3 5]
773
172	1	[2 7]
736
975
804
279
847
596
993
031	1	[0 3]
960
350
018	1	[0 8]
547
388
378
769
823
888
580
116	1	[1 6]
215	1	[2 5]
299
547
193	1	[3 9]
020
174	1	[4 7]
250
284
012	1	[0 2]
138	1	[3 8]
162	1	[2 6]
807
151	1	[1 5]
197	1	[7 9]
231	1	[2 3]
468
718	1	[7 8]
224
034
185	1	[5 8]
496
339
542
589
558
338
876
433
346
775
144	1	[4 4]
665
111	1	[1 1]
473
048
266
813	1	[3 8]
212	1	[2 2]
446
699
618	1	[6 8]
811	1	[1 8]
393
178	1	[7 8]
091	1	[0 9]
910	1	[0 9]
961	1	[6 9]
216	1	[2 6]
157	1	[5 7]
191	1	[1 9]
631	1	[3 6]
207
113	1	[1 3]
466
755
853
966
815	1	[5 8]
910	1	[0 9]
134	1	[3 4]
631	1	[3 6]
112	1	[1 2]
054
484
219	1	[2 9]
646
135	1	[3 5]
885
374
605
093
583
403
946
276
588
014	1	[0 4]
577
282
068
705
311	1	[1 3]
134	1	[3 4]
246
156	1	[5 6]
002
225
039
118	1	[1 8]
023
494
918	1	[8 9]
440
780
532
762
123	1	[2 3]
144	1	[4 4]
740
492
846
876
826
844
830
064
805
910	1	[0 9]
397
374
745
661	1	[6 6]
204
392
204
715	1	[5 7]
094
028
482
809
707
323
282
818	1	[8 8]
287
139	1	[3 9]
254
884
149	1	[4 9]
625
275
676
949
628
819	1	[8 9]
362
843
548
152	1	[2 5]
840
324
647
659
765
222
489
375
929
747
321	1	[2 3]
613	1	[3 6]
774
606
556
960
396
201	1	[0 2]
833
363
214	1	[2 4]
776
786
163	1	[3 6]
827
614	1	[4 6]
023
684
662
238
186	1	[6 8]
652
096
760
740
235
451	1	[4 5]
682
375
532
287
044
289
111	1	[1 1]
210	1	[0 2]
561	1	[5 6]
390
780
499
257
374
120	1	[0 2]
270
437
820
214	1	[2 4]
732
645
059
569
601	1	[0 6]
510	1	[0 5]
519	1	[5 9]
325
881	1	[8 8]
724
197	1	[7 9]
564
950
641	1	[4 6]
957
044
251	1	[2 5]
715	1	[5 7]
203
525
709
320
807
814	1	[4 8]
511	1	[1 5]
796
940
753
234
724
524
833
509
128	1	[2 8]
698
204
090
772
241	1	[2 4]
949
854
915	1	[5 9]
715	1	[5 7]
910	1	[0 9]
314	1	[3 4]
488
605
154	1	[4 5]
677
429
885
471	1	[4 7]
847
212	1	[2 2]
219	1	[2 9]
348
505
832
904
896
751	1	[5 7]
633
606
165	1	[5 6]
190	1	[0 9]
523
166	1	[6 6]
667
616	1	[6 6]
014	1	[0 4]
988
502
918	1	[8 9]
153	1	[3 5]
676
217	1	[2 7]
252
084
569
827
240
280
905
098
341	1	[3 4]
552
657
023
966
738
008
615	1	[5 6]
993
871	1	[7 8]
952
816	1	[6 8]
536
626
834
830
809
862
502
989
251	1	[2 5]
051	1	[0 5]
025
205
992
492
294
097
613	1	[3 6]
008
894
635
808
419	1	[4 9]
512	1	[2 5]
081	1	[0 8]
111	1	[1 1]
098
793
408
225
597
501	1	[0 5]
745
618	1	[6 8]
771	1	[7 7]
469
935
032
652
060
805
547
103	1	[0 3]
386
752
266
891	1	[8 9]
801	1	[0 8]
734
754
474
888
360
138	1	[3 8]
882
076
072
477
669
233
580
669
721	1	[2 7]
559
226
081	1	[0 8]
900
206
421	1	[2 4]
902
932
218	1	[2 8]
783
907
873
910	1	[0 9]
413	1	[3 4]
523
141	1	[1 4]
564
133	1	[3 3]
783
011	1	[0 1]
687
189	1	[8 9]
622
566
862
428
309
201	1	[0 2]
322
925
085
178	1	[7 8]
857
461	1	[4 6]
495
219	1	[2 9]
593
129	1	[2 9]
009
454
271	1	[2 7]
544
099
220
032
086
208
341	1	[3 4]
377
666
997
341	1	[3 4]
067
914	1	[4 9]
631	1	[3 6]
623
803
095
509
898
082
581	1	[5 8]
348
734
472
797
817	1	[7 8]
454
353
636
169	1	[6 9]
068
012	1	[0 2]
966
673
082
579
883
180	1	[0 8]
001	1	[0 0]
613	1	[3 6]
940
511	1	[1 5]
149	1	[4 9]
020
651	1	[5 6]
592
164	1	[4 6]
769
868
437
936
759
094
777
031	1	[0 3]
696
386
507
705
910	1	[0 9]
941	1	[4 9]
105	1	[0 5]
614	1	[4 6]
022
376
539
434
894
873
272
079
587
157	1	[5 7]
420
845
987
063
799
487
594
709
314	1	[3 4]
297
402
245
747
717	1	[7 7]
944
529
025
613	1	[3 6]
634
455
914	1	[4 9]
283
460
221	1	[2 2]
272
215	1	[2 5]
376
282
089
292
915	1	[5 9]
526
110	1	[0 1]
727
833
201	1	[0 2]
021	1	[0 2]
555
828
449
231	1	[2 3]
533
279
377
251	1	[2 5]
823
062
630
611	1	[1 6]
059
719	1	[7 9]
191	1	[1 9]
091	1	[0 9]
907
392
610	1	[0 6]
103	1	[0 3]
150	1	[0 5]
582
427
824
795
747
131	1	[1 3]
053
843
491	1	[4 9]
462
196	1	[6 9]
398
551	1	[5 5]
392
012	1	[0 2]
723
816	1	[6 8]
224
532
034
958
487
188	1	[8 8]
319	1	[3 9]
019	1	[0 9]
429
931	1	[3 9]
424
988
522
327
163	1	[3 6]
863
938
539
913	1	[3 9]
847
541	1	[4 5]
918	1	[8 9]
009
141	1	[1 4]
138	1	[3 8]
764
579
765
211	1	[1 2]
377
204
466
747
241	1	[2 4]
443
008
690
682
401	1	[0 4]
359
436
121	1	[1 2]
451	1	[4 5]
360
245
912	1	[2 9]
588
140	1	[0 4]
424
574
359
524
782
016	1	[0 6]
487
998
931	1	[3 9]
832
894
009
409
814	1	[4 8]
195	1	[5 9]
156	1	[5 6]
516	1	[5 6]
958
824
707
412	1	[2 4]
506
437
613	1	[3 6]
009
132	1	[2 3]
308
026
788
617	1	[6 7]
207
020
463
146	1	[4 6]
073
213	1	[2 3]
798
641	1	[4 6]
897
260
040
588
539
441	1	[4 4]
195	1	[5 9]
708
060
779
996
121	1	[1 2]
093
120	1	[0 2]
600
824
127	1	[2 7]
514	1	[4 5]
358
045
394
429
873
881	1	[8 8]
887
370
192	1	[2 9]
382
912	1	[2 9]
648
031	1	[0 3]
010	1	[0 0]
262
318	1	[3 8]
452
494
817	1	[7 8]
452
938
034
895
909
401	1	[0 4]
205
687
985
590
677
112	1	[1 2]
116	1	[1 6]
191	1	[1 9]
352
825
018	1	[0 8]
130	1	[0 3]
193	1	[3 9]
892
451	1	[4 5]
766
538
598
229
986
083
587
516	1	[5 6]
540
156	1	[5 6]
436
587
733
840
506
145	1	[4 5]
714	1	[4 7]
689
192	1	[2 9]
363
298
325
079
778
651	1	[5 6]
329
995
822
877
846
088
490
627
095
944
027
932
914	1	[4 9]
439
704
633
866
524
839
048
517	1	[5 7]
992
357
330
719	1	[7 9]
359
799
648
818	1	[8 8]
517	1	[5 7]
784
938
647
083
788
407
087
268
098
330
546
479
068
679
188	1	[8 8]
087
207
247
451	1	[4 5]
691	1	[6 9]
725
844
776
546
854
361	1	[3 6]
309
012	1	[0 2]
626
960
096
850
611	1	[1 6]
111	1	[1 1]
851	1	[5 8]
423
106	1	[0 6]
586
983
999
758
427
830
803
972
660
580
901	1	[0 9]
472
602
741	1	[4 7]
005
932
577
864
206
746
906
495
516	1	[5 6]
690
840
782
286
892
761	1	[6 7]
077
439
624
778
628
404
206
666
242
258
896
472
291	1	[2 9]
380
423
307
562
610	1	[0 6]
326
036
729
896
711	1	[1 7]
553
916	1	[6 9]
654
723
996
974
248
932
846
976
879
453
530
545
208
458
738
154	1	[4 5]
600
594
254
709
954
029
816	1	[6 8]
530
460
832
067
022
846
418	1	[4 8]
756
994
000
854
916	1	[6 9]
603
831	1	[3 8]
285
531	1	[3 5]
917	1	[7 9]
626
819	1	[8 9]
806
704
708
758
694
535
618	1	[6 8]
389
835
422
872
702
495
209
477
693
705
395
260
578
349
887
263
191	1	[1 9]
951	1	[5 9]
468
516	1	[5 6]
222
081	1	[0 8]
167	1	[6 7]
130	1	[0 3]
633
575
882
404
734
711	1	[1 7]
487
302
617	1	[6 7]
733
278
416	1	[4 6]
132	1	[2 3]
650
629
165	1	[5 6]
915	1	[5 9]
414	1	[4 4]
138	1	[3 8]
363
975
280
103	1	[0 3]
251	1	[2 5]
491	1	[4 9]
735
819	1	[8 9]
445
635
131	1	[1 3]
929
343
539
609
622
803
307
747
089
243
553
651	1	[5 6]
871	1	[7 8]
963
454
321	1	[2 3]
541	1	[4 5]
564
744
332
801	1	[0 8]
636
664
329
240
467
125	1	[2 5]
549
754
991	1	[9 9]
284
119	1	[1 9]
990
947
644
196	1	[6 9]
433
206
685
871	1	[7 8]
915	1	[5 9]
788
531	1	[3 5]
909
921	1	[2 9]
351	1	[3 5]
070
641	1	[4 6]
627
068
659
936
495
457
034
399
390
493
057
327
206
720
990
468
022
495
533
090
171	1	[1 7]
994
316	1	[3 6]
015	1	[0 5]
287
300
219	1	[2 9]
341	1	[3 4]
618	1	[6 8]
635
526
375
257
904
225
805
421	1	[2 4]
166	1	[6 6]
561	1	[5 6]
682
282
855
199	1	[9 9]
146	1	[4 6]
284
359
733
329
867
116	1	[1 6]
746
008
103	1	[0 3]
369
789
708
797
517	1	[5 7]
222
416	1	[4 6]
198	1	[8 9]
128	1	[2 8]
212	1	[2 2]
735
639
659
959
558
974
435
520
295
275
989
938
784
278
240
405
511	1	[1 5]
562
749
726
114	1	[1 4]
682
881	1	[8 8]
474
875
013	1	[0 3]
932
512	1	[2 5]
035
064
911	1	[1 9]
522
552
281	1	[2 8]
553
020
803
469
605
556
278
867
142	1	[2 4]
779
574
698
180	1	[0 8]
991	1	[9 9]
206
765
829
176	1	[6 7]
186	1	[6 8]
323
032
626
417	1	[4 7]
817	1	[7 8]
729
977
067
046
600
275
703
925
119	1	[1 9]
371	1	[3 7]
245
022
337
693
321	1	[2 3]
520
355
797
170	1	[0 7]
768
484
657
232
017	1	[0 7]
344
780
894
127	1	[2 7]
009
191	1	[1 9]
435
742
283
632
599
757
971	1	[7 9]
733
480
729
477
982
415	1	[4 5]
809
170	1	[0 7]
740
518	1	[5 8]
002
371	1	[3 7]
521	1	[2 5]
167	1	[6 7]
518	1	[5 8]
398
582
432
793
897
180	1	[0 8]
834
839
471	1	[4 7]
342
678
072
629
266
237
056
926
067
882
307
778
936
503
100	1	[0 0]
766
797
062
218	1	[2 8]
791	1	[7 9]
339
547
858
065
886
386
378
243
519	1	[5 9]
177	1	[7 7]
814	1	[4 8]
047
779
401	1	[0 4]
709
800
023
237
297
325
915	1	[5 9]
559
393
503
231	1	[2 3]
178	1	[7 8]
370
930
670
923
130	1	[0 3]
370
230
767
415	1	[4 5]
275
407
238
110	1	[0 1]
001	1	[0 0]
683
873
019	1	[0 9]
170	1	[0 7]
974
299
228
860
211	1	[1 2]
736
370
562
769
986
454
059
341	1	[3 4]
672
739
542
658
716	1	[6 7]
433
985
301	1	[0 3]
452
368
857
176	1	[6 7]
191	1	[1 9]
348
334
882
714	1	[4 7]
405
986
396
887
262
692
806
473
087
534
782
983
111	1	[1 1]
837
072
174	1	[4 7]
688
503
255
862
996
433
633
531	1	[3 5]
925
697
774
373
359
235
838
288
831	1	[3 8]
801	1	[0 8]
883
740
990
128	1	[2 8]
179	1	[7 9]
672
626
710	1	[0 7]
471	1	[4 7]
245
593
554
133	1	[3 3]
366
911	1	[1 9]
318	1	[3 8]
623
472
906
595
161	1	[1 6]
461	1	[4 6]
913	1	[3 9]
607
250
641	1	[4 6]
160	1	[0 6]
745
545
972
923
606
874
735
990
333
045
107	1	[0 7]
534
112	1	[1 2]
172	1	[2 7]
858
446
529
449
336
077
231	1	[2 3]
317	1	[3 7]
736
424
396
312	1	[2 3]
804
208
532
299
470
509
128	1	[2 8]
280
271	1	[2 7]
918	1	[8 9]
845
351	1	[3 5]
003
478
922
907
752
039
871	1	[7 8]
423
896
060
498
442
058
081	1	[0 8]
446
786
841	1	[4 8]
491	1	[4 9]
527
014	1	[0 4]
377
375
324
273
574
175	1	[5 7]
746
123	1	[2 3]
009
220
172	1	[2 7]
260
095
030
120	1	[0 2]
557
704
968
023
222
211	1	[1 2]
785
072
634
351	1	[3 5]
171	1	[1 7]
769
746
613	1	[3 6]
724
449
683
321	1	[2 3]
619	1	[6 9]
015	1	[0 5]
451	1	[4 5]
751	1	[5 7]
537
997
196	1	[6 9]
047
423
451	1	[4 5]
242
007
635
550
448
314	1	[3 4]
009
423
171	1	[1 7]
509
222
895
088
456
211	1	[1 2]
006
505
737
791	1	[7 9]
670
030
996
325
614	1	[4 6]
547
760
619	1	[6 9]
077
795
266
631	1	[3 6]
701	1	[0 7]
861	1	[6 8]
654
018	1	[0 8]
824
236
257
150	1	[0 5]
747
116	1	[1 6]
227
905
146	1	[4 6]
173	1	[3 7]
462
040
451	1	[4 5]
266
899
512	1	[2 5]
335
971	1	[7 9]
103	1	[0 3]
947
216	1	[2 6]
203
390
301	1	[0 3]
351	1	[3 5]
045
029
384
447
959
533
427
866
672
194	1	[4 9]
608
256
853
510	1	[0 5]
464
364
748
381	1	[3 8]
437
159	1	[5 9]
896
103	1	[0 3]
888
603
373
163	1	[3 6]
520
283
218	1	[2 8]
946
529
192	1	[2 9]
925
138	1	[3 8]
950
312	1	[2 3]
797
215	1	[2 5]
029
399
809
177	1	[7 7]
755
863
036
566
436
187	1	[7 8]
077
308
675
706
583
609
669
806
723
805
509
207
231	1	[2 3]
481	1	[4 8]
320
159	1	[5 9]
347
369
663
074
754
493
113	1	[1 3]
468
927
716	1	[6 7]
465
912	1	[2 9]
219	1	[2 9]
251	1	[2 5]
259
287
470
351	1	[3 5]
720
903
351	1	[3 5]
366
349
099
573
492
110	1	[0 1]
718	1	[7 8]
168	1	[6 8]
576
646
101	1	[0 1]
952
653
794
399
442
187	1	[7 8]
387
316	1	[3 6]
639
336
677
886
949
546
887
239
023
918	1	[8 9]
094
283
070
185	1	[5 8]
544
676
193	1	[3 9]
088
630
106	1	[0 6]
567
006
512	1	[2 5]
250
318	1	[3 8]
765
076
629
550
879
329
262
029
913	1	[3 9]
586
819	1	[8 9]
576
059
757
303
805
860
486
466
686
126	1	[2 6]
671	1	[6 7]
850
006
525
242
486
281	1	[2 8]
408
676
947
746
656
837
295
013	1	[0 3]
452
872
897
223
445
685
225
099
828
630
862
452
826
698
308
999
494
354
611	1	[1 6]
153	1	[3 5]
008
462
052
121	1	[1 2]
306
525
471	1	[4 7]
398
577
418	1	[4 8]
125	1	[2 5]
881	1	[8 8]
269
438
056
598
374
476
072
879
152	1	[2 5]
481	1	[4 8]
556
468
785
721	1	[2 7]
727
965
524
126	1	[2 6]
733
681	1	[6 8]
475
278
175	1	[5 7]
147	1	[4 7]
911	1	[1 9]
928
429
448
021	1	[0 2]
507
913	1	[3 9]
372
705
126	1	[2 6]
789
258
632
403
279
911	1	[1 9]
109	1	[0 9]
762
932
276
885
976
861	1	[6 8]
321	1	[2 3]
364
427
108	1	[0 8]
894
008
365
220
247
945
358
282
682
003
366
506
111	1	[1 1]
149	1	[4 9]
044
863
995
479
237
907
658
621	1	[2 6]
421	1	[2 4]
545
059
622
150	1	[0 5]
048
544
407
814	1	[4 8]
029
416	1	[4 6]
049
223
525
873
940
272
509
537
169	1	[6 9]
838
691	1	[6 9]
421	1	[2 4]
667
830
277
143	1	[3 4]
475
055
503
334
021	1	[0 2]
043
076
282
515	1	[5 5]
713	1	[3 7]
601	1	[0 6]
642
640
404
871	1	[7 8]
808
229
942
227
620
047
678
744
028
031	1	[0 3]
890
197	1	[7 9]
704
003
725
922
170	1	[0 7]
580
588
285
632
087
488
502
425
113	1	[1 3]
192	1	[2 9]
112	1	[1 2]
037
900
227
854
210	1	[0 2]
061	1	[0 6]
286
121	1	[1 2]
592
248
807
495
830
044
557
250
961	1	[6 9]
709
747
889
017	1	[0 7]
747
652
339
323
936
696
381	1	[3 8]
382
347
369
147	1	[4 7]
345
696
122	1	[2 2]
187	1	[7 8]
971	1	[7 9]
895
384
775
889
414	1	[4 4]
703
508
661	1	[6 6]
690
552
229
824
893
955
609
979
538
721	1	[2 7]
958
895
202
629
089
053
290
999
973
934
356
148	1	[4 8]
963
953
731	1	[3 7]
233
246
746
850
410	1	[0 4]
133	1	[3 3]
931	1	[3 9]
436
868
444
017	1	[0 7]
747
522
160	1	[0 6]
048
870
013	1	[0 3]
799
641	1	[4 6]
835
354
952
406
943
154	1	[4 5]
021	1	[0 2]
179	1	[7 9]
462
580
381	1	[3 8]
771	1	[7 7]
574
663
023
463
906
773
640
579
357
736
084
847
647
687
840
498
002
150	1	[0 5]
183	1	[3 8]
402
727
794
121	1	[1 2]
975
744
086
919	1	[9 9]
147	1	[4 7]
022
349
077
743
203
983
678
711	1	[1 7]
779
441	1	[4 4]
854
214	1	[2 4]
678
206
502
088
088
520
832
618	1	[6 8]
650
205
623
232
856
297
946
894
224
993
064
242
447
629
172	1	[2 7]
730
239
375
453
467
421	1	[2 4]
619	1	[6 9]
683
502
586
308
891	1	[8 9]
627
555
289
816	1	[6 8]
921	1	[2 9]
666
644
227
291	1	[2 9]
908
565
483
912	1	[2 9]
183	1	[3 8]
913	1	[3 9]
988
463
970
405
172	1	[2 7]
442
759
017	1	[0 7]
755
338
298
223
513	1	[3 5]
612	1	[2 6]
099
551	1	[5 5]
163	1	[3 6]
073
509
808
542
468
543
773
233
727
370
893
250
138	1	[3 8]
729
714	1	[4 7]
210	1	[0 2]
027
160	1	[0 6]
957
265
881	1	[8 8]
599
474
623
801	1	[0 8]
604
730
525
093
817	1	[7 8]
586
267
153	1	[3 5]
806
340
774
641	1	[4 6]
501	1	[0 5]
902
339
836
781	1	[7 8]
832
663
389
613	1	[3 6]
518	1	[5 8]
821	1	[2 8]
768
519	1	[5 9]
918	1	[8 9]
013	1	[0 3]
079
003
001	1	[0 0]
092
728
399
344
977
229
558
919	1	[9 9]
187	1	[7 8]
312	1	[2 3]
872
945
117	1	[1 7]
791	1	[7 9]
007
905
056
333
131	1	[1 3]
387
217	1	[2 7]
700
306
064
700
322
262
541	1	[4 5]
127	1	[2 7]
937
738
995
839
933
624
433
164	1	[4 6]
704
101	1	[0 1]
766
582
018	1	[0 8]
974
128	1	[2 8]
798
662
524
650
158	1	[5 8]
834
711	1	[1 7]
272
048
164	1	[4 6]
754
242
745
526
105	1	[0 5]
198	1	[8 9]
760
594
660
266
521	1	[2 5]
411	1	[1 4]
810	1	[0 8]
235
045
998
242
288
111	1	[1 1]
544
384
999
243
321	1	[2 3]
262
103	1	[0 3]
224
502
091	1	[0 9]
723
677
275
392
087
946
134	1	[3 4]
078
501	1	[0 5]
673
348
194	1	[4 9]
053
423
896
792
641	1	[4 6]
317	1	[3 7]
665
100	1	[0 0]
123	1	[2 3]
109	1	[0 9]
898
010	1	[0 0]
213	1	[2 3]
912	1	[2 9]
610	1	[0 6]
001	1	[0 0]
857
820
935
561	1	[5 6]
310	1	[0 3]
855
377
544
464
168	1	[6 8]
156	1	[5 6]
021	1	[0 2]
842
822
073
973
044
986
619	1	[6 9]
465
529
325
525
183	1	[3 8]
420
603
968
295
417	1	[4 7]
414	1	[4 4]
313	1	[3 3]
751	1	[5 7]
524
604
681	1	[6 8]
878
245
868
371	1	[3 7]
189	1	[8 9]
929
397
417	1	[4 7]
927
680
698
323
687
562
451	1	[4 5]
052
051	1	[0 5]
813	1	[3 8]
748
369
228
738
946
102	1	[0 2]
822
781	1	[7 8]
629
949
414	1	[4 4]
496
403
975
248
855
831	1	[3 8]
560
406
129	1	[2 9]
796
558
733
506
281	1	[2 8]
473
873
731	1	[3 7]
312	1	[2 3]
804
688
216	1	[2 6]
767
269
505
030
060
689
810	1	[0 8]
274
707
846
769
855
204
034
135	1	[3 5]
858
420
571	1	[5 7]
427
481	1	[4 8]
140	1	[0 4]
101	1	[0 1]
801	1	[0 8]
100	1	[0 0]
272
358
520
209
722
604
368
287
700
022
274
574
639
755
034
123	1	[2 3]
738
588
712	1	[2 7]
687
420
012	1	[0 2]
411	1	[1 4]
424
787
090
621	1	[2 6]
540
762
238
563
772
680
061	1	[0 6]
667
253
838
791	1	[7 9]
691	1	[6 9]
237
070
730
997
885
316	1	[3 6]
124	1	[2 4]
907
864
414	1	[4 4]
307
131	1	[1 3]
057
855
298
214	1	[2 4]
594
515	1	[5 5]
788
317	1	[3 7]
072
856
568
411	1	[1 4]
073
497
724
953
945
465
047
202
858
150	1	[0 5]
576
916	1	[6 9]
606
955
219	1	[2 9]
732
972
142	1	[2 4]
839
499
060
892
845
720
891	1	[8 9]
956
722
759
778
992
734
301	1	[0 3]
636
965
608
242
643
408
083
037
343
822
770
391	1	[3 9]
398
811	1	[1 8]
817	1	[7 8]
110	1	[0 1]
168	1	[6 8]
126	1	[2 6]
034
275
763
863
660
185	1	[5 8]
774
306
525
618	1	[6 8]
495
361	1	[3 6]
577
564
621	1	[2 6]
059
202
373
367
084
143	1	[3 4]
545
842
270
741	1	[4 7]
412	1	[2 4]
744
455
455
974
919	1	[9 9]
300
327
919	1	[9 9]
056
131	1	[1 3]
193	1	[3 9]
935
874
591	1	[5 9]
668
907
699
042
798
017	1	[0 7]
585
847
458
551	1	[5 5]
593
283
416	1	[4 6]
218	1	[2 8]
140	1	[0 4]
829
544
870
911	1	[1 9]
376
081	1	[0 8]
593
788
348
827
293
573
882
275
863
814	1	[4 8]
865
455
555
201	1	[0 2]
822
646
779
593
818	1	[8 8]
546
803
437
064
962
038
656
885
161	1	[1 6]
666
402
266
200
562
595
328
146	1	[4 6]
822
036
363
020
599
620
288
154	1	[4 5]
926
996
058
753
753
144	1	[4 4]
540
824
860
284
256
436
181	1	[1 8]
226
675
507
186	1	[6 8]
122	1	[2 2]
876
651	1	[5 6]
531	1	[3 5]
095
103	1	[0 3]
593
449
750
324
268
933
719	1	[7 9]
519	1	[5 9]
250
932
213	1	[2 3]
213	1	[2 3]
556
723
831	1	[3 8]
201	1	[0 2]
461	1	[4 6]
999
327
200
725
733
655
292
192	1	[2 9]
280
970
461	1	[4 6]
783
003
411	1	[1 4]
306
994
628
424
836
042
118	1	[1 8]
982
974
479
380
994
887
335
488
521	1	[2 5]
760
686
805
531	1	[3 5]
418	1	[4 8]
047
378
424
475
166	1	[6 6]
510	1	[0 5]
288
907
335
530
801	1	[0 8]
434
658
361	1	[3 6]
343
267
386
757
214	1	[2 4]
078
221	1	[2 2]
001	1	[0 0]
934
517	1	[5 7]
384
984
200
164	1	[4 6]
998
806
312	1	[2 3]
960
052
085
265
986
001	1	[0 0]
380
065
880
578
520
855
469
925
146	1	[4 6]
313	1	[3 3]
915	1	[5 9]
967
890
925
751	1	[5 7]
181	1	[1 8]
460
482
336
037
216	1	[2 6]
138	1	[3 8]
631	1	[3 6]
856
353
202
751	1	[5 7]
197	1	[7 9]
937
974
782
617	1	[6 7]
516	1	[5 6]
778
323
919	1	[9 9]
719	1	[7 9]
569
988
615	1	[5 6]
231	1	[2 3]
941	1	[4 9]
820
020
438
209
120	1	[0 2]
008
722
135	1	[3 5]
991	1	[9 9]
506
209
876
323
828
269
606
328
377
844
111	1	[1 1]
319	1	[3 9]
880
453
387
457
166	1	[6 6]
671	1	[6 7]
852
404
842
232
564
164	1	[4 6]
035
242
096
972
330
593
163	1	[3 6]
405
011	1	[0 1]
824
451	1	[4 5]
353
207
053
236
971	1	[7 9]
410	1	[0 4]
303
523
577
318	1	[3 8]
244
549
382
105	1	[0 5]
120	1	[0 2]
515	1	[5 5]
053
990
298
105	1	[0 5]
507
808
962
965
665
700
431	1	[3 4]
806
155	1	[5 5]
851	1	[5 8]
770
563
377
339
379
969
547
458
888
345
768
166	1	[6 6]
197	1	[7 9]
683
067
057
332
290
520
225
279
874
118	1	[1 8]
897
727
169	1	[6 9]
431	1	[3 4]
098
162	1	[2 6]
007
369
145	1	[4 5]
604
604
663
379
948
561	1	[5 6]
178	1	[7 8]
394
160	1	[0 6]
252
946
190	1	[0 9]
754
647
216	1	[2 6]
561	1	[5 6]
416	1	[4 6]
339
148	1	[4 8]
313	1	[3 3]
232
017	1	[0 7]
810	1	[0 8]
325
489
380
006
347
364
307
119	1	[1 9]
992
197	1	[7 9]
542
257
674
116	1	[1 6]
964
571	1	[5 7]
100	1	[0 0]
595
886
409
921	1	[2 9]
884
056
994
850
936
981	1	[8 9]
299
607
753
630
624
443
116	1	[1 6]
221	1	[2 2]
614	1	[4 6]
301	1	[0 3]
625
879
836
559
002
320
917	1	[7 9]
709
748
727
555
879
606
131	1	[1 3]
400
695
176	1	[6 7]
867
469
414	1	[4 4]
465
245
385
024
527
210	1	[0 2]
892
962
400
123	1	[2 3]
371	1	[3 7]
894
981	1	[8 9]
051	1	[0 5]
318	1	[3 8]
940
743
994
233
818	1	[8 8]
492
357
837
662
638
362
995
509
694
657
540
810	1	[0 8]
935
398
874
813	1	[3 8]
985
714	1	[4 7]
986
091	1	[0 9]
825
693
026
289
983
753
217	1	[2 7]
133	1	[3 3]
725
605
576
004
079
140	1	[0 4]
588
814	1	[4 8]
143	1	[3 4]
953
561	1	[5 6]
262
025
682
197	1	[7 9]
046
279
767
133	1	[3 3]
818	1	[8 8]
710	1	[0 7]
519	1	[5 9]
945
475
546
830
378
846
422
052
585
321	1	[2 3]
716	1	[6 7]
589
894
888
929
266
093
426
287
239
591	1	[5 9]
961	1	[6 9]
642
984
803
981	1	[8 9]
935
586
633
543
417	1	[4 7]
805
668
007
112	1	[1 2]
385
178	1	[7 8]
411	1	[1 4]
724
794
775
890
086
297
676
573
020
884
308
388
682
347
126	1	[2 6]
086
343
009
218	1	[2 8]
723
228
083
631	1	[3 6]
464
803
872
073
701	1	[0 7]
951	1	[5 9]
130	1	[0 3]
925
569
250
048
552
513	1	[3 5]
724
066
155	1	[5 5]
918	1	[8 9]
488
475
998
007
817	1	[7 8]
844
551	1	[5 5]
049
894
014	1	[0 4]
071	1	[0 7]
926
559
380
151	1	[1 5]
702
212	1	[2 2]
545
755
769
798
224
476
852
322
704
508
010	1	[0 0]
075
352
589
643
877
186	1	[6 8]
034
977
343
320
553
270
975
288
505
125	1	[2 5]
849
833
882
739
101	1	[0 1]
772
451	1	[4 5]
682
076
495
837
534
311	1	[1 3]
714	1	[4 7]
613	1	[3 6]
935
524
524
011	1	[0 1]
421	1	[2 4]
081	1	[0 8]
971	1	[7 9]
565
786
789
307
429
739
085
077
275
780
163	1	[3 6]
930
444
231	1	[2 3]
253
936
841	1	[4 8]
442
123	1	[2 3]
713	1	[3 7]
369
848
749
711	1	[1 7]
286
233
507
510	1	[0 5]
809
258
415	1	[4 5]
255
194	1	[4 9]
705
886
804
033
434
756
385
051	1	[0 5]
726
999
569
103	1	[0 3]
007
045
540
685
207
278
528
801	1	[0 8]
831	1	[3 8]
998
506
502
778
553
453
102	1	[0 2]
017	1	[0 7]
544
173	1	[3 7]
372
636
110	1	[0 1]
944
487
679
960
545
769
441	1	[4 4]
384
181	1	[1 8]
193	1	[3 9]
738
609
529
130	1	[0 3]
753
932
222
236
712	1	[2 7]
677
243
152	1	[2 5]
345
801	1	[0 8]
386
845
435
711	1	[1 7]
578
936
837
834
248
396
398
018	1	[0 8]
047
586
702
395
094
509
989
502
974
639
957
882
132	1	[2 3]
835
209
209
757
154	1	[4 5]
873
701	1	[0 7]
228
774
283
682
915	1	[5 9]
705
572
715	1	[5 7]
169	1	[6 9]
133	1	[3 3]
023
378
038
804
794
077
644
302
813	1	[3 8]
476
791	1	[7 9]
646
960
460
674
492
886
222
801	1	[0 8]
098
219	1	[2 9]
120	1	[0 2]
503
855
541	1	[4 5]
459
123	1	[2 3]
945
299
276
905
524
183	1	[3 8]
264
464
114	1	[1 4]
457
494
000
190	1	[0 9]
506
122	1	[2 2]
265
761	1	[6 7]
839
913	1	[3 9]
385
382
592
280
830
656
579
396
154	1	[4 5]
286
576
906
120	1	[0 2]
356
419	1	[4 9]
360
607
821	1	[2 8]
090
820
561	1	[5 6]
283
961	1	[6 9]
102	1	[0 2]
782
219	1	[2 9]
135	1	[3 5]
772
152	1	[2 5]
532
570
335
540
812	1	[2 8]
404
254
513	1	[3 5]
471	1	[4 7]
229
994
807
684
019	1	[0 9]
421	1	[2 4]
801	1	[0 8]
116	1	[1 6]
470
273
382
955
997
622
236
539
526
395
903
773
711	1	[1 7]
260
747
502
228
138	1	[3 8]
056
043
705
667
009
991	1	[9 9]
258
027
145	1	[4 5]
523
095
656
731	1	[3 7]
571	1	[5 7]
899
518	1	[5 8]
463
520
874
252
038
174	1	[4 7]
019	1	[0 9]
553
844
192	1	[2 9]
900
999
890
351	1	[3 5]
968
056
221	1	[2 2]
858
295
302
930
960
081	1	[0 8]
729
543
920
621	1	[2 6]
656
467
365
564
679
088
068
077
569
603
644
357
220
652
818	1	[8 8]
291	1	[2 9]
561	1	[5 6]
494
979
094
240
486
044
491	1	[4 9]
161	1	[1 6]
844
936
601	1	[0 6]
282
751	1	[5 7]
769
028
524
772
102	1	[0 2]
487
338
932
211	1	[1 2]
795
883
441	1	[4 4]
457
975
250
316	1	[3 6]
226
656
264
001	1	[0 0]
009
153	1	[3 5]
364
466
664
969
325
080
528
087
563
706
240
889
749
758
487
453
942
150	1	[0 5]
695
262
695
569
774
127	1	[2 7]
678
547
592
544
992
335
501	1	[0 5]
455
050
817	1	[7 8]
410	1	[0 4]
953
310	1	[0 3]
063
613	1	[3 6]
079
156	1	[5 6]
725
371	1	[3 7]
859
261	1	[2 6]
850
921	1	[2 9]
423
765
826
063
558
610	1	[0 6]
967
005
303
146	1	[4 6]
814	1	[4 8]
272
458
933
049
259
034
774
242
761	1	[6 7]
280
926
546
493
418	1	[4 8]
888
730
389
965
484
371	1	[3 7]
322
187	1	[7 8]
248
605
249
536
813	1	[3 8]
372
288
299
112	1	[1 2]
327
839
495
364
211	1	[1 2]
015	1	[0 5]
494
416	1	[4 6]
884
327
853
286
974
491	1	[4 9]
513	1	[3 5]
325
985
737
757
742
464
659
016	1	[0 6]
258
631	1	[3 6]
484
731	1	[3 7]
682
490
742
083
502
712	1	[2 7]
516	1	[5 6]
136	1	[3 6]
400
955
039
827
520
054
501	1	[0 5]
020
949
152	1	[2 5]
468
184	1	[4 8]
949
063
616	1	[6 6]
680
763
723
167	1	[6 7]
763
400
130	1	[0 3]
254
764
563
286
321	1	[2 3]
917	1	[7 9]
733
318	1	[3 8]
384
432
333
541	1	[4 5]
140	1	[0 4]
972
468
117	1	[1 7]
486
300
613	1	[3 6]
546
875
171	1	[1 7]
897
304
844
098
691	1	[6 9]
543
113	1	[1 3]
001	1	[0 0]
750
609
672
506
489
202
640
264
159	1	[5 9]
704
026
801	1	[0 8]
428
230
981	1	[8 9]
912	1	[2 9]
621	1	[2 6]
358
035
591	1	[5 9]
433
653
157	1	[5 7]
303
626
868
703
733
517	1	[5 7]
976
928
382
245
220
398
249
969
952
371	1	[3 7]
019	1	[0 9]
648
575
554
952
706
004
871	1	[7 8]
450
405
874
139	1	[3 9]
167	1	[6 7]
882
544
419	1	[4 9]
898
294
650
393
674
703
762
943
020
923
682
385
864
518	1	[5 8]
287
188	1	[8 8]
667
960
329
967
715	1	[5 7]
377
835
480
768
804
507
375
874
144	1	[4 4]
717	1	[7 7]
804
856
057
288
803
924
820
614	1	[4 6]
552
355
150	1	[0 5]
305
687
173	1	[3 7]
888
953
902
069
673
225
882
451	1	[4 5]
287
156	1	[5 6]
424
000
798
954
587
518	1	[5 8]
376
522
186	1	[6 8]
253
480
922
642
456
576
698
037
079
390
772
399
049
302
649
196	1	[6 9]
738
578
808
695
369
280
096
666
555
121	1	[1 2]
163	1	[3 6]
341	1	[3 4]
405
417	1	[4 7]
229
770
616	1	[6 6]
995
405
328
041	1	[0 4]
480
683
076
145	1	[4 5]
971	1	[7 9]
444
443
510	1	[0 5]
535
897
299
971	1	[7 9]
751	1	[5 7]
444
934
555
311	1	[1 3]
468
568
157	1	[5 7]
831	1	[3 8]
327
806
332
685
203
083
795
528
057
705
830
121	1	[1 2]
551	1	[5 5]
697
112	1	[1 2]
186	1	[6 8]
538
753
181	1	[1 8]
152	1	[2 5]
956
087
765
408
895
884
788
677
750
102	1	[0 2]
670
911	1	[1 9]
368
369
735
401	1	[0 4]
941	1	[4 9]
861	1	[6 8]
546
529
140	1	[0 4]
332
569
163	1	[3 6]
154	1	[4 5]
005
087
008
507
384
726
780
628
192	1	[2 9]
057
724
421	1	[2 4]
562
624
638
270
657
918	1	[8 9]
926
683
554
928
671	1	[6 7]
276
961	1	[6 9]
041	1	[0 4]
557
389
259
556
600
921	1	[2 9]
528
215	1	[2 5]
379
710	1	[0 7]
425
742
479
583
257
481	1	[4 8]
538
227
876
960
581	1	[5 8]
154	1	[4 5]
764
234
106	1	[0 6]
733
702
905
236
968
927
617	1	[6 7]
357
393
629
627
263
891	1	[8 9]
606
181	1	[1 8]
315	1	[3 5]
768
121	1	[1 2]
846
159	1	[5 9]
299
436
487
955
071	1	[0 7]
886
833
663
107	1	[0 7]
507
744
015	1	[0 5]
054
801	1	[0 8]
104	1	[0 4]
189	1	[8 9]
560
138	1	[3 8]
100	1	[0 0]
702
997
854
424
623
338
656
627
013	1	[0 3]
020
837
173	1	[3 7]
943
524
087
019	1	[0 9]
890
046
704
741	1	[4 7]
310	1	[0 3]
847
907
826
585
515	1	[5 5]
335
448
272
570
240
064
214	1	[2 4]
739
863
540
571	1	[5 7]
179	1	[7 9]
897
487
006
363
962
393
087
383
176	1	[6 7]
613	1	[3 6]
890
162	1	[2 6]
356
959
495
288
580
690
462
406
261	1	[2 6]
036
083
243
294
597
853
110	1	[0 1]
065
967
604
657
878
716	1	[6 7]
214	1	[2 4]
725
490
574
251	1	[2 5]
190	1	[0 9]
184	1	[4 8]
307
975
796
526
391	1	[3 9]
705
574
407
428
469
932
885
185	1	[5 8]
916	1	[6 9]
335
062
446
493
223
491	1	[4 9]
319	1	[3 9]
247
523
774
427
377
553
103	1	[0 3]
561	1	[5 6]
837
607
524
483
764
914	1	[4 9]
661	1	[6 6]
004
584
918	1	[8 9]
130	1	[0 3]
913	1	[3 9]
288
389
675
115	1	[1 5]
540
548
017	1	[0 7]
843
775
184	1	[4 8]
485
718	1	[7 8]
545
877
267
233
734
025
935
030
721	1	[2 7]
913	1	[3 9]
514	1	[4 5]
350
557
469
139	1	[3 9]
067
369
702
887
471	1	[4 7]
922
155	1	[5 5]
552
986
426
152	1	[2 5]
598
639
378
724
197	1	[7 9]
076
731	1	[3 7]
886
886
856
155	1	[5 5]
255
446
262
726
724
160	1	[0 6]
292
084
980
178	1	[7 8]
162	1	[2 6]
055
070
359
634
574
661	1	[6 6]
028
049
048
054
349
927
061	1	[0 6]
134	1	[3 4]
491	1	[4 9]
051	1	[0 5]
615	1	[5 6]
512	1	[2 5]
482
754
502
071	1	[0 7]
849
303
542
664
201	1	[0 2]
338
792
694
875
381	1	[3 8]
826
911	1	[1 9]
188	1	[8 8]
489
104	1	[0 4]
305
114	1	[1 4]
691	1	[6 9]
861	1	[6 8]
116	1	[1 6]
241	1	[2 4]
364
518	1	[5 8]
734
199	1	[9 9]
707
720
966
653
695
807
670
170	1	[0 7]
520
467
755
893
691	1	[6 9]
518	1	[5 8]
194	1	[4 9]
472
482
756
854
835
189	1	[8 9]
303
310	1	[0 3]
158	1	[5 8]
996
563
349
352
174	1	[4 7]
424
781	1	[7 8]
931	1	[3 9]
501	1	[0 5]
121	1	[1 2]
678
780
422
217	1	[2 7]
428
044
007
259
845
109	1	[0 9]
131	1	[1 3]
079
660
179	1	[7 9]
223
951	1	[5 9]
254
515	1	[5 5]
005
875
818	1	[8 8]
716	1	[6 7]
804
282
165	1	[5 6]
157	1	[5 7]
064
390
438
393
820
097
001	1	[0 0]
607
564
644
625
118	1	[1 8]
507
691	1	[6 9]
427
641	1	[4 6]
279
760
075
646
844
073
575
241	1	[2 4]
759
148	1	[4 8]
304
582
534
217	1	[2 7]
178	1	[7 8]
089
248
184	1	[4 8]
864
156	1	[5 6]
929
935
444
082
907
748
993
783
623
705
949
219	1	[2 9]
475
718	1	[7 8]
938
626
031	1	[0 3]
234
640
170	1	[0 7]
841	1	[4 8]
787
261	1	[2 6]
682
720
175	1	[5 7]
827
531	1	[3 5]
636
563
194	1	[4 9]
249
487
536
865
711	1	[1 7]
958
876
814	1	[4 8]
174	1	[4 7]
502
232
769
468
701	1	[0 7]
982
554
150	1	[0 5]
401	1	[0 4]
840
880
780
222
970
523
735
504
881	1	[8 8]
550
280
371	1	[3 7]
047
022
905
415	1	[4 5]
301	1	[0 3]
958
323
273
726
466
321	1	[2 3]
188	1	[8 8]
216	1	[2 6]
475
423
370
807
369
164	1	[4 6]
465
566
786
795
241	1	[2 4]
883
221	1	[2 2]
081	1	[0 8]
710	1	[0 7]
082
086
952
751	1	[5 7]
132	1	[2 3]
110	1	[0 1]
441	1	[4 4]
396
645
014	1	[0 4]
160	1	[0 6]
292
134	1	[3 4]
834
846
643
254
297
403
296
522
559
949
636
650
261	1	[2 6]
591	1	[5 9]
285
915	1	[5 9]
984
436
883
512	1	[2 5]
824
292
878
401	1	[0 4]
426
411	1	[1 4]
428
329
739
705
794
181	1	[1 8]
002
586
578
221	1	[2 2]
545
835
905
764
437
811	1	[1 8]
119	1	[1 9]
607
758
930
797
587
894
531	1	[3 5]
376
369
479
139	1	[3 9]
821	1	[2 8]
486
180	1	[0 8]
592
175	1	[5 7]
159	1	[5 9]
548
338
305
705
420
387
717	1	[7 7]
840
376
685
066
479
720
216	1	[2 6]
034
537
733
091	1	[0 9]
321	1	[2 3]
729
478
547
412	1	[2 4]
103	1	[0 3]
333
681	1	[6 8]
857
475
146	1	[4 6]
951	1	[5 9]
671	1	[6 7]
232
119	1	[1 9]
377
773
526
931	1	[3 9]
904
467
103	1	[0 3]
732
539
545
024
548
484
664
624
642
144	1	[4 4]
214	1	[2 4]
483
599
931	1	[3 9]
388
562
588
483
225
475
344
559
346
923
392
386
041	1	[0 4]
917	1	[7 9]
154	1	[4 5]
799
586
346
386
327
431	1	[3 4]
184	1	[4 8]
275
476
135	1	[3 5]
111	1	[1 1]
613	1	[3 6]
612	1	[2 6]
595
531	1	[3 5]
332
756
399
375
681	1	[6 8]
268
678
662
247
721	1	[2 7]
667
564
144	1	[4 4]
254
941	1	[4 9]
741	1	[4 7]
027
921	1	[2 9]
585
208
037
160	1	[0 6]
396
932
226
182	1	[2 8]
013	1	[0 3]
490
843
255
219	1	[2 9]
942
906
229
011	1	[0 1]
299
879
754
259
059
114	1	[1 4]
471	1	[4 7]
964
464
704
465
440
244
485
374
532
277
576
504
821	1	[2 8]
337
219	1	[2 9]
704
317	1	[3 7]
439
767
211	1	[1 2]
167	1	[6 7]
167	1	[6 7]
999
578
358
141	1	[1 4]
513	1	[3 5]
689
991	1	[9 9]
017	1	[0 7]
944
660
788
696
248
967
383
044
797
124	1	[2 4]
931	1	[3 9]
946
557
973
726
046
977
892
484
434
310	1	[0 3]
456
244
846
773
777
963
785
608
452
762
879
146	1	[4 6]
510	1	[0 5]
438
906
364
211	1	[1 2]
159	1	[5 9]
881	1	[8 8]
337
152	1	[2 5]
191	1	[1 9]
247
180	1	[0 8]
796
232
612	1	[2 6]
142	1	[2 4]
452
642
121	1	[1 2]
984
541	1	[4 5]
818	1	[8 8]
182	1	[2 8]
743
527
769
736
294
100	1	[0 0]
969
094
261	1	[2 6]
749
165	1	[5 6]
031	1	[0 3]
532
590
340
218	1	[2 8]
976
420
984
161	1	[1 6]
105	1	[0 5]
406
542
243
178	1	[7 8]
241	1	[2 4]
365
183	1	[3 8]
323
040
610	1	[0 6]
510	1	[0 5]
350
539
073
636
243
464
430
042
068
891	1	[8 9]
561	1	[5 6]
868
449
360
750
860
807
233
192	1	[2 9]
989
446
808
071	1	[0 7]
649
411	1	[1 4]
617	1	[6 7]
859
303
079
153	1	[3 5]
314	1	[3 4]
671	1	[6 7]
961	1	[6 9]
205
162	1	[2 6]
830
920
766
480
271	1	[2 7]
127	1	[2 7]
171	1	[1 7]
598
103	1	[0 3]
033
204
083
222
167	1	[6 7]
257
092
818	1	[8 8]
094
476
492
390
757
831	1	[3 8]
992
218	1	[2 8]
292
730
718	1	[7 8]
182	1	[2 8]
484
745
963
908
052
062
932
583
744
028
146	1	[4 6]
749
598
973
706
965
346
577
531	1	[3 5]
094
967
311	1	[1 3]
383
763
523
520
869
302
220
469
991	1	[9 9]
566
418	1	[4 8]
945
642
831	1	[3 8]
869
811	1	[1 8]
592
717	1	[7 7]
809
891	1	[8 9]
773
192	1	[2 9]
574
696
856
347
119	1	[1 9]
465
465
983
672
140	1	[0 4]
533
863
404
141	1	[1 4]
327
743
675
896
757
075
578
110	1	[0 1]
488
448
533
958
876
825
336
565
812	1	[2 8]
331	1	[3 3]
043
605
324
720
406
272
965
933
017	1	[0 7]
277
639
199	1	[9 9]
056
562
094
377
071	1	[0 7]
063
596
034
297
797
605
590
345
130	1	[0 3]
795
824
242
138	1	[3 8]
528
580
410	1	[0 4]
506
368
394
627
965
876
856
015	1	[0 5]
770
338
028
459
261	1	[2 6]
162	1	[2 6]
897
764
212	1	[2 2]
229
486
211	1	[1 2]
037
027
373
731	1	[3 7]
704
952
080
998
206
167	1	[6 7]
827
058
725
419	1	[4 9]
840
292
407
227
904
827
886
602
439
741	1	[4 7]
864
175	1	[5 7]
002
906
957
308
422
937
177	1	[7 7]
665
128	1	[2 8]
310	1	[0 3]
717	1	[7 7]
157	1	[5 7]
854
163	1	[3 6]
701	1	[0 7]
230
525
640
484
628
581	1	[5 8]
426
489
134	1	[3 4]
824
565
151	1	[1 5]
708
059
208
310	1	[0 3]
440
109	1	[0 9]
795
464
197	1	[7 9]
886
513	1	[3 5]
274
221	1	[2 2]
215	1	[2 5]
427
966
992
733
800
503
990
105	1	[0 5]
731	1	[3 7]
508
999
542
917	1	[7 9]
171	1	[1 7]
565
896
764
178	1	[7 8]
806
439
797
144	1	[4 4]
759
527
066
004
725
961	1	[6 9]
358
687
631	1	[3 6]
581	1	[5 8]
670
946
403
406
266
148	1	[4 8]
404
206
690
974
900
076
348
353
009
304
682
644
754
236
010	1	[0 0]
776
162	1	[2 6]
363
683
118	1	[1 8]
116	1	[1 6]
880
099
457
389
311	1	[1 3]
825
955
937
843
601	1	[0 6]
354
527
525
359
870
051	1	[0 5]
017	1	[0 7]
717	1	[7 7]
694
306
839
784
492
725
902
515	1	[5 5]
387
173	1	[3 7]
102	1	[0 2]
010	1	[0 0]
563
522
440
184	1	[4 8]
421	1	[2 4]
053
992
814	1	[4 8]
691	1	[6 9]
285
101	1	[0 1]
282
331	1	[3 3]
346
241	1	[2 4]
638
749
363
522
039
891	1	[8 9]
151	1	[1 5]
579
017	1	[0 7]
558
666
636
504
737
742
176	1	[6 7]
093
411	1	[1 4]
171	1	[1 7]
273
526
562
096
300
218	1	[2 8]
295
831	1	[3 8]
031	1	[0 3]
984
537
634
649
997
245
478
129	1	[2 9]
901	1	[0 9]
448
423
732
988
417	1	[4 7]
290
114	1	[1 4]
690
279
475
401	1	[0 4]
029
355
362
559
200
278
081	1	[0 8]
764
038
349
000
853
397
212	1	[2 2]
707
971	1	[7 9]
800
355
962
599
038
535
239
964
650
590
464
531	1	[3 5]
865
697
961	1	[6 9]
864
731	1	[3 7]
851	1	[5 8]
590
793
128	1	[2 8]
918	1	[8 9]
517	1	[5 7]
726
800
480
722
249
399
863
918	1	[8 9]
485
326
982
682
437
057
527
625
709
615	1	[5 6]
599
939
152	1	[2 5]
923
868
039
204
818	1	[8 8]
829
445
516	1	[5 6]
939
270
023
970
343
596
228
833
896
559
305
357
299
590
527
002
592
664
163	1	[3 6]
835
587
335
362
708
534
659
901	1	[0 9]
113	1	[1 3]
712	1	[2 7]
083
151	1	[1 5]
298
048
719	1	[7 9]
697
671	1	[6 7]
350
679
155	1	[5 5]
749
803
982
981	1	[8 9]
895
490
163	1	[3 6]
911	1	[1 9]
829
663
545
385
901	1	[0 9]
810	1	[0 8]
191	1	[1 9]
448
191	1	[1 9]
179	1	[7 9]
666
220
385
911	1	[1 9]
276
162	1	[2 6]
812	1	[2 8]
398
468
486
527
942
583
027
176	1	[6 7]
559
129	1	[2 9]
844
726
451	1	[4 5]
248
168	1	[6 8]
354
558
056
474
701	1	[0 7]
309
814	1	[4 8]
114	1	[1 4]
367
427
024
453
817	1	[7 8]
477
927
990
877
439
771	1	[7 7]
039
748
852
263
205
943
242
376
877
118	1	[1 8]
801	1	[0 8]
791	1	[7 9]
369
221	1	[2 2]
395
107	1	[0 7]
731	1	[3 7]
316	1	[3 6]
991	1	[9 9]
648
729
733
471	1	[4 7]
132	1	[2 3]
019	1	[0 9]
215	1	[2 5]
620
265
183	1	[3 8]
793
905
311	1	[1 3]
365
389
685
576
991	1	[9 9]
355
919	1	[9 9]
540
695
003
665
241	1	[2 4]
680
324
066
189	1	[8 9]
339
476
903
279
949
057
226
826
211	1	[1 2]
951	1	[5 9]
102	1	[0 2]
391	1	[3 9]
137	1	[3 7]
017	1	[0 7]
655
511	1	[1 5]
358
468
049
069
494
745
751	1	[5 7]
854
636
651	1	[5 6]
348
146	1	[4 6]
259
360
853
743
236
673
901	1	[0 9]
159	1	[5 9]
418	1	[4 8]
443
003
511	1	[1 5]
387
808
283
258
086
915	1	[5 9]
750
761	1	[6 7]
639
247
792
328
493
131	1	[1 3]
332
218	1	[2 8]
700
036
438
463
103	1	[0 3]
313	1	[3 3]
013	1	[0 3]
744
060
909
301	1	[0 3]
146	1	[4 6]
589
011	1	[0 1]
012	1	[0 2]
852
050
783
941	1	[4 9]
294
114	1	[1 4]
020
930
925
113	1	[1 3]
039
904
733
157	1	[5 7]
267
824
309
152	1	[2 5]
668
750
445
101	1	[0 1]
806
275
508
255
986
932
156	1	[5 6]
366
498
730
739
563
622
027
226
219	1	[2 9]
511	1	[1 5]
767
208
045
913	1	[3 9]
680
012	1	[0 2]
956
393
940
109	1	[0 9]
644
854
810	1	[0 8]
598
143	1	[3 4]
513	1	[3 5]
394
556
719	1	[7 9]
757
517	1	[5 7]
093
457
087
266
469
679
180	1	[0 8]
005
957
093
882
452
092
066
401	1	[0 4]
063
730
135	1	[3 5]
971	1	[7 9]
446
142	1	[2 4]
540
363
491	1	[4 9]
780
674
867
048
390
096
295
778
397
977
975
027
854
744
633
599
454
088
601	1	[0 6]
907
189	1	[8 9]
772
