904
117
587	8	[5 7]
108	8	[0 1]
484	8	[4 4]
173
033
632
793
606
982	8	[2 9]
348	8	[3 4]
018	8	[0 1]
211
549
559
177
495
648	8	[4 6]
521
502
182	8	[1 2]
762
415
728	8	[2 7]
617
152
600
734
245
514
597
576
217
700
981	8	[1 9]
097
560
089	8	[0 9]
307
138	8	[1 3]
006
841	8	[1 4]
113
337
592
309
436
289	8	[2 9]
851	8	[1 5]
121
184	8	[1 4]
538	8	[3 5]
170
514
348	8	[3 4]
443
129
459
321
818	8	[1 8]
957
788	8	[7 8]
481	8	[1 4]
012
433
879	8	[7 9]
626
677
069
004
949
490
378	8	[3 7]
712
495
424
464
373
988	8	[8 9]
119
776
359
037
584	8	[4 5]
300
337
140
565
453
671
910
820	8	[0 2]
834	8	[3 4]
152
600
199
592
185	8	[1 5]
120
745
464
601
349
784	8	[4 7]
921
827	8	[2 7]
042
072
453
602
694
517
797
698	8	[6 9]
405
221
194
283	8	[2 3]
877	8	[7 7]
263
139
486	8	[4 6]
076
354
234
835	8	[3 5]
383	8	[3 3]
984	8	[4 9]
450
361
231
815	8	[1 5]
653
032
228	8	[2 2]
973
417
298	8	[2 9]
456
130
597
537
407
824	8	[2 4]
520
850	8	[0 5]
956
470
927
359
693
797
532
177
353
588	8	[5 8]
209
868	8	[6 8]
854	8	[4 5]
568	8	[5 6]
567
597
101
858	8	[5 8]
003
381	8	[1 3]
377
051
866	8	[6 6]
726
096
238	8	[2 3]
728	8	[2 7]
619
381	8	[1 3]
597
150
059
979
507
337
959
554
039
403
745
097
881	8	[1 8]
786	8	[6 7]
351
841	8	[1 4]
771
168	8	[1 6]
592
604
838	8	[3 8]
888	8	[8 8]
344
749
501
884	8	[4 8]
315
265
882	8	[2 8]
266
522
105
894	8	[4 9]
627
255
275
323
569
306
870	8	[0 7]
458	8	[4 5]
042
953
212
265
898	8	[8 9]
770
681	8	[1 6]
260
441
589	8	[5 9]
602
249
353
288	8	[2 8]
580	8	[0 5]
578	8	[5 7]
640
762
936
580	8	[0 5]
502
350
988	8	[8 9]
108	8	[0 1]
392
743
438	8	[3 4]
487	8	[4 7]
321
106
358	8	[3 5]
380	8	[0 3]
514
932
181	8	[1 1]
933
574
245
403
053
649
450
606
455
677
005
445
117
229
500
235
096
291
618	8	[1 6]
808	8	[0 8]
851	8	[1 5]
057
225
804	8	[0 4]
947
861	8	[1 6]
977
535
589	8	[5 9]
506
580	8	[0 5]
848	8	[4 8]
415
647
287	8	[2 7]
246
994
648	8	[4 6]
981	8	[1 9]
375
181	8	[1 1]
777
875	8	[5 7]
862	8	[2 6]
022
358	8	[3 5]
832	8	[2 3]
771
836	8	[3 6]
703
778	8	[7 7]
049
122
535
329
625
547
653
343
059
327
817	8	[1 7]
786	8	[6 7]
205
378	8	[3 7]
143
702
909
167
158	8	[1 5]
696
553
342
921
867	8	[6 7]
990
131
981	8	[1 9]
622
654
736
849	8	[4 9]
392
191
408	8	[0 4]
401
616
628	8	[2 6]
611
362
452
634
248	8	[2 4]
651
574
996
949
956
940
220
753
989	8	[9 9]
900
987	8	[7 9]
617
794
079
448	8	[4 4]
696
479
726
845	8	[4 5]
101
521
940
263
411
464
190
826	8	[2 6]
598	8	[5 9]
018	8	[0 1]
010
416
075
341
790
308	8	[0 3]
489	8	[4 9]
909
607
418	8	[1 4]
576
271
235
499
621
588	8	[5 8]
228	8	[2 2]
418	8	[1 4]
945
152
216
163
695
202
407
798	8	[7 9]
613
325
962
617
510
197
505
587	8	[5 7]
367
269
315
924
121
241
226
506
628	8	[2 6]
350
159
812	8	[1 2]
926
937
550
210
168	8	[1 6]
613
430
945
219
522
877	8	[7 7]
637
545
086	8	[0 6]
323
520
053
601
251
423
744
609
772
332
891	8	[1 9]
701
947
466
235
308	8	[0 3]
636
654
329
547
608	8	[0 6]
857	8	[5 7]
797
819	8	[1 9]
010
767
910
802	8	[0 2]
761
705
832	8	[2 3]
670
917
702
941
816	8	[1 6]
543
985	8	[5 9]
887	8	[7 8]
297
162
486	8	[4 6]
117
603
758	8	[5 7]
457
871	8	[1 7]
107
215
678	8	[6 7]
928	8	[2 9]
914
990
831	8	[1 3]
574
724
238	8	[2 3]
420
141
076
967
126
707
831	8	[1 3]
270
935
537
881	8	[1 8]
973
817	8	[1 7]
077
411
117
281	8	[1 2]
198	8	[1 9]
595
185	8	[1 5]
579
554
445
294
810	8	[0 1]
636
838	8	[3 8]
609
899	8	[9 9]
729
815	8	[1 5]
834	8	[3 4]
861	8	[1 6]
587	8	[5 7]
296
740
682	8	[2 6]
555
868	8	[6 8]
046
479
457
493
851	8	[1 5]
539
804	8	[0 4]
707
593
066
724
372
342
641
643
297
712
967
389	8	[3 9]
622
658	8	[5 6]
348	8	[3 4]
261
184	8	[1 4]
072
154
662
286	8	[2 6]
046
365
344
511
146
695
852	8	[2 5]
936
807	8	[0 7]
495
630
239
418	8	[1 4]
830	8	[0 3]
984	8	[4 9]
700
917
854	8	[4 5]
499
103
756
658	8	[5 6]
823	8	[2 3]
380	8	[0 3]
776
967
202
519
510
597
280	8	[0 2]
896	8	[6 9]
167
314
853	8	[3 5]
989	8	[9 9]
914
494
628	8	[2 6]
200
897	8	[7 9]
177
443
718	8	[1 7]
279
118	8	[1 1]
104
427
173
287	8	[2 7]
448	8	[4 4]
169
831	8	[1 3]
419
603
311
015
803	8	[0 3]
022
971
762
590
964
984	8	[4 9]
974
646
186	8	[1 6]
462
084	8	[0 4]
255
525
980	8	[0 9]
095
380	8	[0 3]
128	8	[1 2]
201
534
330
512
129
867	8	[6 7]
509
342
587	8	[5 7]
383	8	[3 3]
811	8	[1 1]
630
006
906
503
559
855	8	[5 5]
959
902
860	8	[0 6]
334
402
856	8	[5 6]
099
494
921
328	8	[2 3]
172
961
898	8	[8 9]
092
883	8	[3 8]
523
464
881	8	[1 8]
110
566
846	8	[4 6]
177
044
660
773
672
769
953
604
950
359
178	8	[1 7]
950
756
129
097
261
467
798	8	[7 9]
943
902
322
359
814	8	[1 4]
827	8	[2 7]
021
300
036
966
185	8	[1 5]
103
382	8	[2 3]
098	8	[0 9]
036
084	8	[0 4]
440
481	8	[1 4]
402
962
667
754
814	8	[1 4]
178	8	[1 7]
017
460
804	8	[0 4]
305
301
160
653
005
194
515
862	8	[2 6]
252
382	8	[2 3]
050
621
542
574
350
193
389	8	[3 9]
083	8	[0 3]
065
618	8	[1 6]
575
974
305
871	8	[1 7]
510
578	8	[5 7]
938	8	[3 9]
041
313
276
090
156
833	8	[3 3]
787	8	[7 7]
719
233
772
844	8	[4 4]
949
906
306
987	8	[7 9]
025
921
954
335
225
185	8	[1 5]
744
279
479
221
388	8	[3 8]
006
817	8	[1 7]
215
075
028	8	[0 2]
189	8	[1 9]
259
853	8	[3 5]
297
874	8	[4 7]
872	8	[2 7]
534
979
811	8	[1 1]
946
955
871	8	[1 7]
271
299
382	8	[2 3]
458	8	[4 5]
797
603
202
201
777
643
672
261
196
220
507
521
417
154
130
618	8	[1 6]
617
785	8	[5 7]
340
711
545
248	8	[2 4]
950
837	8	[3 7]
171
468	8	[4 6]
594
166
949
461
909
585	8	[5 5]
964
386	8	[3 6]
526
058	8	[0 5]
939
559
744
627
537
432
909
848	8	[4 8]
369
441
990
148	8	[1 4]
792
531
912
135
339
031
983	8	[3 9]
991
429
778	8	[7 7]
663
288	8	[2 8]
465
976
970
087	8	[0 7]
890	8	[0 9]
676
122
204
943
715
767
797
355
698	8	[6 9]
769
072
495
342
104
291
118	8	[1 1]
783	8	[3 7]
384	8	[3 4]
053
794
530
554
043
993
878	8	[7 8]
962
075
931
043
074
321
909
490
627
942
997
031
758	8	[5 7]
948	8	[4 9]
385	8	[3 5]
976
870	8	[0 7]
876	8	[6 7]
346
947
008	8	[0 0]
524
628	8	[2 6]
412
482	8	[2 4]
414
397
792
689	8	[6 9]
385	8	[3 5]
260
122
017
668	8	[6 6]
174
312
032
873	8	[3 7]
119
852	8	[2 5]
837	8	[3 7]
056
944
998	8	[9 9]
891	8	[1 9]
415
327
173
479
300
641
501
439
087	8	[0 7]
146
379
128	8	[1 2]
689	8	[6 9]
574
537
622
692
556
460
012
153
954
849	8	[4 9]
217
337
208	8	[0 2]
892	8	[2 9]
220
230
410
824	8	[2 4]
481	8	[1 4]
243
829	8	[2 9]
414
360
817	8	[1 7]
736
054
837	8	[3 7]
561
318	8	[1 3]
281	8	[1 2]
969
693
418	8	[1 4]
268	8	[2 6]
912
872	8	[2 7]
766
556
275
526
976
199
114
713
396
818	8	[1 8]
386	8	[3 6]
368	8	[3 6]
817	8	[1 7]
295
642
053
034
226
225
607
700
789	8	[7 9]
181	8	[1 1]
539
149
035
607
314
954
878	8	[7 8]
028	8	[0 2]
949
821	8	[1 2]
625
525
533
944
589	8	[5 9]
028	8	[0 2]
492
113
049
307
947
895	8	[5 9]
137
189	8	[1 9]
678	8	[6 7]
152
062
397
403
419
030
889	8	[8 9]
532
571
192
072
061
377
519
798	8	[7 9]
543
691
797
762
015
862	8	[2 6]
119
950
157
919
410
143
886	8	[6 8]
575
730
471
618	8	[1 6]
479
268	8	[2 6]
401
162
930
495
209
773
339
256
375
504
058	8	[0 5]
542
097
167
025
456
518	8	[1 5]
337
070
210
612
110
821	8	[1 2]
373
124
766
934
852	8	[2 5]
112
635
132
446
941
493
422
539
232
525
688	8	[6 8]
203
236
669
710
366
696
262
283	8	[2 3]
883	8	[3 8]
416
358	8	[3 5]
742
392
342
098	8	[0 9]
525
041
444
617
181	8	[1 1]
432
553
724
877	8	[7 7]
506
096
928	8	[2 9]
927
806	8	[0 6]
956
896	8	[6 9]
569
224
431
348	8	[3 4]
037
301
798	8	[7 9]
933
281	8	[1 2]
221
194
173
491
503
435
710
937
675
313
421
011
641
805	8	[0 5]
530
914
625
164
566
982	8	[2 9]
878	8	[7 8]
268	8	[2 6]
256
951
815	8	[1 5]
845	8	[4 5]
608	8	[0 6]
617
448	8	[4 4]
744
160
008	8	[0 0]
346
489	8	[4 9]
155
885	8	[5 8]
089	8	[0 9]
661
594
848	8	[4 8]
179
517
550
811	8	[1 1]
002
263
907
364
673
676
747
729
763
807	8	[0 7]
621
576
960
351
750
149
058	8	[0 5]
493
387	8	[3 7]
822	8	[2 2]
110
409
084	8	[0 4]
690
569
441
991
317
041
792
582	8	[2 5]
966
314
555
089	8	[0 9]
175
438	8	[3 4]
960
913
501
878	8	[7 8]
366
880	8	[0 8]
776
975
823	8	[2 3]
167
782	8	[2 7]
352
444
765
671
351
517
215
206
232
711
901
718	8	[1 7]
560
487	8	[4 7]
218	8	[1 2]
245
531
170
046
065
653
471
103
894	8	[4 9]
134
322
501
683	8	[3 6]
082	8	[0 2]
990
375
236
104
010
765
047
828	8	[2 8]
966
148	8	[1 4]
191
134
594
091
559
721
880	8	[0 8]
077
011
405
126
149
631
253
476
005
526
908	8	[0 9]
464
492
284	8	[2 4]
286	8	[2 6]
264
744
922
136
782	8	[2 7]
870	8	[0 7]
998	8	[9 9]
889	8	[8 9]
480	8	[0 4]
969
733
493
505
108	8	[0 1]
511
044
070
052
334
088	8	[0 8]
256
063
582	8	[2 5]
326
696
162
806	8	[0 6]
137
819	8	[1 9]
091
348	8	[3 4]
161
931
382	8	[2 3]
665
331
826	8	[2 6]
034
927
918	8	[1 9]
481	8	[1 4]
821	8	[1 2]
314
178	8	[1 7]
522
252
856	8	[5 6]
881	8	[1 8]
321
699
562
982	8	[2 9]
022
032
122
817	8	[1 7]
631
151
457
657
191
368	8	[3 6]
100
068	8	[0 6]
727
064
124
208	8	[0 2]
389	8	[3 9]
529
278	8	[2 7]
948	8	[4 9]
422
624
920
289	8	[2 9]
559
766
776
661
602
290
336
297
209
602
466
077
504
834	8	[3 4]
040
995
462
759
828	8	[2 8]
973
677
845	8	[4 5]
309
167
141
060
818	8	[1 8]
497
248	8	[2 4]
982	8	[2 9]
101
533
054
010
774
391
910
093
779
197
248	8	[2 4]
719
556
897	8	[7 9]
798	8	[7 9]
886	8	[6 8]
650
625
213
240
204
158	8	[1 5]
842	8	[2 4]
327
505
690
341
668	8	[6 6]
045
470
597
141
555
222
979
036
313
967
898	8	[8 9]
608	8	[0 6]
467
942
904
720
691
754
473
484	8	[4 4]
769
114
313
314
709
140
826	8	[2 6]
727
759
266
778	8	[7 7]
405
827	8	[2 7]
472
188	8	[1 8]
273
180	8	[0 1]
340
392
217
713
708	8	[0 7]
311
457
265
395
921
555
858	8	[5 8]
574
219
809	8	[0 9]
077
661
515
645
812	8	[1 2]
747
578	8	[5 7]
202
450
354
811	8	[1 1]
745
764
706
429
501
128	8	[1 2]
365
513
667
538	8	[3 5]
019
785	8	[5 7]
009
510
040
435
317
882	8	[2 8]
108	8	[0 1]
398	8	[3 9]
414
461
994
568	8	[5 6]
373
706
005
650
891	8	[1 9]
061
316
477
156
171
769
900
066
959
588	8	[5 8]
888	8	[8 8]
301
568	8	[5 6]
392
070
335
458	8	[4 5]
793
886	8	[6 8]
116
592
335
701
151
570
770
954
995
112
083	8	[0 3]
067
425
161
513
592
137
960
451
037
200
418	8	[1 4]
764
648	8	[4 6]
245
267
748	8	[4 7]
257
532
096
691
408	8	[0 4]
151
748	8	[4 7]
234
597
278	8	[2 7]
547
704
363
890	8	[0 9]
224
948	8	[4 9]
930
757
152
694
090
041
995
489	8	[4 9]
824	8	[2 4]
679
027
259
280	8	[0 2]
501
231
794
181	8	[1 1]
930
793
685	8	[5 6]
185	8	[1 5]
120
199
909
840	8	[0 4]
889	8	[8 9]
598	8	[5 9]
945
084	8	[0 4]
598	8	[5 9]
618	8	[1 6]
192
596
903
484	8	[4 4]
334
792
707
349
936
075
966
772
939
057
522
433
104
994
875	8	[5 7]
230
640
518	8	[1 5]
798	8	[7 9]
720
487	8	[4 7]
099
158	8	[1 5]
643
043
973
308	8	[0 3]
752
889	8	[8 9]
039
093
675
681	8	[1 6]
801	8	[0 1]
680	8	[0 6]
494
887	8	[7 8]
139
716
250
010
027
659
501
948	8	[4 9]
253
788	8	[7 8]
863	8	[3 6]
234
470
557
703
340
856	8	[5 6]
792
332
169
673
235
172
498	8	[4 9]
494
204
695
661
200
712
112
815	8	[1 5]
783	8	[3 7]
417
611
092
482	8	[2 4]
147
848	8	[4 8]
873	8	[3 7]
598	8	[5 9]
660
275
045
054
644
295
965
570
977
546
946
646
514
274
252
841	8	[1 4]
549
168	8	[1 6]
933
136
401
171
089	8	[0 9]
083	8	[0 3]
943
596
551
299
752
690
944
835	8	[3 5]
408	8	[0 4]
996
005
786	8	[6 7]
474
834	8	[3 4]
640
187	8	[1 7]
137
693
558	8	[5 5]
368	8	[3 6]
597
896	8	[6 9]
467
638	8	[3 6]
487	8	[4 7]
799
300
758	8	[5 7]
254
948	8	[4 9]
583	8	[3 5]
745
526
010
414
788	8	[7 8]
407
441
109
933
334
212
031
342
464
527
882	8	[2 8]
015
572
229
111
456
345
148	8	[1 4]
473
974
418	8	[1 4]
659
119
725
064
218	8	[1 2]
771
918	8	[1 9]
394
282	8	[2 2]
081	8	[0 1]
028	8	[0 2]
880	8	[0 8]
338	8	[3 3]
272
012
485	8	[4 5]
189	8	[1 9]
330
436
138	8	[1 3]
863	8	[3 6]
684	8	[4 6]
284	8	[2 4]
816	8	[1 6]
023
650
223
801	8	[0 1]
963
056
104
269
838	8	[3 8]
287	8	[2 7]
751
327
591
257
162
718	8	[1 7]
254
088	8	[0 8]
854	8	[4 5]
745
410
015
468	8	[4 6]
031
892	8	[2 9]
839	8	[3 9]
283	8	[2 3]
836	8	[3 6]
912
357
424
501
028	8	[0 2]
199
359
502
604
092
631
031
168	8	[1 6]
960
709
318	8	[1 3]
313
649
768	8	[6 7]
097
721
178	8	[1 7]
555
502
604
469
125
690
155
412
741
457
802	8	[0 2]
883	8	[3 8]
252
857	8	[5 7]
606
773
131
959
834	8	[3 4]
831	8	[1 3]
185	8	[1 5]
933
279
753
459
242
895	8	[5 9]
543
887	8	[7 8]
107
888	8	[8 8]
971
871	8	[1 7]
211
555
049
923
579
035
991
718	8	[1 7]
159
399
097
781	8	[1 7]
056
070
150
597
089	8	[0 9]
414
635
331
633
918	8	[1 9]
413
203
679
757
085	8	[0 5]
307
986	8	[6 9]
866	8	[6 6]
727
500
102
382	8	[2 3]
190
109
638	8	[3 6]
052
334
472
536
315
383	8	[3 3]
716
095
957
098	8	[0 9]
494
066
089	8	[0 9]
378	8	[3 7]
675
007
665
922
697
035
547
964
687	8	[6 7]
686	8	[6 6]
345
602
379
938	8	[3 9]
259
060
063
045
341
626
396
220
178	8	[1 7]
834	8	[3 4]
795
046
729
754
384	8	[3 4]
668	8	[6 6]
506
565
168	8	[1 6]
444
176
729
788	8	[7 8]
527
917
201
068	8	[0 6]
938	8	[3 9]
165
252
988	8	[8 9]
054
858	8	[5 8]
324
211
066
038	8	[0 3]
584	8	[4 5]
977
790
178	8	[1 7]
113
710
101
344
091
620
293
561
935
677
218	8	[1 2]
515
499
908	8	[0 9]
100
412
840	8	[0 4]
670
831	8	[1 3]
484	8	[4 4]
610
989	8	[9 9]
147
821	8	[1 2]
940
006
941
029
313
614
788	8	[7 8]
079
116
970
212
055
504
621
488	8	[4 8]
679
613
752
913
345
269
759
165
029
447
892	8	[2 9]
427
626
912
713
761
013
799
755
785	8	[5 7]
821	8	[1 2]
203
156
145
204
134
945
857	8	[5 7]
852	8	[2 5]
682	8	[2 6]
685	8	[5 6]
838	8	[3 8]
452
789	8	[7 9]
362
901
408	8	[0 4]
998	8	[9 9]
104
905
169
470
454
611
645
302
336
623
783	8	[3 7]
530
308	8	[0 3]
988	8	[8 9]
339
879	8	[7 9]
127
194
731
158	8	[1 5]
198	8	[1 9]
180	8	[0 1]
389	8	[3 9]
453
057
265
371
000
922
200
463
363
731
857	8	[5 7]
572
337
383	8	[3 3]
439
954
156
049
374
930
550
594
230
920
621
738	8	[3 7]
741
534
684	8	[4 6]
811	8	[1 1]
537
717
781	8	[1 7]
728	8	[2 7]
002
044
790
637
260
549
677
107
737
999
144
328	8	[2 3]
288	8	[2 8]
166
727
257
610
311
124
789	8	[7 9]
850	8	[0 5]
309
499
934
187	8	[1 7]
252
914
945
538	8	[3 5]
373
357
552
793
408	8	[0 4]
396
329
625
220
363
503
859	8	[5 9]
481	8	[1 4]
826	8	[2 6]
520
326
880	8	[0 8]
508	8	[0 5]
851	8	[1 5]
370
913
014
172
560
625
333
679
263
004
742
075
412
398	8	[3 9]
277
930
981	8	[1 9]
417
440
018	8	[0 1]
839	8	[3 9]
162
395
944
981	8	[1 9]
937
273
355
916
088	8	[0 8]
243
450
661
136
554
397
489	8	[4 9]
417
727
317
400
657
793
369
732
321
107
684	8	[4 6]
604
511
639
351
775
846	8	[4 6]
431
255
499
714
227
204
950
830	8	[0 3]
758	8	[5 7]
917
247
196
255
930
570
645
383	8	[3 3]
941
264
562
478	8	[4 7]
281	8	[1 2]
972
010
800	8	[0 0]
007
800	8	[0 0]
244
834	8	[3 4]
765
908	8	[0 9]
848	8	[4 8]
061
630
399
124
819	8	[1 9]
594
769
647
131
764
942
121
759
103
970
376
954
706
906
056
093
958	8	[5 9]
523
962
739
678	8	[6 7]
853	8	[3 5]
564
808	8	[0 8]
136
348	8	[3 4]
166
835	8	[3 5]
939
717
759
713
543
919
240
284	8	[2 4]
431
912
623
810	8	[0 1]
108	8	[0 1]
642
686	8	[6 6]
421
324
313
141
378	8	[3 7]
315
901
306
724
658	8	[5 6]
985	8	[5 9]
280	8	[0 2]
600
880	8	[0 8]
381	8	[1 3]
784	8	[4 7]
929
444
469
429
785	8	[5 7]
644
377
280	8	[0 2]
687	8	[6 7]
114
404
710
740
465
006
507
675
263
328	8	[2 3]
091
384	8	[3 4]
208	8	[0 2]
718	8	[1 7]
781	8	[1 7]
448	8	[4 4]
973
722
751
568	8	[5 6]
540
955
404
688	8	[6 8]
524
554
790
915
197
565
823	8	[2 3]
640
390
423
718	8	[1 7]
889	8	[8 9]
187	8	[1 7]
434
782	8	[2 7]
840	8	[0 4]
096
109
388	8	[3 8]
002
181	8	[1 1]
868	8	[6 8]
524
104
642
489	8	[4 9]
825	8	[2 5]
733
080	8	[0 0]
511
976
387	8	[3 7]
309
392
875	8	[5 7]
053
471
282	8	[2 2]
892	8	[2 9]
000
293
445
689	8	[6 9]
090
520
611
051
018	8	[0 1]
148	8	[1 4]
882	8	[2 8]
388	8	[3 8]
766
510
597
916
953
381	8	[1 3]
068	8	[0 6]
744
331
162
212
053
401
810	8	[0 1]
995
657
225
307
092
526
578	8	[5 7]
549
033
757
731
546
387	8	[3 7]
948	8	[4 9]
686	8	[6 6]
876	8	[6 7]
074
163
651
427
848	8	[4 8]
712
705
439
208	8	[0 2]
638	8	[3 6]
405
506
087	8	[0 7]
267
720
442
285	8	[2 5]
610
162
879	8	[7 9]
923
897	8	[7 9]
073
064
098	8	[0 9]
157
533
686	8	[6 6]
449
755
477
381	8	[1 3]
601
772
389	8	[3 9]
927
967
562
876	8	[6 7]
245
693
881	8	[1 8]
961
077
121
493
262
929
028	8	[0 2]
627
000
807	8	[0 7]
799
349
850	8	[0 5]
673
655
099
509
394
459
595
452
255
306
857	8	[5 7]
107
137
394
942
460
850	8	[0 5]
696
484	8	[4 4]
289	8	[2 9]
396
691
563
582	8	[2 5]
931
845	8	[4 5]
831	8	[1 3]
055
887	8	[7 8]
494
048	8	[0 4]
301
442
265
128	8	[1 2]
523
926
923
525
250
920
375
478	8	[4 7]
537
516
384	8	[3 4]
726
762
272
757
420
049
279
922
323
064
961
851	8	[1 5]
289	8	[2 9]
394
954
038	8	[0 3]
981	8	[1 9]
443
583	8	[3 5]
246
635
561
570
653
777
369
110
419
578	8	[5 7]
550
718	8	[1 7]
736
080	8	[0 0]
836	8	[3 6]
796
042
588	8	[5 8]
038	8	[0 3]
462
811	8	[1 1]
412
188	8	[1 8]
247
016
717
684	8	[4 6]
958	8	[5 9]
410
165
747
597
098	8	[0 9]
526
910
265
574
041
157
070
193
317
786	8	[6 7]
798	8	[7 9]
868	8	[6 8]
542
288	8	[2 8]
444
781	8	[1 7]
942
084	8	[0 4]
602
011
924
128	8	[1 2]
752
369
304
035
080	8	[0 0]
037
863	8	[3 6]
562
129
631
812	8	[1 2]
604
793
872	8	[2 7]
124
116
359
347
203
014
268	8	[2 6]
532
136
394
735
252
729
007
816	8	[1 6]
921
475
349
711
018	8	[0 1]
438	8	[3 4]
438	8	[3 4]
375
943
253
519
305
594
294
701
823	8	[2 3]
367
037
403
553
449
714
600
811	8	[1 1]
456
323
279
199
665
747
743
752
913
628	8	[2 6]
835	8	[3 5]
401
679
109
400
869	8	[6 9]
927
800	8	[0 0]
763
757
901
453
658	8	[5 6]
045
174
714
938	8	[3 9]
730
662
972
610
599
331
565
518	8	[1 5]
380	8	[0 3]
415
166
232
639
184	8	[1 4]
767
595
554
782	8	[2 7]
957
089	8	[0 9]
672
110
633
728	8	[2 7]
222
201
654
341
394
562
565
377
720
219
196
906
857	8	[5 7]
357
020
717
423
205
224
699
042
496
236
591
918	8	[1 9]
633
337
208	8	[0 2]
924
523
098	8	[0 9]
904
332
906
611
837	8	[3 7]
028	8	[0 2]
538	8	[3 5]
944
695
535
262
786	8	[6 7]
146
363
397
738	8	[3 7]
098	8	[0 9]
150
348	8	[3 4]
607
336
357
243
533
449
328	8	[2 3]
881	8	[1 8]
919
664
781	8	[1 7]
613
847	8	[4 7]
480	8	[0 4]
339
217
884	8	[4 8]
103
889	8	[8 9]
683	8	[3 6]
023
510
249
947
277
054
570
131
751
081	8	[0 1]
359
891	8	[1 9]
278	8	[2 7]
563
911
597
368	8	[3 6]
115
546
929
865	8	[5 6]
583	8	[3 5]
148	8	[1 4]
304
400
812	8	[1 2]
717
190
903
710
539
433
243
431
232
922
133
657
560
436
880	8	[0 8]
938	8	[3 9]
610
093
450
188	8	[1 8]
421
708	8	[0 7]
084	8	[0 4]
726
129
111
728	8	[2 7]
582	8	[2 5]
303
806	8	[0 6]
158	8	[1 5]
065
836	8	[3 6]
239
423
593
447
003
082	8	[0 2]
561
227
051
059
013
757
242
989	8	[9 9]
784	8	[4 7]
175
731
649
926
878	8	[7 8]
352
264
411
838	8	[3 8]
246
597
705
640
049
932
244
860	8	[0 6]
924
758	8	[5 7]
138	8	[1 3]
980	8	[0 9]
009
999
703
439
866	8	[6 6]
328	8	[2 3]
186	8	[1 6]
287	8	[2 7]
112
933
252
807	8	[0 7]
030
941
036
051
757
032
473
992
312
331
149
724
897	8	[7 9]
559
912
544
807	8	[0 7]
335
393
213
731
671
215
453
329
832	8	[2 3]
669
781	8	[1 7]
927
294
671
442
956
012
266
850	8	[0 5]
452
798	8	[7 9]
586	8	[5 6]
680	8	[0 6]
060
763
085	8	[0 5]
833	8	[3 3]
178	8	[1 7]
107
138	8	[1 3]
188	8	[1 8]
600
713
675
457
382	8	[2 3]
495
631
858	8	[5 8]
747
409
105
168	8	[1 6]
562
317
459
586	8	[5 6]
453
498	8	[4 9]
569
393
428	8	[2 4]
859	8	[5 9]
000
305
729
617
054
617
995
881	8	[1 8]
238	8	[2 3]
531
680	8	[0 6]
615
982	8	[2 9]
205
163
564
969
825	8	[2 5]
901
865	8	[5 6]
944
884	8	[4 8]
758	8	[5 7]
956
538	8	[3 5]
199
064
188	8	[1 8]
313
703
180	8	[0 1]
553
185	8	[1 5]
466
288	8	[2 8]
392
353
814	8	[1 4]
450
270
260
624
517
536
943
827	8	[2 7]
199
722
435
546
233
397
227
012
849	8	[4 9]
219
702
195
420
205
759
212
692
661
640
203
071
406
821	8	[1 2]
173
412
479
043
084	8	[0 4]
939
933
005
763
662
883	8	[3 8]
098	8	[0 9]
637
713
567
422
143
671
370
788	8	[7 8]
047
315
573
714
403
201
275
043
486	8	[4 6]
451
570
031
818	8	[1 8]
161
100
610
611
972
990
682	8	[2 6]
301
298	8	[2 9]
245
238	8	[2 3]
766
101
579
885	8	[5 8]
989	8	[9 9]
842	8	[2 4]
097
911
875	8	[5 7]
208	8	[0 2]
946
985	8	[5 9]
594
860	8	[0 6]
978	8	[7 9]
861	8	[1 6]
390
400
376
085	8	[0 5]
481	8	[1 4]
607
050
747
596
166
713
372
575
044
502
290
388	8	[3 8]
741
656
987	8	[7 9]
006
314
393
557
576
367
605
116
261
168	8	[1 6]
950
961
391
832	8	[2 3]
778	8	[7 7]
068	8	[0 6]
417
237
072
193
229
612
831	8	[1 3]
982	8	[2 9]
161
120
028	8	[0 2]
517
582	8	[2 5]
409
302
082	8	[0 2]
320
073
084	8	[0 4]
226
995
938	8	[3 9]
116
049
786	8	[6 7]
260
091
922
256
701
099
933
856	8	[5 6]
681	8	[1 6]
853	8	[3 5]
975
297
066
701
267
588	8	[5 8]
218	8	[1 2]
321
192
853	8	[3 5]
701
116
657
035
718	8	[1 7]
605
935
577
328	8	[2 3]
059
713
237
883	8	[3 8]
018	8	[0 1]
010
252
341
933
203
780	8	[0 7]
209
560
941
764
241
695
707
584	8	[4 5]
505
269
495
810	8	[0 1]
127
698	8	[6 9]
054
185	8	[1 5]
224
481	8	[1 4]
911
859	8	[5 9]
492
907
517
324
246
873	8	[3 7]
271
645
128	8	[1 2]
325
861	8	[1 6]
336
723
174
266
755
521
882	8	[2 8]
948	8	[4 9]
800	8	[0 0]
622
912
300
100
982	8	[2 9]
232
638	8	[3 6]
888	8	[8 8]
683	8	[3 6]
135
224
486	8	[4 6]
500
181	8	[1 1]
326
965
982	8	[2 9]
131
322
496
932
737
777
186	8	[1 6]
292
591
964
467
531
254
446
194
307
584	8	[4 5]
719
383	8	[3 3]
109
397
974
040
892	8	[2 9]
153
011
022
904
052
848	8	[4 8]
991
846	8	[4 6]
936
595
914
078	8	[0 7]
348	8	[3 4]
806	8	[0 6]
145
619
840	8	[0 4]
925
680	8	[0 6]
110
730
213
119
515
690
921
442
917
263
650
328	8	[2 3]
662
055
479
807	8	[0 7]
241
097
809	8	[0 9]
129
524
038	8	[0 3]
903
121
012
292
354
222
654
544
503
047
976
646
906
566
145
465
634
040
601
068	8	[0 6]
989	8	[9 9]
260
654
314
041
248	8	[2 4]
441
055
870	8	[0 7]
684	8	[4 6]
403
484	8	[4 4]
076
333
084	8	[0 4]
862	8	[2 6]
887	8	[7 8]
420
054
944
977
010
576
517
971
845	8	[4 5]
588	8	[5 8]
579
052
714
783	8	[3 7]
082	8	[0 2]
716
845	8	[4 5]
703
914
818	8	[1 8]
783	8	[3 7]
328	8	[2 3]
967
147
053
284	8	[2 4]
261
488	8	[4 8]
757
300
882	8	[2 8]
727
049
180	8	[0 1]
034
569
438	8	[3 4]
866	8	[6 6]
492
583	8	[3 5]
645
801	8	[0 1]
613
473
610
391
169
622
021
318	8	[1 3]
014
096
336
154
774
821	8	[1 2]
649
849	8	[4 9]
320
624
428	8	[2 4]
910
406
300
581	8	[1 5]
513
428	8	[2 4]
243
287	8	[2 7]
489	8	[4 9]
623
580	8	[0 5]
828	8	[2 8]
813	8	[1 3]
330
626
985	8	[5 9]
773
188	8	[1 8]
054
829	8	[2 9]
835	8	[3 5]
272
825	8	[2 5]
830	8	[0 3]
486	8	[4 6]
760
891	8	[1 9]
616
422
339
165
946
249
184	8	[1 4]
793
459
403
657
360
238	8	[2 3]
322
462
438	8	[3 4]
498	8	[4 9]
210
832	8	[2 3]
328	8	[2 3]
749
534
436
586	8	[5 6]
529
041
678	8	[6 7]
085	8	[0 5]
863	8	[3 6]
811	8	[1 1]
797
108	8	[0 1]
485	8	[4 5]
759
710
832	8	[2 3]
848	8	[4 8]
743
390
306
750
993
347
251
688	8	[6 8]
269
112
442
630
721
395
999
689	8	[6 9]
124
448	8	[4 4]
933
552
480	8	[0 4]
320
203
509
203
686	8	[6 6]
153
344
349
340
021
345
565
913
780	8	[0 7]
842	8	[2 4]
322
427
083	8	[0 3]
760
562
664
294
644
590
551
730
895	8	[5 9]
047
239
209
253
087	8	[0 7]
841	8	[1 4]
999
361
011
955
335
888	8	[8 8]
173
725
144
585	8	[5 5]
014
486	8	[4 6]
504
203
823	8	[2 3]
462
649
094
030
007
483	8	[3 4]
992
111
505
476
783	8	[3 7]
197
519
098	8	[0 9]
141
603
671
131
603
391
004
639
638	8	[3 6]
162
525
095
530
573
436
757
744
518	8	[1 5]
232
471
490
773
318	8	[1 3]
194
298	8	[2 9]
936
387	8	[3 7]
584	8	[4 5]
811	8	[1 1]
419
732
686	8	[6 6]
274
976
973
416
153
688	8	[6 8]
753
722
459
146
639
579
966
237
030
316
139
225
045
351
402
235
294
478	8	[4 7]
098	8	[0 9]
681	8	[1 6]
485	8	[4 5]
302
191
552
261
984	8	[4 9]
475
735
941
169
162
267
753
676
020
884	8	[4 8]
473
179
291
500
915
306
835	8	[3 5]
811	8	[1 1]
804	8	[0 4]
456
111
303
543
299
819	8	[1 9]
501
791
239
947
860	8	[0 6]
147
149
154
265
991
950
022
377
618	8	[1 6]
917
005
419
539
292
973
097
048	8	[0 4]
007
777
092
329
706
487	8	[4 7]
243
027
829	8	[2 9]
451
468	8	[4 6]
886	8	[6 8]
201
340
049
860	8	[0 6]
946
866	8	[6 6]
875	8	[5 7]
471
329
244
288	8	[2 8]
734
768	8	[6 7]
921
652
478	8	[4 7]
540
014
119
277
712
803	8	[0 3]
680	8	[0 6]
050
139
624
763
510
076
461
740
407
199
478	8	[4 7]
415
148	8	[1 4]
814	8	[1 4]
644
448	8	[4 4]
934
256
265
007
918	8	[1 9]
958	8	[5 9]
239
908	8	[0 9]
064
746
556
225
445
071
505
422
768	8	[6 7]
857	8	[5 7]
149
783	8	[3 7]
262
547
256
925
985	8	[5 9]
662
177
743
736
103
698	8	[6 9]
401
762
500
441
649
811	8	[1 1]
880	8	[0 8]
697
030
914
392
152
517
917
935
888	8	[8 8]
966
020
485	8	[4 5]
963
873	8	[3 7]
920
395
377
538	8	[3 5]
858	8	[5 8]
865	8	[5 6]
851	8	[1 5]
122
353
013
558	8	[5 5]
699
039
173
130
112
295
922
872	8	[2 7]
040
668	8	[6 6]
732
683	8	[3 6]
031
023
500
335
724
806	8	[0 6]
991
616
657
688	8	[6 8]
010
113
794
625
221
646
184	8	[1 4]
808	8	[0 8]
652
244
877	8	[7 7]
621
164
133
620
825	8	[2 5]
284	8	[2 4]
317
560
381	8	[1 3]
739
528	8	[2 5]
358	8	[3 5]
170
021
014
199
440
042
183	8	[1 3]
458	8	[4 5]
618	8	[1 6]
687	8	[6 7]
127
449
908	8	[0 9]
374
616
812	8	[1 2]
191
717
370
476
720
386	8	[3 6]
948	8	[4 9]
378	8	[3 7]
363
197
665
709
019
722
398	8	[3 9]
147
559
914
338	8	[3 3]
124
541
971
432
964
477
079
868	8	[6 8]
841	8	[1 4]
867	8	[6 7]
447
488	8	[4 8]
225
986	8	[6 9]
710
233
185	8	[1 5]
940
316
808	8	[0 8]
907
809	8	[0 9]
898	8	[8 9]
043
026
277
569
977
298	8	[2 9]
242
438	8	[3 4]
089	8	[0 9]
812	8	[1 2]
084	8	[0 4]
340
877	8	[7 7]
549
958	8	[5 9]
193
747
429
133
568	8	[5 6]
089	8	[0 9]
208	8	[0 2]
596
949
372
808	8	[0 8]
772
927
376
541
386	8	[3 6]
675
192
703
139
238	8	[2 3]
496
878	8	[7 8]
612
444
127
288	8	[2 8]
425
481	8	[1 4]
009
653
687	8	[6 7]
610
157
869	8	[6 9]
417
350
939
413
394
121
960
518	8	[1 5]
273
709
232
991
470
324
309
551
698	8	[6 9]
144
242
406
662
420
536
231
661
568	8	[5 6]
958	8	[5 9]
061
475
764
667
966
368	8	[3 6]
584	8	[4 5]
232
855	8	[5 5]
808	8	[0 8]
887	8	[7 8]
113
153
179
956
874	8	[4 7]
474
351
717
103
460
174
142
760
842	8	[2 4]
175
057
455
110
776
340
376
022
179
399
515
996
773
821	8	[1 2]
217
705
617
664
276
437
620
919
230
992
396
291
927
716
530
014
883	8	[3 8]
646
004
671
822	8	[2 2]
094
764
749
495
380	8	[0 3]
792
380	8	[0 3]
987	8	[7 9]
055
349
139
267
797
393
766
149
486	8	[4 6]
078	8	[0 7]
863	8	[3 6]
718	8	[1 7]
222
740
445
173
808	8	[0 8]
369
167
409
287	8	[2 7]
691
895	8	[5 9]
211
923
485	8	[4 5]
988	8	[8 9]
523
062
557
662
269
428	8	[2 4]
737
507
979
782	8	[2 7]
310
829	8	[2 9]
962
440
783	8	[3 7]
019
057
076
894	8	[4 9]
474
615
768	8	[6 7]
806	8	[0 6]
865	8	[5 6]
799
847	8	[4 7]
979
613
044
018	8	[0 1]
917
421
834	8	[3 4]
780	8	[0 7]
904
132
822	8	[2 2]
063
142
909
342
408	8	[0 4]
678	8	[6 7]
094
186	8	[1 6]
023
016
193
668	8	[6 6]
839	8	[3 9]
391
931
731
110
842	8	[2 4]
539
623
090
256
457
929
787	8	[7 7]
439
905
066
523
012
588	8	[5 8]
260
126
615
967
799
161
534
297
915
920
451
974
226
151
268	8	[2 6]
246
268	8	[2 6]
166
286	8	[2 6]
108	8	[0 1]
382	8	[2 3]
457
372
438	8	[3 4]
383	8	[3 3]
131
170
634
516
447
421
115
765
523
158	8	[1 5]
649
381	8	[1 3]
539
222
097
702
170
055
671
285	8	[2 5]
881	8	[1 8]
174
195
214
600
776
106
138	8	[1 3]
046
606
860	8	[0 6]
511
137
254
312
302
112
801	8	[0 1]
322
124
816	8	[1 6]
544
340
579
127
211
717
387	8	[3 7]
228	8	[2 2]
158	8	[1 5]
780	8	[0 7]
273
567
002
342
166
632
794
470
859	8	[5 9]
675
688	8	[6 8]
345
162
091
158	8	[1 5]
718	8	[1 7]
119
050
700
286	8	[2 6]
596
637
806	8	[0 6]
285	8	[2 5]
719
419
384	8	[3 4]
202
194
253
427
009
686	8	[6 6]
208	8	[0 2]
827	8	[2 7]
341
111
289	8	[2 9]
572
400
141
344
572
197
046
717
588	8	[5 8]
823	8	[2 3]
057
365
933
738	8	[3 7]
395
841	8	[1 4]
519
984	8	[4 9]
645
779
962
414
051
975
202
705
036
629
958	8	[5 9]
872	8	[2 7]
756
676
662
239
015
662
767
952
444
326
723
471
804	8	[0 4]
636
671
514
462
324
452
884	8	[4 8]
449
980	8	[0 9]
969
211
636
906
176
032
343
740
388	8	[3 8]
928	8	[2 9]
703
338	8	[3 3]
605
828	8	[2 8]
947
580	8	[0 5]
739
332
951
214
525
046
724
162
801	8	[0 1]
820	8	[0 2]
938	8	[3 9]
957
705
927
193
849	8	[4 9]
840	8	[0 4]
941
884	8	[4 8]
205
070
022
674
857	8	[5 7]
993
815	8	[1 5]
932
237
148	8	[1 4]
087	8	[0 7]
720
362
926
684	8	[4 6]
283	8	[2 3]
994
600
285	8	[2 5]
021
759
604
045
863	8	[3 6]
593
017
314
097
271
223
361
323
976
469
617
687	8	[6 7]
006
460
917
480	8	[0 4]
025
582	8	[2 5]
439
850	8	[0 5]
471
171
481	8	[1 4]
575
627
158	8	[1 5]
906
888	8	[8 8]
396
676
642
872	8	[2 7]
279
784	8	[4 7]
788	8	[7 8]
354
244
425
788	8	[7 8]
503
444
275
170
475
238	8	[2 3]
193
077
871	8	[1 7]
924
937
835	8	[3 5]
449
052
340
820	8	[0 2]
397
189	8	[1 9]
668	8	[6 6]
947
449
278	8	[2 7]
054
235
215
970
027
168	8	[1 6]
855	8	[5 5]
582	8	[2 5]
972
163
518	8	[1 5]
872	8	[2 7]
146
612
534
311
291
422
689	8	[6 9]
638	8	[3 6]
752
288	8	[2 8]
427
972
546
534
094
512
981	8	[1 9]
793
586	8	[5 6]
646
014
778	8	[7 7]
457
124
956
205
382	8	[2 3]
427
595
068	8	[0 6]
943
453
794
699
837	8	[3 7]
033
341
652
497
503
518	8	[1 5]
940
101
714
869	8	[6 9]
873	8	[3 7]
286	8	[2 6]
384	8	[3 4]
490
886	8	[6 8]
641
376
886	8	[6 8]
436
582	8	[2 5]
619
159
106
774
218	8	[1 2]
611
746
227
307
824	8	[2 4]
318	8	[1 3]
376
026
217
826	8	[2 6]
125
825	8	[2 5]
007
573
554
016
148	8	[1 4]
960
437
340
341
171
601
127
976
517
661
615
955
962
892	8	[2 9]
811	8	[1 1]
164
149
648	8	[4 6]
918	8	[1 9]
715
234
617
956
299
866	8	[6 6]
217
568	8	[5 6]
430
955
292
374
359
694
924
131
920
484	8	[4 4]
109
302
530
658	8	[5 6]
873	8	[3 7]
801	8	[0 1]
620
069
022
100
266
256
686	8	[6 6]
971
898	8	[8 9]
132
711
634
174
013
227
247
408	8	[0 4]
991
463
899	8	[9 9]
412
763
452
219
916
950
065
932
455
787	8	[7 7]
264
659
135
037
610
377
549
058	8	[0 5]
717
273
052
703
075
232
186	8	[1 6]
628	8	[2 6]
344
938	8	[3 9]
708	8	[0 7]
449
860	8	[0 6]
931
178	8	[1 7]
071
296
697
383	8	[3 3]
768	8	[6 7]
989	8	[9 9]
243
164
033
756
872	8	[2 7]
402
739
372
150
397
617
177
474
338	8	[3 3]
131
386	8	[3 6]
493
176
208	8	[0 2]
682	8	[2 6]
304
588	8	[5 8]
604
996
469
510
076
387	8	[3 7]
755
895	8	[5 9]
914
325
545
278	8	[2 7]
119
903
408	8	[0 4]
231
593
627
890	8	[0 9]
010
533
446
734
067
126
874	8	[4 7]
594
055
989	8	[9 9]
618	8	[1 6]
789	8	[7 9]
246
761
928	8	[2 9]
310
574
924
100
859	8	[5 9]
726
848	8	[4 8]
988	8	[8 9]
837	8	[3 7]
840	8	[0 4]
118	8	[1 1]
048	8	[0 4]
129
193
664
194
697
695
669
954
161
125
908	8	[0 9]
784	8	[4 7]
728	8	[2 7]
933
895	8	[5 9]
477
199
764
760
497
764
382	8	[2 3]
352
227
216
958	8	[5 9]
425
879	8	[7 9]
134
441
473
556
164
534
957
863	8	[3 6]
743
397
888	8	[8 8]
735
499
089	8	[0 9]
355
618	8	[1 6]
001
193
913
228	8	[2 2]
091
483	8	[3 4]
951
671
482	8	[2 4]
035
190
545
348	8	[3 4]
537
189	8	[1 9]
520
199
311
704
338	8	[3 3]
498	8	[4 9]
059
060
391
435
792
975
190
620
260
470
858	8	[5 8]
865	8	[5 6]
660
554
736
721
901
467
023
452
008	8	[0 0]
982	8	[2 9]
521
007
986	8	[6 9]
010
384	8	[3 4]
971
137
706
350
343
758	8	[5 7]
129
645
695
160
104
827	8	[2 7]
696
444
429
427
288	8	[2 8]
990
289	8	[2 9]
820	8	[0 2]
321
457
670
635
453
674
913
422
561
111
507
399
171
537
336
796
627
902
283	8	[2 3]
087	8	[0 7]
187	8	[1 7]
245
816	8	[1 6]
624
430
160
852	8	[2 5]
021
836	8	[3 6]
661
190
730
840	8	[0 4]
831	8	[1 3]
924
803	8	[0 3]
270
542
660
393
667
565
202
226
329
568	8	[5 6]
841	8	[1 4]
056
308	8	[0 3]
661
542
133
425
475
090
439
603
040
408	8	[0 4]
369
401
251
270
983	8	[3 9]
397
833	8	[3 3]
650
466
276
047
163
542
825	8	[2 5]
724
075
038	8	[0 3]
157
676
941
141
999
985	8	[5 9]
798	8	[7 9]
181	8	[1 1]
358	8	[3 5]
728	8	[2 7]
926
529
170
917
854	8	[4 5]
317
498	8	[4 9]
292
276
698	8	[6 9]
659
841	8	[1 4]
487	8	[4 7]
131
003
277
656
899	8	[9 9]
165
733
608	8	[0 6]
889	8	[8 9]
872	8	[2 7]
669
650
456
547
699
218	8	[1 2]
789	8	[7 9]
732
456
787	8	[7 7]
722
437
592
316
745
345
547
297
905
327
680	8	[0 6]
990
818	8	[1 8]
496
629
701
539
978	8	[7 9]
662
635
938	8	[3 9]
396
542
563
517
297
281	8	[1 2]
517
085	8	[0 5]
210
073
957
360
523
719
476
448	8	[4 4]
734
728	8	[2 7]
919
089	8	[0 9]
474
525
444
560
745
537
756
352
292
646
399
057
170
393
335
543
276
037
124
042
879	8	[7 9]
167
747
558	8	[5 5]
412
441
655
006
983	8	[3 9]
918	8	[1 9]
925
006
590
195
068	8	[0 6]
243
987	8	[7 9]
042
116
599
481	8	[1 4]
322
108	8	[0 1]
009
523
937
156
598	8	[5 9]
483	8	[3 4]
321
242
319
649
174
258	8	[2 5]
621
532
441
587	8	[5 7]
083	8	[0 3]
179
549
353
583	8	[3 5]
410
771
567
036
125
391
971
014
859	8	[5 9]
596
471
391
496
954
707
406
605
681	8	[1 6]
830	8	[0 3]
707
174
855	8	[5 5]
682	8	[2 6]
400
894	8	[4 9]
896	8	[6 9]
091
292
590
895	8	[5 9]
617
317
236
984	8	[4 9]
826	8	[2 6]
613
734
103
273
713
238	8	[2 3]
678	8	[6 7]
218	8	[1 2]
451
141
157
017
283	8	[2 3]
684	8	[4 6]
676
857	8	[5 7]
732
059
099
928	8	[2 9]
578	8	[5 7]
736
455
387	8	[3 7]
380	8	[0 3]
519
262
923
427
255
442
458	8	[4 5]
096
376
017
246
045
481	8	[1 4]
384	8	[3 4]
205
658	8	[5 6]
199
708	8	[0 7]
459
979
019
931
942
995
237
481	8	[1 4]
018	8	[0 1]
474
204
347
700
119
836	8	[3 6]
508	8	[0 5]
225
775
740
374
148	8	[1 4]
979
008	8	[0 0]
276
887	8	[7 8]
507
745
501
622
776
474
898	8	[8 9]
016
048	8	[0 4]
116
277
987	8	[7 9]
661
444
205
524
902
777
346
721
003
438	8	[3 4]
632
680	8	[0 6]
477
665
450
428	8	[2 4]
554
485	8	[4 5]
069
038	8	[0 3]
397
697
367
707
326
207
648	8	[4 6]
272
141
780	8	[0 7]
399
526
375
636
166
589	8	[5 9]
740
106
733
189	8	[1 9]
313
845	8	[4 5]
274
760
691
409
091
590
075
886	8	[6 8]
734
320
641
523
744
609
068	8	[0 6]
399
584	8	[4 5]
912
216
888	8	[8 8]
145
536
017
848	8	[4 8]
927
362
305
085	8	[0 5]
420
279
334
177
625
235
762
372
290
305
455
215
641
276
285	8	[2 5]
243
024
348	8	[3 4]
565
423
860	8	[0 6]
693
346
532
353
307
176
723
299
876	8	[6 7]
991
978	8	[7 9]
157
878	8	[7 8]
558	8	[5 5]
554
424
615
481	8	[1 4]
423
425
948	8	[4 9]
533
474
339
177
056
578	8	[5 7]
380	8	[0 3]
441
404
789	8	[7 9]
216
582	8	[2 5]
503
797
327
340
647
230
600
174
727
169
206
071
904
529
062
604
770
497
626
653
867	8	[6 7]
750
803	8	[0 3]
804	8	[0 4]
539
550
705
325
229
444
481	8	[1 4]
023
990
308	8	[0 3]
771
869	8	[6 9]
990
117
479
025
911
771
595
135
852	8	[2 5]
680	8	[0 6]
935
076
038	8	[0 3]
396
842	8	[2 4]
617
798	8	[7 9]
075
093
584	8	[4 5]
481	8	[1 4]
292
431
707
290
251
626
985	8	[5 9]
780	8	[0 7]
825	8	[2 5]
510
110
121
035
716
230
479
592
289	8	[2 9]
609
980	8	[0 9]
199
502
773
560
540
303
933
983	8	[3 9]
297
132
208	8	[0 2]
409
004
478	8	[4 7]
130
058	8	[0 5]
995
521
310
648	8	[4 6]
468	8	[4 6]
920
609
749
773
125
754
538	8	[3 5]
459
334
894	8	[4 9]
396
340
092
360
393
514
176
236
077
366
686	8	[6 6]
883	8	[3 8]
156
132
259
220
171
018	8	[0 1]
499
506
100
239
284	8	[2 4]
161
674
813	8	[1 3]
260
176
314
499
529
008	8	[0 0]
203
032
266
522
482	8	[2 4]
176
921
479
632
083	8	[0 3]
043
959
498	8	[4 9]
537
746
885	8	[5 8]
389	8	[3 9]
058	8	[0 5]
663
956
791
037
234
598	8	[5 9]
181	8	[1 1]
349
844	8	[4 4]
640
231
176
783	8	[3 7]
852	8	[2 5]
204
871	8	[1 7]
054
959
323
619
378	8	[3 7]
483	8	[3 4]
783	8	[3 7]
917
535
115
182	8	[1 2]
376
501
280	8	[0 2]
482	8	[2 4]
630
448	8	[4 4]
247
023
009
053
125
470
717
254
986	8	[6 9]
706
961
686	8	[6 6]
160
451
235
272
820	8	[0 2]
885	8	[5 8]
111
916
893	8	[3 9]
246
913
030
133
145
915
923
957
065
150
680	8	[0 6]
148	8	[1 4]
248	8	[2 4]
140
862	8	[2 6]
435
078	8	[0 7]
568	8	[5 6]
019
848	8	[4 8]
059
256
166
244
852	8	[2 5]
687	8	[6 7]
173
274
944
747
058	8	[0 5]
583	8	[3 5]
404
578	8	[5 7]
133
005
282	8	[2 2]
087	8	[0 7]
651
731
845	8	[4 5]
473
190
522
468	8	[4 6]
949
452
533
741
369
850	8	[0 5]
412
264
337
161
897	8	[7 9]
915
531
328	8	[2 3]
241
987	8	[7 9]
434
132
091
332
675
742
182	8	[1 2]
759
945
228	8	[2 2]
432
676
869	8	[6 9]
483	8	[3 4]
412
135
380	8	[0 3]
518	8	[1 5]
536
783	8	[3 7]
710
959
632
837	8	[3 7]
372
214
689	8	[6 9]
011
937
581	8	[1 5]
033
778	8	[7 7]
900
352
437
833	8	[3 3]
886	8	[6 8]
311
723
831	8	[1 3]
158	8	[1 5]
625
422
412
102
607
068	8	[0 6]
975
664
492
970
587	8	[5 7]
554
369
488	8	[4 8]
072
191
601
162
614
354
310
736
119
880	8	[0 8]
663
061
500
537
020
434
284	8	[2 4]
929
642
954
879	8	[7 9]
800	8	[0 0]
658	8	[5 6]
776
480	8	[0 4]
772
374
525
332
241
129
929
817	8	[1 7]
646
747
646
186	8	[1 6]
375
697
077
911
473
352
155
135
588	8	[5 8]
580	8	[0 5]
486	8	[4 6]
869	8	[6 9]
504
450
355
473
233
466
049
162
762
585	8	[5 5]
537
253
805	8	[0 5]
886	8	[6 8]
792
336
305
081	8	[0 1]
596
918	8	[1 9]
768	8	[6 7]
930
627
129
149
705
765
048	8	[0 4]
008	8	[0 0]
984	8	[4 9]
777
320
513
533
917
490
363
002
961
417
178	8	[1 7]
454
910
703
358	8	[3 5]
264
084	8	[0 4]
597
975
386	8	[3 6]
800	8	[0 0]
586	8	[5 6]
433
334
169
927
782	8	[2 7]
413
559
934
651
356
535
372
083	8	[0 3]
208	8	[0 2]
862	8	[2 6]
098	8	[0 9]
989	8	[9 9]
231
445
503
976
523
645
048	8	[0 4]
771
623
396
706
355
811	8	[1 1]
982	8	[2 9]
964
975
683	8	[3 6]
867	8	[6 7]
914
716
928	8	[2 9]
745
882	8	[2 8]
053
860	8	[0 6]
825	8	[2 5]
136
983	8	[3 9]
308	8	[0 3]
250
091
921
388	8	[3 8]
493
056
383	8	[3 3]
640
896	8	[6 9]
019
912
050
214
189	8	[1 9]
447
512
318	8	[1 3]
615
882	8	[2 8]
889	8	[8 9]
684	8	[4 6]
667
448	8	[4 4]
323
486	8	[4 6]
900
657
849	8	[4 9]
890	8	[0 9]
170
135
111
160
113
055
463
659
388	8	[3 8]
860	8	[0 6]
410
798	8	[7 9]
973
529
523
925
644
709
396
507
669
703
394
956
027
997
465
786	8	[6 7]
027
040
372
963
256
799
231
990
734
113
254
387	8	[3 7]
346
626
844	8	[4 4]
108	8	[0 1]
035
461
610
757
573
009
696
896	8	[6 9]
571
186	8	[1 6]
588	8	[5 8]
426
164
625
193
049
585	8	[5 5]
626
514
374
177
691
374
366
990
015
192
573
200
590
071
967
006
383	8	[3 3]
881	8	[1 8]
441
013
831	8	[1 3]
367
769
593
517
119
482	8	[2 4]
447
788	8	[7 8]
621
541
058	8	[0 5]
841	8	[1 4]
481	8	[1 4]
817	8	[1 7]
030
037
242
995
758	8	[5 7]
586	8	[5 6]
369
511
527
932
925
517
615
234
796
368	8	[3 6]
482	8	[2 4]
263
864	8	[4 6]
733
400
014
094
867	8	[6 7]
186	8	[1 6]
082	8	[0 2]
448	8	[4 4]
039
875	8	[5 7]
356
856	8	[5 6]
835	8	[3 5]
724
686	8	[6 6]
933
173
181	8	[1 1]
543
386	8	[3 6]
707
250
367
765
965
199
765
616
849	8	[4 9]
136
586	8	[5 6]
797
998	8	[9 9]
562
479
523
905
423
973
346
185	8	[1 5]
166
352
377
489	8	[4 9]
146
728	8	[2 7]
022
204
156
548	8	[4 5]
376
318	8	[1 3]
834	8	[3 4]
249
258	8	[2 5]
098	8	[0 9]
888	8	[8 8]
363
444
693
318	8	[1 3]
260
705
390
029
376
975
142
172
921
811	8	[1 1]
871	8	[1 7]
223
171
123
289	8	[2 9]
758	8	[5 7]
853	8	[3 5]
687	8	[6 7]
058	8	[0 5]
482	8	[2 4]
646
392
077
114
663
608	8	[0 6]
434
132
514
166
952
921
946
080	8	[0 0]
253
215
916
095
638	8	[3 6]
332
881	8	[1 8]
234
488	8	[4 8]
892	8	[2 9]
265
972
860	8	[0 6]
787	8	[7 7]
220
091
219
672
455
187	8	[1 7]
294
469
121
807	8	[0 7]
788	8	[7 8]
470
097
547
171
706
763
761
742
640
275
975
041
199
048	8	[0 4]
931
221
772
965
039
607
359
560
830	8	[0 3]
811	8	[1 1]
086	8	[0 6]
416
564
528	8	[2 5]
608	8	[0 6]
024
169
939
322
437
735
222
127
715
291
242
479
720
553
115
626
074
588	8	[5 8]
783	8	[3 7]
302
009
987	8	[7 9]
724
633
356
583	8	[3 5]
655
161
516
525
220
102
590
262
539
047
143
069
322
146
450
643
382	8	[2 3]
967
309
533
730
179
472
239
449
171
628	8	[2 6]
688	8	[6 8]
230
508	8	[0 5]
197
540
527
542
775
509
786	8	[6 7]
569
226
879	8	[7 9]
341
680	8	[0 6]
811	8	[1 1]
897	8	[7 9]
698	8	[6 9]
877	8	[7 7]
433
261
979
396
111
548	8	[4 5]
382	8	[2 3]
532
203
292
526
770
749
438	8	[3 4]
519
510
577
024
641
268	8	[2 6]
033
569
475
607
646
242
833	8	[3 3]
570
812	8	[1 2]
858	8	[5 8]
680	8	[0 6]
438	8	[3 4]
071
984	8	[4 9]
941
231
113
949
866	8	[6 6]
274
061
122
432
209
465
414
861	8	[1 6]
337
257
126
595
241
235
185	8	[1 5]
972
208	8	[0 2]
814	8	[1 4]
681	8	[1 6]
713
955
091
552
935
324
499
519
109
075
665
575
958	8	[5 9]
175
636
666
876	8	[6 7]
262
634
756
659
197
817	8	[1 7]
045
265
119
204
054
997
841	8	[1 4]
977
740
847	8	[4 7]
185	8	[1 5]
805	8	[0 5]
903
163
847	8	[4 7]
536
697
411
742
611
414
952
383	8	[3 3]
160
780	8	[0 7]
539
422
962
888	8	[8 8]
959
371
846	8	[4 6]
140
492
653
504
851	8	[1 5]
956
397
022
391
976
860	8	[0 6]
864	8	[4 6]
541
154
144
507
192
847	8	[4 7]
756
272
044
472
407
779
125
609
185	8	[1 5]
958	8	[5 9]
265
591
722
807	8	[0 7]
353
589	8	[5 9]
272
051
438	8	[3 4]
421
637
118	8	[1 1]
557
057
670
199
209
229
782	8	[2 7]
825	8	[2 5]
855	8	[5 5]
899	8	[9 9]
710
001
904
809	8	[0 9]
503
538	8	[3 5]
220
737
427
562
019
089	8	[0 9]
630
244
071
117
824	8	[2 4]
383	8	[3 3]
389	8	[3 9]
964
970
368	8	[3 6]
794
307
466
892	8	[2 9]
482	8	[2 4]
853	8	[3 5]
264
967
549
904
362
475
388	8	[3 8]
287	8	[2 7]
186	8	[1 6]
800	8	[0 0]
795
506
797
921
681	8	[1 6]
844	8	[4 4]
147
621
833	8	[3 3]
475
557
908	8	[0 9]
739
037
479
311
731
366
612
571
430
210
328	8	[2 3]
283	8	[2 3]
658	8	[5 6]
204
578	8	[5 7]
671
720
405
858	8	[5 8]
680	8	[0 6]
241
162
379
403
787	8	[7 7]
594
462
415
456
368	8	[3 6]
114
152
121
956
984	8	[4 9]
853	8	[3 5]
777
594
310
105
538	8	[3 5]
553
491
199
804	8	[0 4]
779
104
775
121
492
171
004
509
195
760
271
882	8	[2 8]
052
845	8	[4 5]
871	8	[1 7]
679
575
541
392
252
602
569
707
634
952
904
924
018	8	[0 1]
342
022
983	8	[3 9]
486	8	[4 6]
978	8	[7 9]
864	8	[4 6]
599
414
329
584	8	[4 5]
890	8	[0 9]
022
940
411
207
377
639
744
435
363
268	8	[2 6]
272
651
053
781	8	[1 7]
078	8	[0 7]
967
961
490
162
770
179
965
218	8	[1 2]
925
251
795
741
330
510
053
584	8	[4 5]
367
804	8	[0 4]
470
629
268	8	[2 6]
958	8	[5 9]
238	8	[2 3]
464
923
241
845	8	[4 5]
386	8	[3 6]
625
677
919
836	8	[3 6]
096
312
330
549
766
160
473
328	8	[2 3]
926
841	8	[1 4]
730
959
564
047
886	8	[6 8]
752
027
085	8	[0 5]
620
737
529
170
869	8	[6 9]
996
807	8	[0 7]
818	8	[1 8]
386	8	[3 6]
619
468	8	[4 6]
926
402
453
134
790
640
790
052
632
820	8	[0 2]
525
403
126
150
139
601
513
368	8	[3 6]
059
253
887	8	[7 8]
907
460
692
535
001
811	8	[1 1]
835	8	[3 5]
648	8	[4 6]
387	8	[3 7]
827	8	[2 7]
204
113
945
368	8	[3 6]
504
678	8	[6 7]
133
054
042
567
977
246
737
413
184	8	[1 4]
827	8	[2 7]
794
301
339
263
323
232
811	8	[1 1]
871	8	[1 7]
753
506
760
628	8	[2 6]
250
819	8	[1 9]
548	8	[4 5]
976
516
411
430
541
594
559
170
888	8	[8 8]
740
776
918	8	[1 9]
097
987	8	[7 9]
681	8	[1 6]
720
138	8	[1 3]
006
659
417
183	8	[1 3]
033
363
880	8	[0 8]
765
410
573
527
396
048	8	[0 4]
127
626
237
864	8	[4 6]
678	8	[6 7]
402
831	8	[1 3]
967
389	8	[3 9]
611
661
032
892	8	[2 9]
551
066
139
415
246
422
934
323
288	8	[2 8]
204
124
624
306
478	8	[4 7]
869	8	[6 9]
237
254
231
589	8	[5 9]
713
993
339
254
520
886	8	[6 8]
905
453
462
011
408	8	[0 4]
754
495
470
534
896	8	[6 9]
696
001
565
468	8	[4 6]
101
760
947
337
640
201
152
732
353
833	8	[3 3]
162
800	8	[0 0]
606
266
627
380	8	[0 3]
992
458	8	[4 5]
023
491
028	8	[0 2]
317
287	8	[2 7]
198	8	[1 9]
872	8	[2 7]
835	8	[3 5]
460
648	8	[4 6]
602
015
162
421
421
444
623
638	8	[3 6]
731
965
740
825	8	[2 5]
824	8	[2 4]
408	8	[0 4]
947
156
752
169
666
952
294
397
170
739
336
163
505
023
114
810	8	[0 1]
876	8	[6 7]
385	8	[3 5]
440
943
036
976
783	8	[3 7]
816	8	[1 6]
616
546
660
611
682	8	[2 6]
939
783	8	[3 7]
680	8	[0 6]
682	8	[2 6]
937
017
318	8	[1 3]
849	8	[4 9]
526
102
725
497
700
220
396
749
653
923
825	8	[2 5]
787	8	[7 7]
657
163
043
331
663
374
421
583	8	[3 5]
970
184	8	[1 4]
073
499
902
410
425
425
446
156
887	8	[7 8]
351
439
280	8	[0 2]
536
184	8	[1 4]
224
176
426
088	8	[0 8]
631
012
083	8	[0 3]
721
223
287	8	[2 7]
379
356
597
661
264
998	8	[9 9]
507
971
371
748	8	[4 7]
987	8	[7 9]
839	8	[3 9]
709
518	8	[1 5]
352
809	8	[0 9]
364
637
088	8	[0 8]
279
278	8	[2 7]
286	8	[2 6]
895	8	[5 9]
241
022
287	8	[2 7]
839	8	[3 9]
419
211
474
025
814	8	[1 4]
167
845	8	[4 5]
651
751
315
595
124
228	8	[2 2]
359
639
416
013
133
714
773
788	8	[7 8]
153
426
833	8	[3 3]
350
749
868	8	[6 8]
346
277
995
542
782	8	[2 7]
216
045
582	8	[2 5]
670
260
534
217
426
535
975
955
933
462
817	8	[1 7]
064
933
976
156
077
148	8	[1 4]
433
980	8	[0 9]
058	8	[0 5]
964
440
812	8	[1 2]
176
665
272
552
886	8	[6 8]
601
760
997
414
988	8	[8 9]
056
223
803	8	[0 3]
211
838	8	[3 8]
386	8	[3 6]
004
940
773
522
960
554
878	8	[7 8]
268	8	[2 6]
228	8	[2 2]
213
046
860	8	[0 6]
033
926
910
896	8	[6 9]
957
346
832	8	[2 3]
591
786	8	[6 7]
884	8	[4 8]
455
050
333
777
987	8	[7 9]
613
679
688	8	[6 8]
191
186	8	[1 6]
546
833	8	[3 3]
708	8	[0 7]
302
830	8	[0 3]
143
037
090
142
158	8	[1 5]
025
825	8	[2 5]
998	8	[9 9]
230
668	8	[6 6]
817	8	[1 7]
568	8	[5 6]
991
739
526
032
871	8	[1 7]
675
612
741
591
414
794
269
877	8	[7 7]
715
389	8	[3 9]
225
193
249
660
754
436
272
714
771
148	8	[1 4]
361
654
660
825	8	[2 5]
957
819	8	[1 9]
755
303
357
839	8	[3 9]
689	8	[6 9]
762
913
354
546
985	8	[5 9]
824	8	[2 4]
948	8	[4 9]
132
713
549
959
719
296
975
257
198	8	[1 9]
651
195
221
704
596
651
754
637
367
163
173
217
784	8	[4 7]
470
531
573
557
723
461
790
013
805	8	[0 5]
839	8	[3 9]
443
036
850	8	[0 5]
157
858	8	[5 8]
696
972
041
307
170
129
466
001
419
372
560
548	8	[4 5]
362
341
199
155
230
357
813	8	[1 3]
423
697
119
238	8	[2 3]
652
214
661
405
943
898	8	[8 9]
532
097
637
344
681	8	[1 6]
777
287	8	[2 7]
129
615
047
616
058	8	[0 5]
076
302
063
376
435
691
778	8	[7 7]
278	8	[2 7]
094
992
955
044
020
847	8	[4 7]
479
762
121
063
332
271
158	8	[1 5]
644
014
738	8	[3 7]
829	8	[2 9]
684	8	[4 6]
876	8	[6 7]
159
886	8	[6 8]
688	8	[6 8]
011
259
115
740
525
838	8	[3 8]
132
856	8	[5 6]
778	8	[7 7]
201
169
409
915
481	8	[1 4]
415
299
619
989	8	[9 9]
361
915
285	8	[2 5]
187	8	[1 7]
227
784	8	[4 7]
884	8	[4 8]
950
603
585	8	[5 5]
688	8	[6 8]
035
221
301
272
108	8	[0 1]
253
245
666
975
724
704
766
834	8	[3 4]
019
628	8	[2 6]
364
935
154
426
367
411
877	8	[7 7]
793
211
941
594
827	8	[2 7]
296
818	8	[1 8]
270
385	8	[3 5]
779
989	8	[9 9]
436
280	8	[0 2]
628	8	[2 6]
213
320
382	8	[2 3]
397
671
500
300
804	8	[0 4]
048	8	[0 4]
834	8	[3 4]
431
572
384	8	[3 4]
345
900
793
719
040
143
773
582	8	[2 5]
422
341
747
617
350
618	8	[1 6]
787	8	[7 7]
388	8	[3 8]
735
751
833	8	[3 3]
465
689	8	[6 9]
481	8	[1 4]
244
310
009
347
906
138	8	[1 3]
028	8	[0 2]
026
369
976
569
669
503
384	8	[3 4]
941
604
615
514
338	8	[3 3]
045
769
685	8	[5 6]
152
107
598	8	[5 9]
262
219
155
480	8	[0 4]
620
208	8	[0 2]
867	8	[6 7]
402
440
080	8	[0 0]
257
797
516
088	8	[0 8]
454
108	8	[0 1]
541
561
525
765
034
611
283	8	[2 3]
376
723
302
177
510
069
623
204
458	8	[4 5]
940
693
358	8	[3 5]
973
945
486	8	[4 6]
707
330
035
878	8	[7 8]
066
147
302
518	8	[1 5]
568	8	[5 6]
463
657
208	8	[0 2]
137
109
394
669
569
722
044
282	8	[2 2]
976
694
178	8	[1 7]
302
292
898	8	[8 9]
131
913
059
471
468	8	[4 6]
318	8	[1 3]
837	8	[3 7]
544
246
786	8	[6 7]
657
944
901
129
032
315
090
212
119
972
608	8	[0 6]
807	8	[0 7]
047
826	8	[2 6]
307
955
035
301
790
474
124
021
271
688	8	[6 8]
317
303
566
331
908	8	[0 9]
561
963
078	8	[0 7]
726
002
757
933
916
700
554
636
187	8	[1 7]
258	8	[2 5]
378	8	[3 7]
944
498	8	[4 9]
291
519
478	8	[4 7]
414
150
474
131
361
150
146
716
750
982	8	[2 9]
063
093
471
318	8	[1 3]
923
513
918	8	[1 9]
359
655
057
652
299
402
975
229
573
630
016
381	8	[1 3]
167
549
072
917
771
726
159
643
877	8	[7 7]
031
115
170
553
536
492
674
243
928	8	[2 9]
466
763
920
982	8	[2 9]
188	8	[1 8]
564
244
474
373
376
272
186	8	[1 6]
268	8	[2 6]
040
679
767
999
750
910
594
420
472
439
606
278	8	[2 7]
164
057
320
810	8	[0 1]
449
414
676
544
591
175
730
654
420
047
691
480	8	[0 4]
971
465
789	8	[7 9]
916
675
300
989	8	[9 9]
957
106
969
373
223
331
026
488	8	[4 8]
756
324
461
095
121
703
468	8	[4 6]
746
598	8	[5 9]
397
667
098	8	[0 9]
071
802	8	[0 2]
794
372
163
960
588	8	[5 8]
877	8	[7 7]
169
026
570
057
619
068	8	[0 6]
080	8	[0 0]
702
552
820	8	[0 2]
387	8	[3 7]
551
252
237
744
443
275
682	8	[2 6]
571
069
151
661
491
000
706
898	8	[8 9]
235
201
260
367
696
798	8	[7 9]
481	8	[1 4]
853	8	[3 5]
127
392
722
805	8	[0 5]
264
324
915
139
170
335
313
480	8	[0 4]
497
580	8	[0 5]
711
860	8	[0 6]
972
631
986	8	[6 9]
944
478	8	[4 7]
447
825	8	[2 5]
871	8	[1 7]
664
518	8	[1 5]
171
679
995
159
214
923
511
338	8	[3 3]
008	8	[0 0]
884	8	[4 8]
933
469
637
001
838	8	[3 8]
459
133
733
235
175
160
495
748	8	[4 7]
563
713
519
859	8	[5 9]
947
130
359
384	8	[3 4]
849	8	[4 9]
111
639
062
369
191
124
908	8	[0 9]
583	8	[3 5]
646
183	8	[1 3]
825	8	[2 5]
956
862	8	[2 6]
734
213
397
042
372
446
910
971
859	8	[5 9]
584	8	[4 5]
823	8	[2 3]
986	8	[6 9]
657
798	8	[7 9]
636
305
845	8	[4 5]
939
886	8	[6 8]
936
426
307
684	8	[4 6]
543
194
001
480	8	[0 4]
215
743
445
132
618	8	[1 6]
394
626
507
074
318	8	[1 3]
711
051
601
879	8	[7 9]
860	8	[0 6]
155
106
980	8	[0 9]
046
847	8	[4 7]
217
379
038	8	[0 3]
867	8	[6 7]
096
160
874	8	[4 7]
257
079
936
609
272
676
654
255
099
528	8	[2 5]
199
580	8	[0 5]
283	8	[2 3]
124
463
047
853	8	[3 5]
856	8	[5 6]
750
989	8	[9 9]
173
889	8	[8 9]
654
296
721
969
717
197
582	8	[2 5]
418	8	[1 4]
138	8	[1 3]
204
187	8	[1 7]
657
757
761
745
845	8	[4 5]
708	8	[0 7]
875	8	[5 7]
035
977
737
879	8	[7 9]
160
221
204
449
282	8	[2 2]
137
211
731
802	8	[0 2]
871	8	[1 7]
276
709
389	8	[3 9]
775
699
273
824	8	[2 4]
440
676
389	8	[3 9]
021
343
706
200
366
264
407
925
949
434
182	8	[1 2]
709
426
043
862	8	[2 6]
103
697
386	8	[3 6]
126
427
031
224
986	8	[6 9]
638	8	[3 6]
108	8	[0 1]
776
249
314
448	8	[4 4]
615
519
389	8	[3 9]
826	8	[2 6]
852	8	[2 5]
113
425
520
996
157
786	8	[6 7]
414
944
176
538	8	[3 5]
711
982	8	[2 9]
837	8	[3 7]
690
657
864	8	[4 6]
098	8	[0 9]
061
041
969
925
247
941
492
050
744
475
806	8	[0 6]
525
737
563
332
658	8	[5 6]
076
948	8	[4 9]
317
658	8	[5 6]
248	8	[2 4]
458	8	[4 5]
060
603
672
529
584	8	[4 5]
487	8	[4 7]
255
063
749
993
354
048	8	[0 4]
616
282	8	[2 2]
885	8	[5 8]
057
968	8	[6 9]
481	8	[1 4]
191
905
756
437
025
245
822	8	[2 2]
009
915
684	8	[4 6]
699
587	8	[5 7]
032
064
975
292
399
047
051
251
229
389	8	[3 9]
943
542
405
510
185	8	[1 5]
861	8	[1 6]
415
097
952
447
078	8	[0 7]
433
325
184	8	[1 4]
608	8	[0 6]
552
873	8	[3 7]
744
463
912
835	8	[3 5]
757
345
357
288	8	[2 8]
066
860	8	[0 6]
235
662
066
514
705
245
816	8	[1 6]
658	8	[5 6]
012
875	8	[5 7]
178	8	[1 7]
429
049
845	8	[4 5]
324
547
847	8	[4 7]
953
099
523
678	8	[6 7]
724
103
497
193
560
562
785	8	[5 7]
886	8	[6 8]
283	8	[2 3]
334
545
932
226
106
800	8	[0 0]
443
481	8	[1 4]
314
987	8	[7 9]
650
312
767
974
193
226
082	8	[0 2]
564
810	8	[0 1]
964
847	8	[4 7]
898	8	[8 9]
452
607
346
866	8	[6 6]
256
147
039
418	8	[1 4]
755
306
714
407
011
297
452
684	8	[4 6]
429
558	8	[5 5]
378	8	[3 7]
818	8	[1 8]
419
798	8	[7 9]
676
189	8	[1 9]
346
616
591
678	8	[6 7]
203
034
248	8	[2 4]
023
142
131
192
281	8	[1 2]
428	8	[2 4]
720
326
220
744
113
209
812	8	[1 2]
568	8	[5 6]
328	8	[2 3]
200
704
763
847	8	[4 7]
368	8	[3 6]
130
271
837	8	[3 7]
618	8	[1 6]
598	8	[5 9]
611
267
325
665
091
303
807	8	[0 7]
420
607
023
411
021
006
597
471
218	8	[1 2]
528	8	[2 5]
286	8	[2 6]
595
889	8	[8 9]
959
586	8	[5 6]
055
865	8	[5 6]
322
464
780	8	[0 7]
943
104
780	8	[0 7]
863	8	[3 6]
206
356
998	8	[9 9]
856	8	[5 6]
291
106
322
477
358	8	[3 5]
932
699
850	8	[0 5]
794
130
153
459
918	8	[1 9]
062
603
925
134
538	8	[3 5]
608	8	[0 6]
451
157
607
923
489	8	[4 9]
989	8	[9 9]
715
182	8	[1 2]
320
460
230
557
441
052
209
944
791
418	8	[1 4]
062
969
989	8	[9 9]
453
791
269
615
605
284	8	[2 4]
586	8	[5 6]
104
103
486	8	[4 6]
014
153
077
818	8	[1 8]
107
774
169
081	8	[0 1]
720
513
389	8	[3 9]
613
363
624
277
860	8	[0 6]
994
330
481	8	[1 4]
380	8	[0 3]
826	8	[2 6]
752
030
649
433
638	8	[3 6]
261
213
471
858	8	[5 8]
778	8	[7 7]
644
081	8	[0 1]
835	8	[3 5]
119
947
055
893	8	[3 9]
769
218	8	[1 2]
161
921
651
982	8	[2 9]
432
858	8	[5 8]
138	8	[1 3]
723
808	8	[0 8]
205
207
884	8	[4 8]
973
325
143
398	8	[3 9]
672
698	8	[6 9]
232
256
924
039
270
971
623
264
615
480	8	[0 4]
108	8	[0 1]
666
768	8	[6 7]
245
703
368	8	[3 6]
677
482	8	[2 4]
386	8	[3 6]
225
221
312
352
433
743
623
606
943
444
675
187	8	[1 7]
830	8	[0 3]
662
654
588	8	[5 8]
558	8	[5 5]
249
966
115
776
496
183	8	[1 3]
508	8	[0 5]
309
791
475
511
396
099
708	8	[0 7]
590
498	8	[4 9]
980	8	[0 9]
941
528	8	[2 5]
936
954
832	8	[2 3]
230
968	8	[6 9]
793
868	8	[6 8]
369
807	8	[0 7]
294
049
944
998	8	[9 9]
690
133
956
959
530
314
842	8	[2 4]
317
421
037
715
128	8	[1 2]
933
119
550
096
260
232
941
553
606
876	8	[6 7]
891	8	[1 9]
864	8	[4 6]
889	8	[8 9]
070
420
225
880	8	[0 8]
936
958	8	[5 9]
714
010
919
333
885	8	[5 8]
074
171
343
184	8	[1 4]
244
627
742
134
324
710
913
352
455
532
804	8	[0 4]
928	8	[2 9]
506
910
492
116
222
873	8	[3 7]
860	8	[0 6]
546
067
553
233
496
312
082	8	[0 2]
781	8	[1 7]
266
713
865	8	[5 6]
927
504
657
083	8	[0 3]
716
610
631
771
399
659
263
948	8	[4 9]
480	8	[0 4]
639
220
364
916
230
421
483	8	[3 4]
611
177
313
769
605
738	8	[3 7]
668	8	[6 6]
647
429
489	8	[4 9]
086	8	[0 6]
053
116
707
148	8	[1 4]
100
101
833	8	[3 3]
096
475
502
802	8	[0 2]
291
816	8	[1 6]
998	8	[9 9]
113
450
580	8	[0 5]
419
425
257
249
701
736
075
664
759
693
223
128	8	[1 2]
004
748	8	[4 7]
524
778	8	[7 7]
532
313
111
392
996
037
865	8	[5 6]
462
338	8	[3 3]
526
360
040
666
116
881	8	[1 8]
116
804	8	[0 4]
279
150
615
565
083	8	[0 3]
417
212
790
039
895	8	[5 9]
642
342
252
612
716
273
825	8	[2 5]
077
789	8	[7 9]
611
507
168	8	[1 6]
708	8	[0 7]
703
863	8	[3 6]
144
013
320
957
861	8	[1 6]
999
159
404
742
958	8	[5 9]
063
528	8	[2 5]
753
479
619
254
150
091
200
288	8	[2 8]
703
046
478	8	[4 7]
541
108	8	[0 1]
143
361
636
972
890	8	[0 9]
590
376
654
656
817	8	[1 7]
933
303
730
821	8	[1 2]
442
540
735
814	8	[1 4]
563
605
074
232
371
691
439
530
745
845	8	[4 5]
699
792
111
635
246
173
574
321
800	8	[0 0]
271
126
111
184	8	[1 4]
151
019
262
308	8	[0 3]
889	8	[8 9]
360
662
597
181	8	[1 1]
573
360
521
449
716
884	8	[4 8]
203
221
401
051
953
161
290
367
187	8	[1 7]
072
655
197
309
553
580	8	[0 5]
384	8	[3 4]
634
197
206
753
914
064
918	8	[1 9]
435
671
302
850	8	[0 5]
486	8	[4 6]
348	8	[3 4]
075
526
445
760
777
395
542
276
629
529
118	8	[1 1]
409
288	8	[2 8]
372
565
261
789	8	[7 9]
320
367
975
301
593
106
043
120
816	8	[1 6]
962
967
571
704
710
008	8	[0 0]
004
286	8	[2 6]
556
581	8	[1 5]
674
203
200
527
541
883	8	[3 8]
679
441
931
905
327
691
104
621
324
039
971
027
301
797
476
307
033
867	8	[6 7]
768	8	[6 7]
550
205
023
344
729
739
212
390
350
200
511
741
222
941
841	8	[1 4]
823	8	[2 3]
301
151
805	8	[0 5]
908	8	[0 9]
755
067
905
720
211
534
241
539
150
079
811	8	[1 1]
658	8	[5 6]
753
595
613
883	8	[3 8]
174
954
751
414
961
381	8	[1 3]
393
710
608	8	[0 6]
985	8	[5 9]
211
392
555
255
315
950
431
230
067
842	8	[2 4]
438	8	[3 4]
976
217
668	8	[6 6]
988	8	[8 9]
202
688	8	[6 8]
428	8	[2 4]
014
508	8	[0 5]
589	8	[5 9]
518	8	[1 5]
282	8	[2 2]
374
928	8	[2 9]
761
676
873	8	[3 7]
559
374
616
173
224
993
125
627
786	8	[6 7]
536
832	8	[2 3]
994
026
657
606
814	8	[1 4]
327
492
668	8	[6 6]
252
735
303
809	8	[0 9]
750
200
022
219
466
643
709
590
783	8	[3 7]
951
684	8	[4 6]
304
968	8	[6 9]
058	8	[0 5]
426
148	8	[1 4]
847	8	[4 7]
500
928	8	[2 9]
878	8	[7 8]
384	8	[3 4]
462
244
726
472
317
756
635
273
918	8	[1 9]
836	8	[3 6]
983	8	[3 9]
399
079
674
581	8	[1 5]
063
784	8	[4 7]
620
530
612
707
354
169
362
738	8	[3 7]
415
246
246
923
787	8	[7 7]
939
983	8	[3 9]
957
903
870	8	[0 7]
710
068	8	[0 6]
673
076
889	8	[8 9]
315
349
101
774
183	8	[1 3]
229
630
581	8	[1 5]
964
322
588	8	[5 8]
738	8	[3 7]
399
331
172
549
222
750
197
144
723
653
558	8	[5 5]
624
034
385	8	[3 5]
805	8	[0 5]
422
726
748	8	[4 7]
551
976
251
956
975
183	8	[1 3]
994
408	8	[0 4]
782	8	[2 7]
117
598	8	[5 9]
154
514
538	8	[3 5]
898	8	[8 9]
501
381	8	[1 3]
997
081	8	[0 1]
999
040
458	8	[4 5]
896	8	[6 9]
543
371
034
452
014
993
193
481	8	[1 4]
636
065
441
526
831	8	[1 3]
623
659
073
858	8	[5 8]
385	8	[3 5]
193
953
604
937
972
223
191
448	8	[4 4]
106
925
013
229
921
968	8	[6 9]
164
203
549
345
351
016
232
885	8	[5 8]
691
824	8	[2 4]
346
976
073
717
470
685	8	[5 6]
636
683	8	[3 6]
927
437
510
248	8	[2 4]
326
528	8	[2 5]
729
070
729
487	8	[4 7]
344
062
181	8	[1 1]
343
619
824	8	[2 4]
182	8	[1 2]
518	8	[1 5]
331
138	8	[1 3]
342
617
325
243
587	8	[5 7]
526
663
755
486	8	[4 6]
178	8	[1 7]
086	8	[0 6]
761
075
037
706
503
198	8	[1 9]
407
713
773
552
003
950
910
773
309
868	8	[6 8]
375
247
686	8	[6 6]
383	8	[3 3]
169
800	8	[0 0]
128	8	[1 2]
675
540
138	8	[1 3]
074
283	8	[2 3]
627
815	8	[1 5]
989	8	[9 9]
344
185	8	[1 5]
078	8	[0 7]
229
800	8	[0 0]
849	8	[4 9]
151
983	8	[3 9]
638	8	[3 6]
014
865	8	[5 6]
285	8	[2 5]
975
552
791
261
883	8	[3 8]
866	8	[6 6]
160
726
433
165
870	8	[0 7]
205
778	8	[7 7]
601
500
110
417
981	8	[1 9]
923
779
063
091
043
011
795
823	8	[2 3]
163
005
869	8	[6 9]
763
525
270
818	8	[1 8]
109
618	8	[1 6]
453
835	8	[3 5]
374
363
980	8	[0 9]
919
020
034
500
452
270
150
428	8	[2 4]
894	8	[4 9]
098	8	[0 9]
178	8	[1 7]
732
918	8	[1 9]
542
352
878	8	[7 8]
863	8	[3 6]
758	8	[5 7]
666
357
661
585	8	[5 5]
322
419
224
377
628	8	[2 6]
575
863	8	[3 6]
373
509
755
458	8	[4 5]
282	8	[2 2]
393
978	8	[7 9]
292
123
610
573
880	8	[0 8]
529
589	8	[5 9]
536
332
322
879	8	[7 9]
367
561
712
297
519
602
878	8	[7 8]
250
869	8	[6 9]
822	8	[2 2]
304
368	8	[3 6]
285	8	[2 5]
330
515
491
476
278	8	[2 7]
996
862	8	[2 6]
225
595
057
104
680	8	[0 6]
294
192
461
752
961
092
502
018	8	[0 1]
353
074
880	8	[0 8]
818	8	[1 8]
505
859	8	[5 9]
137
952
396
483	8	[3 4]
106
005
871	8	[1 7]
689	8	[6 9]
283	8	[2 3]
064
727
361
084	8	[0 4]
349
134
882	8	[2 8]
702
981	8	[1 9]
713
669
654
634
293
878	8	[7 8]
772
039
930
636
752
590
270
484	8	[4 4]
773
892	8	[2 9]
822	8	[2 2]
664
932
869	8	[6 9]
844	8	[4 4]
651
601
407
563
628	8	[2 6]
860	8	[0 6]
231
291
231
960
410
657
947
110
304
145
142
664
315
471
018	8	[0 1]
562
994
362
342
866	8	[6 6]
875	8	[5 7]
357
048	8	[0 4]
706
197
545
945
718	8	[1 7]
205
176
603
302
466
015
001
978	8	[7 9]
585	8	[5 5]
300
919
887	8	[7 8]
216
632
920
253
880	8	[0 8]
325
363
910
191
558	8	[5 5]
997
786	8	[6 7]
593
866	8	[6 6]
541
210
277
802	8	[0 2]
828	8	[2 8]
330
105
647
953
651
766
685	8	[5 6]
131
362
504
533
464
171
279
043
664
138	8	[1 3]
516
471
424
143
652
997
005
357
749
550
117
819	8	[1 9]
847	8	[4 7]
553
715
588	8	[5 8]
297
555
650
368	8	[3 6]
715
597
661
255
225
008	8	[0 0]
326
924
086	8	[0 6]
691
984	8	[4 9]
886	8	[6 8]
581	8	[1 5]
838	8	[3 8]
656
556
984	8	[4 9]
222
288	8	[2 8]
579
188	8	[1 8]
242
220
772
161
683	8	[3 6]
086	8	[0 6]
426
207
723
725
333
824	8	[2 4]
442
196
380	8	[0 3]
524
173
047
249
542
737
983	8	[3 9]
391
401
708	8	[0 7]
782	8	[2 7]
290
275
443
100
137
482	8	[2 4]
221
484	8	[4 4]
972
243
118	8	[1 1]
094
208	8	[0 2]
502
961
308	8	[0 3]
551
018	8	[0 1]
124
902
166
977
158	8	[1 5]
693
625
649
328	8	[2 3]
066
602
184	8	[1 4]
787	8	[7 7]
601
789	8	[7 9]
860	8	[0 6]
396
943
155
771
856	8	[5 6]
569
168	8	[1 6]
063
278	8	[2 7]
269
869	8	[6 9]
942
907
677
278	8	[2 7]
809	8	[0 9]
816	8	[1 6]
270
914
039
211
021
645
188	8	[1 8]
035
104
217
847	8	[4 7]
874	8	[4 7]
459
925
638	8	[3 6]
989	8	[9 9]
119
973
915
353
398	8	[3 9]
986	8	[6 9]
196
569
610
708	8	[0 7]
530
880	8	[0 8]
350
760
133
954
028	8	[0 2]
127
107
300
737
240
140
533
369
598	8	[5 9]
327
101
684	8	[4 6]
913
822	8	[2 2]
623
709
647
511
678	8	[6 7]
312
498	8	[4 9]
802	8	[0 2]
841	8	[1 4]
605
350
481	8	[1 4]
389	8	[3 9]
766
416
883	8	[3 8]
335
195
890	8	[0 9]
903
771
641
556
033
290
466
971
596
202
459
961
855	8	[5 5]
086	8	[0 6]
508	8	[0 5]
075
708	8	[0 7]
527
075
371
345
125
669
221
671
960
049
154
715
648	8	[4 6]
372
720
908	8	[0 9]
405
704
702
808	8	[0 8]
541
737
461
226
111
614
114
479
855	8	[5 5]
270
291
942
553
839	8	[3 9]
651
807	8	[0 7]
304
886	8	[6 8]
930
188	8	[1 8]
776
621
629
671
188	8	[1 8]
790
315
773
172
736
975
804	8	[0 4]
279
847	8	[4 7]
596
993
031
960
350
018	8	[0 1]
547
388	8	[3 8]
378	8	[3 7]
769
823	8	[2 3]
888	8	[8 8]
580	8	[0 5]
116
215
299
547
193
020
174
250
284	8	[2 4]
012
138	8	[1 3]
162
807	8	[0 7]
151
197
231
468	8	[4 6]
718	8	[1 7]
224
034
185	8	[1 5]
496
339
542
589	8	[5 9]
558	8	[5 5]
338	8	[3 3]
876	8	[6 7]
433
346
775
144
665
111
473
048	8	[0 4]
266
813	8	[1 3]
212
446
699
618	8	[1 6]
811	8	[1 1]
393
178	8	[1 7]
091
910
961
216
157
191
631
207
113
466
755
853	8	[3 5]
966
815	8	[1 5]
910
134
631
112
054
484	8	[4 4]
219
646
135
885	8	[5 8]
374
605
093
583	8	[3 5]
403
946
276
588	8	[5 8]
014
577
282	8	[2 2]
068	8	[0 6]
705
311
134
246
156
002
225
039
118	8	[1 1]
023
494
918	8	[1 9]
440
780	8	[0 7]
532
762
123
144
740
492
846	8	[4 6]
876	8	[6 7]
826	8	[2 6]
844	8	[4 4]
830	8	[0 3]
064
805	8	[0 5]
910
397
374
745
661
204
392
204
715
094
028	8	[0 2]
482	8	[2 4]
809	8	[0 9]
707
323
282	8	[2 2]
818	8	[1 8]
287	8	[2 7]
139
254
884	8	[4 8]
149
625
275
676
949
628	8	[2 6]
819	8	[1 9]
362
843	8	[3 4]
548	8	[4 5]
152
840	8	[0 4]
324
647
659
765
222
489	8	[4 9]
375
929
747
321
613
774
606
556
960
396
201
833	8	[3 3]
363
214
776
786	8	[6 7]
163
827	8	[2 7]
614
023
684	8	[4 6]
662
238	8	[2 3]
186	8	[1 6]
652
096
760
740
235
451
682	8	[2 6]
375
532
287	8	[2 7]
044
289	8	[2 9]
111
210
561
390
780	8	[0 7]
499
257
374
120
270
437
820	8	[0 2]
214
732
645
059
569
601
510
519
325
881	8	[1 8]
724
197
564
950
641
957
044
251
715
203
525
709
320
807	8	[0 7]
814	8	[1 4]
511
796
940
753
234
724
524
833	8	[3 3]
509
128	8	[1 2]
698	8	[6 9]
204
090
772
241
949
854	8	[4 5]
915
715
910
314
488	8	[4 8]
605
154
677
429
885	8	[5 8]
471
847	8	[4 7]
212
219
348	8	[3 4]
505
832	8	[2 3]
904
896	8	[6 9]
751
633
606
165
190
523
166
667
616
014
988	8	[8 9]
502
918	8	[1 9]
153
676
217
252
084	8	[0 4]
569
827	8	[2 7]
240
280	8	[0 2]
905
098	8	[0 9]
341
552
657
023
966
738	8	[3 7]
008	8	[0 0]
615
993
871	8	[1 7]
952
816	8	[1 6]
536
626
834	8	[3 4]
830	8	[0 3]
809	8	[0 9]
862	8	[2 6]
502
989	8	[9 9]
251
051
025
205
992
492
294
097
613
008	8	[0 0]
894	8	[4 9]
635
808	8	[0 8]
419
512
081	8	[0 1]
111
098	8	[0 9]
793
408	8	[0 4]
225
597
501
745
618	8	[1 6]
771
469
935
032
652
060
805	8	[0 5]
547
103
386	8	[3 6]
752
266
891	8	[1 9]
801	8	[0 1]
734
754
474
888	8	[8 8]
360
138	8	[1 3]
882	8	[2 8]
076
072
477
669
233
580	8	[0 5]
669
721
559
226
081	8	[0 1]
900
206
421
902
932
218	8	[1 2]
783	8	[3 7]
907
873	8	[3 7]
910
413
523
141
564
133
783	8	[3 7]
011
687	8	[6 7]
189	8	[1 9]
622
566
862	8	[2 6]
428	8	[2 4]
309
201
322
925
085	8	[0 5]
178	8	[1 7]
857	8	[5 7]
461
495
219
593
129
009
454
271
544
099
220
032
086	8	[0 6]
208	8	[0 2]
341
377
666
997
341
067
914
631
623
803	8	[0 3]
095
509
898	8	[8 9]
082	8	[0 2]
581	8	[1 5]
348	8	[3 4]
734
472
797
817	8	[1 7]
454
353
636
169
068	8	[0 6]
012
966
673
082	8	[0 2]
579
883	8	[3 8]
180	8	[0 1]
001
613
940
511
149
020
651
592
164
769
868	8	[6 8]
437
936
759
094
777
031
696
386	8	[3 6]
507
705
910
941
105
614
022
376
539
434
894	8	[4 9]
873	8	[3 7]
272
079
587	8	[5 7]
157
420
845	8	[4 5]
987	8	[7 9]
063
799
487	8	[4 7]
594
709
314
297
402
245
747
717
944
529
025
613
634
455
914
283	8	[2 3]
460
221
272
215
376
282	8	[2 2]
089	8	[0 9]
292
915
526
110
727
833	8	[3 3]
201
021
555
828	8	[2 8]
449
231
533
279
377
251
823	8	[2 3]
062
630
611
059
719
191
091
907
392
610
103
150
582	8	[2 5]
427
824	8	[2 4]
795
747
131
053
843	8	[3 4]
491
462
196
398	8	[3 9]
551
392
012
723
816	8	[1 6]
224
532
034
958	8	[5 9]
487	8	[4 7]
188	8	[1 8]
319
019
429
931
424
988	8	[8 9]
522
327
163
863	8	[3 6]
938	8	[3 9]
539
913
847	8	[4 7]
541
918	8	[1 9]
009
141
138	8	[1 3]
764
579
765
211
377
204
466
747
241
443
008	8	[0 0]
690
682	8	[2 6]
401
359
436
121
451
360
245
912
588	8	[5 8]
140
424
574
359
524
782	8	[2 7]
016
487	8	[4 7]
998	8	[9 9]
931
832	8	[2 3]
894	8	[4 9]
009
409
814	8	[1 4]
195
156
516
958	8	[5 9]
824	8	[2 4]
707
412
506
437
613
009
132
308	8	[0 3]
026
788	8	[7 8]
617
207
020
463
146
073
213
798	8	[7 9]
641
897	8	[7 9]
260
040
588	8	[5 8]
539
441
195
708	8	[0 7]
060
779
996
121
093
120
600
824	8	[2 4]
127
514
358	8	[3 5]
045
394
429
873	8	[3 7]
881	8	[1 8]
887	8	[7 8]
370
192
382	8	[2 3]
912
648	8	[4 6]
031
010
262
318	8	[1 3]
452
494
817	8	[1 7]
452
938	8	[3 9]
034
895	8	[5 9]
909
401
205
687	8	[6 7]
985	8	[5 9]
590
677
112
116
191
352
825	8	[2 5]
018	8	[0 1]
130
193
892	8	[2 9]
451
766
538	8	[3 5]
598	8	[5 9]
229
986	8	[6 9]
083	8	[0 3]
587	8	[5 7]
516
540
156
436
587	8	[5 7]
733
840	8	[0 4]
506
145
714
689	8	[6 9]
192
363
298	8	[2 9]
325
079
778	8	[7 7]
651
329
995
822	8	[2 2]
877	8	[7 7]
846	8	[4 6]
088	8	[0 8]
490
627
095
944
027
932
914
439
704
633
866	8	[6 6]
524
839	8	[3 9]
048	8	[0 4]
517
992
357
330
719
359
799
648	8	[4 6]
818	8	[1 8]
517
784	8	[4 7]
938	8	[3 9]
647
083	8	[0 3]
788	8	[7 8]
407
087	8	[0 7]
268	8	[2 6]
098	8	[0 9]
330
546
479
068	8	[0 6]
679
188	8	[1 8]
087	8	[0 7]
207
247
451
691
725
844	8	[4 4]
776
546
854	8	[4 5]
361
309
012
626
960
096
850	8	[0 5]
611
111
851	8	[1 5]
423
106
586	8	[5 6]
983	8	[3 9]
999
758	8	[5 7]
427
830	8	[0 3]
803	8	[0 3]
972
660
580	8	[0 5]
901
472
602
741
005
932
577
864	8	[4 6]
206
746
906
495
516
690
840	8	[0 4]
782	8	[2 7]
286	8	[2 6]
892	8	[2 9]
761
077
439
624
778	8	[7 7]
628	8	[2 6]
404
206
666
242
258	8	[2 5]
896	8	[6 9]
472
291
380	8	[0 3]
423
307
562
610
326
036
729
896	8	[6 9]
711
553
916
654
723
996
974
248	8	[2 4]
932
846	8	[4 6]
976
879	8	[7 9]
453
530
545
208	8	[0 2]
458	8	[4 5]
738	8	[3 7]
154
600
594
254
709
954
029
816	8	[1 6]
530
460
832	8	[2 3]
067
022
846	8	[4 6]
418	8	[1 4]
756
994
000
854	8	[4 5]
916
603
831	8	[1 3]
285	8	[2 5]
531
917
626
819	8	[1 9]
806	8	[0 6]
704
708	8	[0 7]
758	8	[5 7]
694
535
618	8	[1 6]
389	8	[3 9]
835	8	[3 5]
422
872	8	[2 7]
702
495
209
477
693
705
395
260
578	8	[5 7]
349
887	8	[7 8]
263
191
951
468	8	[4 6]
516
222
081	8	[0 1]
167
130
633
575
882	8	[2 8]
404
734
711
487	8	[4 7]
302
617
733
278	8	[2 7]
416
132
650
629
165
915
414
138	8	[1 3]
363
975
280	8	[0 2]
103
251
491
735
819	8	[1 9]
445
635
131
929
343
539
609
622
803	8	[0 3]
307
747
089	8	[0 9]
243
553
651
871	8	[1 7]
963
454
321
541
564
744
332
801	8	[0 1]
636
664
329
240
467
125
549
754
991
284	8	[2 4]
119
990
947
644
196
433
206
685	8	[5 6]
871	8	[1 7]
915
788	8	[7 8]
531
909
921
351
070
641
627
068	8	[0 6]
659
936
495
457
034
399
390
493
057
327
206
720
990
468	8	[4 6]
022
495
533
090
171
994
316
015
287	8	[2 7]
300
219
341
618	8	[1 6]
635
526
375
257
904
225
805	8	[0 5]
421
166
561
682	8	[2 6]
282	8	[2 2]
855	8	[5 5]
199
146
284	8	[2 4]
359
733
329
867	8	[6 7]
116
746
008	8	[0 0]
103
369
789	8	[7 9]
708	8	[0 7]
797
517
222
416
198	8	[1 9]
128	8	[1 2]
212
735
639
659
959
558	8	[5 5]
974
435
520
295
275
989	8	[9 9]
938	8	[3 9]
784	8	[4 7]
278	8	[2 7]
240
405
511
562
749
726
114
682	8	[2 6]
881	8	[1 8]
474
875	8	[5 7]
013
932
512
035
064
911
522
552
281	8	[1 2]
553
020
803	8	[0 3]
469
605
556
278	8	[2 7]
867	8	[6 7]
142
779
574
698	8	[6 9]
180	8	[0 1]
991
206
765
829	8	[2 9]
176
186	8	[1 6]
323
032
626
417
817	8	[1 7]
729
977
067
046
600
275
703
925
119
371
245
022
337
693
321
520
355
797
170
768	8	[6 7]
484	8	[4 4]
657
232
017
344
780	8	[0 7]
894	8	[4 9]
127
009
191
435
742
283	8	[2 3]
632
599
757
971
733
480	8	[0 4]
729
477
982	8	[2 9]
415
809	8	[0 9]
170
740
518	8	[1 5]
002
371
521
167
518	8	[1 5]
398	8	[3 9]
582	8	[2 5]
432
793
897	8	[7 9]
180	8	[0 1]
834	8	[3 4]
839	8	[3 9]
471
342
678	8	[6 7]
072
629
266
237
056
926
067
882	8	[2 8]
307
778	8	[7 7]
936
503
100
766
797
062
218	8	[1 2]
791
339
547
858	8	[5 8]
065
886	8	[6 8]
386	8	[3 6]
378	8	[3 7]
243
519
177
814	8	[1 4]
047
779
401
709
800	8	[0 0]
023
237
297
325
915
559
393
503
231
178	8	[1 7]
370
930
670
923
130
370
230
767
415
275
407
238	8	[2 3]
110
001
683	8	[3 6]
873	8	[3 7]
019
170
974
299
228	8	[2 2]
860	8	[0 6]
211
736
370
562
769
986	8	[6 9]
454
059
341
672
739
542
658	8	[5 6]
716
433
985	8	[5 9]
301
452
368	8	[3 6]
857	8	[5 7]
176
191
348	8	[3 4]
334
882	8	[2 8]
714
405
986	8	[6 9]
396
887	8	[7 8]
262
692
806	8	[0 6]
473
087	8	[0 7]
534
782	8	[2 7]
983	8	[3 9]
111
837	8	[3 7]
072
174
688	8	[6 8]
503
255
862	8	[2 6]
996
433
633
531
925
697
774
373
359
235
838	8	[3 8]
288	8	[2 8]
831	8	[1 3]
801	8	[0 1]
883	8	[3 8]
740
990
128	8	[1 2]
179
672
626
710
471
245
593
554
133
366
911
318	8	[1 3]
623
472
906
595
161
461
913
607
250
641
160
745
545
972
923
606
874	8	[4 7]
735
990
333
045
107
534
112
172
858	8	[5 8]
446
529
449
336
077
231
317
736
424
396
312
804	8	[0 4]
208	8	[0 2]
532
299
470
509
128	8	[1 2]
280	8	[0 2]
271
918	8	[1 9]
845	8	[4 5]
351
003
478	8	[4 7]
922
907
752
039
871	8	[1 7]
423
896	8	[6 9]
060
498	8	[4 9]
442
058	8	[0 5]
081	8	[0 1]
446
786	8	[6 7]
841	8	[1 4]
491
527
014
377
375
324
273
574
175
746
123
009
220
172
260
095
030
120
557
704
968	8	[6 9]
023
222
211
785	8	[5 7]
072
634
351
171
769
746
613
724
449
683	8	[3 6]
321
619
015
451
751
537
997
196
047
423
451
242
007
635
550
448	8	[4 4]
314
009
423
171
509
222
895	8	[5 9]
088	8	[0 8]
456
211
006
505
737
791
670
030
996
325
614
547
760
619
077
795
266
631
701
861	8	[1 6]
654
018	8	[0 1]
824	8	[2 4]
236
257
150
747
116
227
905
146
173
462
040
451
266
899	8	[9 9]
512
335
971
103
947
216
203
390
301
351
045
029
384	8	[3 4]
447
959
533
427
866	8	[6 6]
672
194
608	8	[0 6]
256
853	8	[3 5]
510
464
364
748	8	[4 7]
381	8	[1 3]
437
159
896	8	[6 9]
103
888	8	[8 8]
603
373
163
520
283	8	[2 3]
218	8	[1 2]
946
529
192
925
138	8	[1 3]
950
312
797
215
029
399
809	8	[0 9]
177
755
863	8	[3 6]
036
566
436
187	8	[1 7]
077
308	8	[0 3]
675
706
583	8	[3 5]
609
669
806	8	[0 6]
723
805	8	[0 5]
509
207
231
481	8	[1 4]
320
159
347
369
663
074
754
493
113
468	8	[4 6]
927
716
465
912
219
251
259
287	8	[2 7]
470
351
720
903
351
366
349
099
573
492
110
718	8	[1 7]
168	8	[1 6]
576
646
101
952
653
794
399
442
187	8	[1 7]
387	8	[3 7]
316
639
336
677
886	8	[6 8]
949
546
887	8	[7 8]
239
023
918	8	[1 9]
094
283	8	[2 3]
070
185	8	[1 5]
544
676
193
088	8	[0 8]
630
106
567
006
512
250
318	8	[1 3]
765
076
629
550
879	8	[7 9]
329
262
029
913
586	8	[5 6]
819	8	[1 9]
576
059
757
303
805	8	[0 5]
860	8	[0 6]
486	8	[4 6]
466
686	8	[6 6]
126
671
850	8	[0 5]
006
525
242
486	8	[4 6]
281	8	[1 2]
408	8	[0 4]
676
947
746
656
837	8	[3 7]
295
013
452
872	8	[2 7]
897	8	[7 9]
223
445
685	8	[5 6]
225
099
828	8	[2 8]
630
862	8	[2 6]
452
826	8	[2 6]
698	8	[6 9]
308	8	[0 3]
999
494
354
611
153
008	8	[0 0]
462
052
121
306
525
471
398	8	[3 9]
577
418	8	[1 4]
125
881	8	[1 8]
269
438	8	[3 4]
056
598	8	[5 9]
374
476
072
879	8	[7 9]
152
481	8	[1 4]
556
468	8	[4 6]
785	8	[5 7]
721
727
965
524
126
733
681	8	[1 6]
475
278	8	[2 7]
175
147
911
928	8	[2 9]
429
448	8	[4 4]
021
507
913
372
705
126
789	8	[7 9]
258	8	[2 5]
632
403
279
911
109
762
932
276
885	8	[5 8]
976
861	8	[1 6]
321
364
427
108	8	[0 1]
894	8	[4 9]
008	8	[0 0]
365
220
247
945
358	8	[3 5]
282	8	[2 2]
682	8	[2 6]
003
366
506
111
149
044
863	8	[3 6]
995
479
237
907
658	8	[5 6]
621
421
545
059
622
150
048	8	[0 4]
544
407
814	8	[1 4]
029
416
049
223
525
873	8	[3 7]
940
272
509
537
169
838	8	[3 8]
691
421
667
830	8	[0 3]
277
143
475
055
503
334
021
043
076
282	8	[2 2]
515
713
601
642
640
404
871	8	[1 7]
808	8	[0 8]
229
942
227
620
047
678	8	[6 7]
744
028	8	[0 2]
031
890	8	[0 9]
197
704
003
725
922
170
580	8	[0 5]
588	8	[5 8]
285	8	[2 5]
632
087	8	[0 7]
488	8	[4 8]
502
425
113
192
112
037
900
227
854	8	[4 5]
210
061
286	8	[2 6]
121
592
248	8	[2 4]
807	8	[0 7]
495
830	8	[0 3]
044
557
250
961
709
747
889	8	[8 9]
017
747
652
339
323
936
696
381	8	[1 3]
382	8	[2 3]
347
369
147
345
696
122
187	8	[1 7]
971
895	8	[5 9]
384	8	[3 4]
775
889	8	[8 9]
414
703
508	8	[0 5]
661
690
552
229
824	8	[2 4]
893	8	[3 9]
955
609
979
538	8	[3 5]
721
958	8	[5 9]
895	8	[5 9]
202
629
089	8	[0 9]
053
290
999
973
934
356
148	8	[1 4]
963
953
731
233
246
746
850	8	[0 5]
410
133
931
436
868	8	[6 8]
444
017
747
522
160
048	8	[0 4]
870	8	[0 7]
013
799
641
835	8	[3 5]
354
952
406
943
154
021
179
462
580	8	[0 5]
381	8	[1 3]
771
574
663
023
463
906
773
640
579
357
736
084	8	[0 4]
847	8	[4 7]
647
687	8	[6 7]
840	8	[0 4]
498	8	[4 9]
002
150
183	8	[1 3]
402
727
794
121
975
744
086	8	[0 6]
919
147
022
349
077
743
203
983	8	[3 9]
678	8	[6 7]
711
779
441
854	8	[4 5]
214
678	8	[6 7]
206
502
088	8	[0 8]
088	8	[0 8]
520
832	8	[2 3]
618	8	[1 6]
650
205
623
232
856	8	[5 6]
297
946
894	8	[4 9]
224
993
064
242
447
629
172
730
239
375
453
467
421
619
683	8	[3 6]
502
586	8	[5 6]
308	8	[0 3]
891	8	[1 9]
627
555
289	8	[2 9]
816	8	[1 6]
921
666
644
227
291
908	8	[0 9]
565
483	8	[3 4]
912
183	8	[1 3]
913
988	8	[8 9]
463
970
405
172
442
759
017
755
338	8	[3 3]
298	8	[2 9]
223
513
612
099
551
163
073
509
808	8	[0 8]
542
468	8	[4 6]
543
773
233
727
370
893	8	[3 9]
250
138	8	[1 3]
729
714
210
027
160
957
265
881	8	[1 8]
599
474
623
801	8	[0 1]
604
730
525
093
817	8	[1 7]
586	8	[5 6]
267
153
806	8	[0 6]
340
774
641
501
902
339
836	8	[3 6]
781	8	[1 7]
832	8	[2 3]
663
389	8	[3 9]
613
518	8	[1 5]
821	8	[1 2]
768	8	[6 7]
519
918	8	[1 9]
013
079
003
001
092
728	8	[2 7]
399
344
977
229
558	8	[5 5]
919
187	8	[1 7]
312
872	8	[2 7]
945
117
791
007
905
056
333
131
387	8	[3 7]
217
700
306
064
700
322
262
541
127
937
738	8	[3 7]
995
839	8	[3 9]
933
624
433
164
704
101
766
582	8	[2 5]
018	8	[0 1]
974
128	8	[1 2]
798	8	[7 9]
662
524
650
158	8	[1 5]
834	8	[3 4]
711
272
048	8	[0 4]
164
754
242
745
526
105
198	8	[1 9]
760
594
660
266
521
411
810	8	[0 1]
235
045
998	8	[9 9]
242
288	8	[2 8]
111
544
384	8	[3 4]
999
243
321
262
103
224
502
091
723
677
275
392
087	8	[0 7]
946
134
078	8	[0 7]
501
673
348	8	[3 4]
194
053
423
896	8	[6 9]
792
641
317
665
100
123
109
898	8	[8 9]
010
213
912
610
001
857	8	[5 7]
820	8	[0 2]
935
561
310
855	8	[5 5]
377
544
464
168	8	[1 6]
156
021
842	8	[2 4]
822	8	[2 2]
073
973
044
986	8	[6 9]
619
465
529
325
525
183	8	[1 3]
420
603
968	8	[6 9]
295
417
414
313
751
524
604
681	8	[1 6]
878	8	[7 8]
245
868	8	[6 8]
371
189	8	[1 9]
929
397
417
927
680	8	[0 6]
698	8	[6 9]
323
687	8	[6 7]
562
451
052
051
813	8	[1 3]
748	8	[4 7]
369
228	8	[2 2]
738	8	[3 7]
946
102
822	8	[2 2]
781	8	[1 7]
629
949
414
496
403
975
248	8	[2 4]
855	8	[5 5]
831	8	[1 3]
560
406
129
796
558	8	[5 5]
733
506
281	8	[1 2]
473
873	8	[3 7]
731
312
804	8	[0 4]
688	8	[6 8]
216
767
269
505
030
060
689	8	[6 9]
810	8	[0 1]
274
707
846	8	[4 6]
769
855	8	[5 5]
204
034
135
858	8	[5 8]
420
571
427
481	8	[1 4]
140
101
801	8	[0 1]
100
272
358	8	[3 5]
520
209
722
604
368	8	[3 6]
287	8	[2 7]
700
022
274
574
639
755
034
123
738	8	[3 7]
588	8	[5 8]
712
687	8	[6 7]
420
012
411
424
787	8	[7 7]
090
621
540
762
238	8	[2 3]
563
772
680	8	[0 6]
061
667
253
838	8	[3 8]
791
691
237
070
730
997
885	8	[5 8]
316
124
907
864	8	[4 6]
414
307
131
057
855	8	[5 5]
298	8	[2 9]
214
594
515
788	8	[7 8]
317
072
856	8	[5 6]
568	8	[5 6]
411
073
497
724
953
945
465
047
202
858	8	[5 8]
150
576
916
606
955
219
732
972
142
839	8	[3 9]
499
060
892	8	[2 9]
845	8	[4 5]
720
891	8	[1 9]
956
722
759
778	8	[7 7]
992
734
301
636
965
608	8	[0 6]
242
643
408	8	[0 4]
083	8	[0 3]
037
343
822	8	[2 2]
770
391
398	8	[3 9]
811	8	[1 1]
817	8	[1 7]
110
168	8	[1 6]
126
034
275
763
863	8	[3 6]
660
185	8	[1 5]
774
306
525
618	8	[1 6]
495
361
577
564
621
059
202
373
367
084	8	[0 4]
143
545
842	8	[2 4]
270
741
412
744
455
455
974
919
300
327
919
056
131
193
935
874	8	[4 7]
591
668	8	[6 6]
907
699
042
798	8	[7 9]
017
585	8	[5 5]
847	8	[4 7]
458	8	[4 5]
551
593
283	8	[2 3]
416
218	8	[1 2]
140
829	8	[2 9]
544
870	8	[0 7]
911
376
081	8	[0 1]
593
788	8	[7 8]
348	8	[3 4]
827	8	[2 7]
293
573
882	8	[2 8]
275
863	8	[3 6]
814	8	[1 4]
865	8	[5 6]
455
555
201
822	8	[2 2]
646
779
593
818	8	[1 8]
546
803	8	[0 3]
437
064
962
038	8	[0 3]
656
885	8	[5 8]
161
666
402
266
200
562
595
328	8	[2 3]
146
822	8	[2 2]
036
363
020
599
620
288	8	[2 8]
154
926
996
058	8	[0 5]
753
753
144
540
824	8	[2 4]
860	8	[0 6]
284	8	[2 4]
256
436
181	8	[1 1]
226
675
507
186	8	[1 6]
122
876	8	[6 7]
651
531
095
103
593
449
750
324
268	8	[2 6]
933
719
519
250
932
213
213
556
723
831	8	[1 3]
201
461
999
327
200
725
733
655
292
192
280	8	[0 2]
970
461
783	8	[3 7]
003
411
306
994
628	8	[2 6]
424
836	8	[3 6]
042
118	8	[1 1]
982	8	[2 9]
974
479
380	8	[0 3]
994
887	8	[7 8]
335
488	8	[4 8]
521
760
686	8	[6 6]
805	8	[0 5]
531
418	8	[1 4]
047
378	8	[3 7]
424
475
166
510
288	8	[2 8]
907
335
530
801	8	[0 1]
434
658	8	[5 6]
361
343
267
386	8	[3 6]
757
214
078	8	[0 7]
221
001
934
517
384	8	[3 4]
984	8	[4 9]
200
164
998	8	[9 9]
806	8	[0 6]
312
960
052
085	8	[0 5]
265
986	8	[6 9]
001
380	8	[0 3]
065
880	8	[0 8]
578	8	[5 7]
520
855	8	[5 5]
469
925
146
313
915
967
890	8	[0 9]
925
751
181	8	[1 1]
460
482	8	[2 4]
336
037
216
138	8	[1 3]
631
856	8	[5 6]
353
202
751
197
937
974
782	8	[2 7]
617
516
778	8	[7 7]
323
919
719
569
988	8	[8 9]
615
231
941
820	8	[0 2]
020
438	8	[3 4]
209
120
008	8	[0 0]
722
135
991
506
209
876	8	[6 7]
323
828	8	[2 8]
269
606
328	8	[2 3]
377
844	8	[4 4]
111
319
880	8	[0 8]
453
387	8	[3 7]
457
166
671
852	8	[2 5]
404
842	8	[2 4]
232
564
164
035
242
096
972
330
593
163
405
011
824	8	[2 4]
451
353
207
053
236
971
410
303
523
577
318	8	[1 3]
244
549
382	8	[2 3]
105
120
515
053
990
298	8	[2 9]
105
507
808	8	[0 8]
962
965
665
700
431
806	8	[0 6]
155
851	8	[1 5]
770
563
377
339
379
969
547
458	8	[4 5]
888	8	[8 8]
345
768	8	[6 7]
166
197
683	8	[3 6]
067
057
332
290
520
225
279
874	8	[4 7]
118	8	[1 1]
897	8	[7 9]
727
169
431
098	8	[0 9]
162
007
369
145
604
604
663
379
948	8	[4 9]
561
178	8	[1 7]
394
160
252
946
190
754
647
216
561
416
339
148	8	[1 4]
313
232
017
810	8	[0 1]
325
489	8	[4 9]
380	8	[0 3]
006
347
364
307
119
992
197
542
257
674
116
964
571
100
595
886	8	[6 8]
409
921
884	8	[4 8]
056
994
850	8	[0 5]
936
981	8	[1 9]
299
607
753
630
624
443
116
221
614
301
625
879	8	[7 9]
836	8	[3 6]
559
002
320
917
709
748	8	[4 7]
727
555
879	8	[7 9]
606
131
400
695
176
867	8	[6 7]
469
414
465
245
385	8	[3 5]
024
527
210
892	8	[2 9]
962
400
123
371
894	8	[4 9]
981	8	[1 9]
051
318	8	[1 3]
940
743
994
233
818	8	[1 8]
492
357
837	8	[3 7]
662
638	8	[3 6]
362
995
509
694
657
540
810	8	[0 1]
935
398	8	[3 9]
874	8	[4 7]
813	8	[1 3]
985	8	[5 9]
714
986	8	[6 9]
091
825	8	[2 5]
693
026
289	8	[2 9]
983	8	[3 9]
753
217
133
725
605
576
004
079
140
588	8	[5 8]
814	8	[1 4]
143
953
561
262
025
682	8	[2 6]
197
046
279
767
133
818	8	[1 8]
710
519
945
475
546
830	8	[0 3]
378	8	[3 7]
846	8	[4 6]
422
052
585	8	[5 5]
321
716
589	8	[5 9]
894	8	[4 9]
888	8	[8 8]
929
266
093
426
287	8	[2 7]
239
591
961
642
984	8	[4 9]
803	8	[0 3]
981	8	[1 9]
935
586	8	[5 6]
633
543
417
805	8	[0 5]
668	8	[6 6]
007
112
385	8	[3 5]
178	8	[1 7]
411
724
794
775
890	8	[0 9]
086	8	[0 6]
297
676
573
020
884	8	[4 8]
308	8	[0 3]
388	8	[3 8]
682	8	[2 6]
347
126
086	8	[0 6]
343
009
218	8	[1 2]
723
228	8	[2 2]
083	8	[0 3]
631
464
803	8	[0 3]
872	8	[2 7]
073
701
951
130
925
569
250
048	8	[0 4]
552
513
724
066
155
918	8	[1 9]
488	8	[4 8]
475
998	8	[9 9]
007
817	8	[1 7]
844	8	[4 4]
551
049
894	8	[4 9]
014
071
926
559
380	8	[0 3]
151
702
212
545
755
769
798	8	[7 9]
224
476
852	8	[2 5]
322
704
508	8	[0 5]
010
075
352
589	8	[5 9]
643
877	8	[7 7]
186	8	[1 6]
034
977
343
320
553
270
975
288	8	[2 8]
505
125
849	8	[4 9]
833	8	[3 3]
882	8	[2 8]
739
101
772
451
682	8	[2 6]
076
495
837	8	[3 7]
534
311
714
613
935
524
524
011
421
081	8	[0 1]
971
565
786	8	[6 7]
789	8	[7 9]
307
429
739
085	8	[0 5]
077
275
780	8	[0 7]
163
930
444
231
253
936
841	8	[1 4]
442
123
713
369
848	8	[4 8]
749
711
286	8	[2 6]
233
507
510
809	8	[0 9]
258	8	[2 5]
415
255
194
705
886	8	[6 8]
804	8	[0 4]
033
434
756
385	8	[3 5]
051
726
999
569
103
007
045
540
685	8	[5 6]
207
278	8	[2 7]
528	8	[2 5]
801	8	[0 1]
831	8	[1 3]
998	8	[9 9]
506
502
778	8	[7 7]
553
453
102
017
544
173
372
636
110
944
487	8	[4 7]
679
960
545
769
441
384	8	[3 4]
181	8	[1 1]
193
738	8	[3 7]
609
529
130
753
932
222
236
712
677
243
152
345
801	8	[0 1]
386	8	[3 6]
845	8	[4 5]
435
711
578	8	[5 7]
936
837	8	[3 7]
834	8	[3 4]
248	8	[2 4]
396
398	8	[3 9]
018	8	[0 1]
047
586	8	[5 6]
702
395
094
509
989	8	[9 9]
502
974
639
957
882	8	[2 8]
132
835	8	[3 5]
209
209
757
154
873	8	[3 7]
701
228	8	[2 2]
774
283	8	[2 3]
682	8	[2 6]
915
705
572
715
169
133
023
378	8	[3 7]
038	8	[0 3]
804	8	[0 4]
794
077
644
302
813	8	[1 3]
476
791
646
960
460
674
492
886	8	[6 8]
222
801	8	[0 1]
098	8	[0 9]
219
120
503
855	8	[5 5]
541
459
123
945
299
276
905
524
183	8	[1 3]
264
464
114
457
494
000
190
506
122
265
761
839	8	[3 9]
913
385	8	[3 5]
382	8	[2 3]
592
280	8	[0 2]
830	8	[0 3]
656
579
396
154
286	8	[2 6]
576
906
120
356
419
360
607
821	8	[1 2]
090
820	8	[0 2]
561
283	8	[2 3]
961
102
782	8	[2 7]
219
135
772
152
532
570
335
540
812	8	[1 2]
404
254
513
471
229
994
807	8	[0 7]
684	8	[4 6]
019
421
801	8	[0 1]
116
470
273
382	8	[2 3]
955
997
622
236
539
526
395
903
773
711
260
747
502
228	8	[2 2]
138	8	[1 3]
056
043
705
667
009
991
258	8	[2 5]
027
145
523
095
656
731
571
899	8	[9 9]
518	8	[1 5]
463
520
874	8	[4 7]
252
038	8	[0 3]
174
019
553
844	8	[4 4]
192
900
999
890	8	[0 9]
351
968	8	[6 9]
056
221
858	8	[5 8]
295
302
930
960
081	8	[0 1]
729
543
920
621
656
467
365
564
679
088	8	[0 8]
068	8	[0 6]
077
569
603
644
357
220
652
818	8	[1 8]
291
561
494
979
094
240
486	8	[4 6]
044
491
161
844	8	[4 4]
936
601
282	8	[2 2]
751
769
028	8	[0 2]
524
772
102
487	8	[4 7]
338	8	[3 3]
932
211
795
883	8	[3 8]
441
457
975
250
316
226
656
264
001
009
153
364
466
664
969
325
080	8	[0 0]
528	8	[2 5]
087	8	[0 7]
563
706
240
889	8	[8 9]
749
758	8	[5 7]
487	8	[4 7]
453
942
150
695
262
695
569
774
127
678	8	[6 7]
547
592
544
992
335
501
455
050
817	8	[1 7]
410
953
310
063
613
079
156
725
371
859	8	[5 9]
261
850	8	[0 5]
921
423
765
826	8	[2 6]
063
558	8	[5 5]
610
967
005
303
146
814	8	[1 4]
272
458	8	[4 5]
933
049
259
034
774
242
761
280	8	[0 2]
926
546
493
418	8	[1 4]
888	8	[8 8]
730
389	8	[3 9]
965
484	8	[4 4]
371
322
187	8	[1 7]
248	8	[2 4]
605
249
536
813	8	[1 3]
372
288	8	[2 8]
299
112
327
839	8	[3 9]
495
364
211
015
494
416
884	8	[4 8]
327
853	8	[3 5]
286	8	[2 6]
974
491
513
325
985	8	[5 9]
737
757
742
464
659
016
258	8	[2 5]
631
484	8	[4 4]
731
682	8	[2 6]
490
742
083	8	[0 3]
502
712
516
136
400
955
039
827	8	[2 7]
520
054
501
020
949
152
468	8	[4 6]
184	8	[1 4]
949
063
616
680	8	[0 6]
763
723
167
763
400
130
254
764
563
286	8	[2 6]
321
917
733
318	8	[1 3]
384	8	[3 4]
432
333
541
140
972
468	8	[4 6]
117
486	8	[4 6]
300
613
546
875	8	[5 7]
171
897	8	[7 9]
304
844	8	[4 4]
098	8	[0 9]
691
543
113
001
750
609
672
506
489	8	[4 9]
202
640
264
159
704
026
801	8	[0 1]
428	8	[2 4]
230
981	8	[1 9]
912
621
358	8	[3 5]
035
591
433
653
157
303
626
868	8	[6 8]
703
733
517
976
928	8	[2 9]
382	8	[2 3]
245
220
398	8	[3 9]
249
969
952
371
019
648	8	[4 6]
575
554
952
706
004
871	8	[1 7]
450
405
874	8	[4 7]
139
167
882	8	[2 8]
544
419
898	8	[8 9]
294
650
393
674
703
762
943
020
923
682	8	[2 6]
385	8	[3 5]
864	8	[4 6]
518	8	[1 5]
287	8	[2 7]
188	8	[1 8]
667
960
329
967
715
377
835	8	[3 5]
480	8	[0 4]
768	8	[6 7]
804	8	[0 4]
507
375
874	8	[4 7]
144
717
804	8	[0 4]
856	8	[5 6]
057
288	8	[2 8]
803	8	[0 3]
924
820	8	[0 2]
614
552
355
150
305
687	8	[6 7]
173
888	8	[8 8]
953
902
069
673
225
882	8	[2 8]
451
287	8	[2 7]
156
424
000
798	8	[7 9]
954
587	8	[5 7]
518	8	[1 5]
376
522
186	8	[1 6]
253
480	8	[0 4]
922
642
456
576
698	8	[6 9]
037
079
390
772
399
049
302
649
196
738	8	[3 7]
578	8	[5 7]
808	8	[0 8]
695
369
280	8	[0 2]
096
666
555
121
163
341
405
417
229
770
616
995
405
328	8	[2 3]
041
480	8	[0 4]
683	8	[3 6]
076
145
971
444
443
510
535
897	8	[7 9]
299
971
751
444
934
555
311
468	8	[4 6]
568	8	[5 6]
157
831	8	[1 3]
327
806	8	[0 6]
332
685	8	[5 6]
203
083	8	[0 3]
795
528	8	[2 5]
057
705
830	8	[0 3]
121
551
697
112
186	8	[1 6]
538	8	[3 5]
753
181	8	[1 1]
152
956
087	8	[0 7]
765
408	8	[0 4]
895	8	[5 9]
884	8	[4 8]
788	8	[7 8]
677
750
102
670
911
368	8	[3 6]
369
735
401
941
861	8	[1 6]
546
529
140
332
569
163
154
005
087	8	[0 7]
008	8	[0 0]
507
384	8	[3 4]
726
780	8	[0 7]
628	8	[2 6]
192
057
724
421
562
624
638	8	[3 6]
270
657
918	8	[1 9]
926
683	8	[3 6]
554
928	8	[2 9]
671
276
961
041
557
389	8	[3 9]
259
556
600
921
528	8	[2 5]
215
379
710
425
742
479
583	8	[3 5]
257
481	8	[1 4]
538	8	[3 5]
227
876	8	[6 7]
960
581	8	[1 5]
154
764
234
106
733
702
905
236
968	8	[6 9]
927
617
357
393
629
627
263
891	8	[1 9]
606
181	8	[1 1]
315
768	8	[6 7]
121
846	8	[4 6]
159
299
436
487	8	[4 7]
955
071
886	8	[6 8]
833	8	[3 3]
663
107
507
744
015
054
801	8	[0 1]
104
189	8	[1 9]
560
138	8	[1 3]
100
702
997
854	8	[4 5]
424
623
338	8	[3 3]
656
627
013
020
837	8	[3 7]
173
943
524
087	8	[0 7]
019
890	8	[0 9]
046
704
741
310
847	8	[4 7]
907
826	8	[2 6]
585	8	[5 5]
515
335
448	8	[4 4]
272
570
240
064
214
739
863	8	[3 6]
540
571
179
897	8	[7 9]
487	8	[4 7]
006
363
962
393
087	8	[0 7]
383	8	[3 3]
176
613
890	8	[0 9]
162
356
959
495
288	8	[2 8]
580	8	[0 5]
690
462
406
261
036
083	8	[0 3]
243
294
597
853	8	[3 5]
110
065
967
604
657
878	8	[7 8]
716
214
725
490
574
251
190
184	8	[1 4]
307
975
796
526
391
705
574
407
428	8	[2 4]
469
932
885	8	[5 8]
185	8	[1 5]
916
335
062
446
493
223
491
319
247
523
774
427
377
553
103
561
837	8	[3 7]
607
524
483	8	[3 4]
764
914
661
004
584	8	[4 5]
918	8	[1 9]
130
913
288	8	[2 8]
389	8	[3 9]
675
115
540
548	8	[4 5]
017
843	8	[3 4]
775
184	8	[1 4]
485	8	[4 5]
718	8	[1 7]
545
877	8	[7 7]
267
233
734
025
935
030
721
913
514
350
557
469
139
067
369
702
887	8	[7 8]
471
922
155
552
986	8	[6 9]
426
152
598	8	[5 9]
639
378	8	[3 7]
724
197
076
731
886	8	[6 8]
886	8	[6 8]
856	8	[5 6]
155
255
446
262
726
724
160
292
084	8	[0 4]
980	8	[0 9]
178	8	[1 7]
162
055
070
359
634
574
661
028	8	[0 2]
049
048	8	[0 4]
054
349
927
061
134
491
051
615
512
482	8	[2 4]
754
502
071
849	8	[4 9]
303
542
664
201
338	8	[3 3]
792
694
875	8	[5 7]
381	8	[1 3]
826	8	[2 6]
911
188	8	[1 8]
489	8	[4 9]
104
305
114
691
861	8	[1 6]
116
241
364
518	8	[1 5]
734
199
707
720
966
653
695
807	8	[0 7]
670
170
520
467
755
893	8	[3 9]
691
518	8	[1 5]
194
472
482	8	[2 4]
756
854	8	[4 5]
835	8	[3 5]
189	8	[1 9]
303
310
158	8	[1 5]
996
563
349
352
174
424
781	8	[1 7]
931
501
121
678	8	[6 7]
780	8	[0 7]
422
217
428	8	[2 4]
044
007
259
845	8	[4 5]
109
131
079
660
179
223
951
254
515
005
875	8	[5 7]
818	8	[1 8]
716
804	8	[0 4]
282	8	[2 2]
165
157
064
390
438	8	[3 4]
393
820	8	[0 2]
097
001
607
564
644
625
118	8	[1 1]
507
691
427
641
279
760
075
646
844	8	[4 4]
073
575
241
759
148	8	[1 4]
304
582	8	[2 5]
534
217
178	8	[1 7]
089	8	[0 9]
248	8	[2 4]
184	8	[1 4]
864	8	[4 6]
156
929
935
444
082	8	[0 2]
907
748	8	[4 7]
993
783	8	[3 7]
623
705
949
219
475
718	8	[1 7]
938	8	[3 9]
626
031
234
640
170
841	8	[1 4]
787	8	[7 7]
261
682	8	[2 6]
720
175
827	8	[2 7]
531
636
563
194
249
487	8	[4 7]
536
865	8	[5 6]
711
958	8	[5 9]
876	8	[6 7]
814	8	[1 4]
174
502
232
769
468	8	[4 6]
701
982	8	[2 9]
554
150
401
840	8	[0 4]
880	8	[0 8]
780	8	[0 7]
222
970
523
735
504
881	8	[1 8]
550
280	8	[0 2]
371
047
022
905
415
301
958	8	[5 9]
323
273
726
466
321
188	8	[1 8]
216
475
423
370
807	8	[0 7]
369
164
465
566
786	8	[6 7]
795
241
883	8	[3 8]
221
081	8	[0 1]
710
082	8	[0 2]
086	8	[0 6]
952
751
132
110
441
396
645
014
160
292
134
834	8	[3 4]
846	8	[4 6]
643
254
297
403
296
522
559
949
636
650
261
591
285	8	[2 5]
915
984	8	[4 9]
436
883	8	[3 8]
512
824	8	[2 4]
292
878	8	[7 8]
401
426
411
428	8	[2 4]
329
739
705
794
181	8	[1 1]
002
586	8	[5 6]
578	8	[5 7]
221
545
835	8	[3 5]
905
764
437
811	8	[1 1]
119
607
758	8	[5 7]
930
797
587	8	[5 7]
894	8	[4 9]
531
376
369
479
139
821	8	[1 2]
486	8	[4 6]
180	8	[0 1]
592
175
159
548	8	[4 5]
338	8	[3 3]
305
705
420
387	8	[3 7]
717
840	8	[0 4]
376
685	8	[5 6]
066
479
720
216
034
537
733
091
321
729
478	8	[4 7]
547
412
103
333
681	8	[1 6]
857	8	[5 7]
475
146
951
671
232
119
377
773
526
931
904
467
103
732
539
545
024
548	8	[4 5]
484	8	[4 4]
664
624
642
144
214
483	8	[3 4]
599
931
388	8	[3 8]
562
588	8	[5 8]
483	8	[3 4]
225
475
344
559
346
923
392
386	8	[3 6]
041
917
154
799
586	8	[5 6]
346
386	8	[3 6]
327
431
184	8	[1 4]
275
476
135
111
613
612
595
531
332
756
399
375
681	8	[1 6]
268	8	[2 6]
678	8	[6 7]
662
247
721
667
564
144
254
941
741
027
921
585	8	[5 5]
208	8	[0 2]
037
160
396
932
226
182	8	[1 2]
013
490
843	8	[3 4]
255
219
942
906
229
011
299
879	8	[7 9]
754
259
059
114
471
964
464
704
465
440
244
485	8	[4 5]
374
532
277
576
504
821	8	[1 2]
337
219
704
317
439
767
211
167
167
999
578	8	[5 7]
358	8	[3 5]
141
513
689	8	[6 9]
991
017
944
660
788	8	[7 8]
696
248	8	[2 4]
967
383	8	[3 3]
044
797
124
931
946
557
973
726
046
977
892	8	[2 9]
484	8	[4 4]
434
310
456
244
846	8	[4 6]
773
777
963
785	8	[5 7]
608	8	[0 6]
452
762
879	8	[7 9]
146
510
438	8	[3 4]
906
364
211
159
881	8	[1 8]
337
152
191
247
180	8	[0 1]
796
232
612
142
452
642
121
984	8	[4 9]
541
818	8	[1 8]
182	8	[1 2]
743
527
769
736
294
100
969
094
261
749
165
031
532
590
340
218	8	[1 2]
976
420
984	8	[4 9]
161
105
406
542
243
178	8	[1 7]
241
365
183	8	[1 3]
323
040
610
510
350
539
073
636
243
464
430
042
068	8	[0 6]
891	8	[1 9]
561
868	8	[6 8]
449
360
750
860	8	[0 6]
807	8	[0 7]
233
192
989	8	[9 9]
446
808	8	[0 8]
071
649
411
617
859	8	[5 9]
303
079
153
314
671
961
205
162
830	8	[0 3]
920
766
480	8	[0 4]
271
127
171
598	8	[5 9]
103
033
204
083	8	[0 3]
222
167
257
092
818	8	[1 8]
094
476
492
390
757
831	8	[1 3]
992
218	8	[1 2]
292
730
718	8	[1 7]
182	8	[1 2]
484	8	[4 4]
745
963
908	8	[0 9]
052
062
932
583	8	[3 5]
744
028	8	[0 2]
146
749
598	8	[5 9]
973
706
965
346
577
531
094
967
311
383	8	[3 3]
763
523
520
869	8	[6 9]
302
220
469
991
566
418	8	[1 4]
945
642
831	8	[1 3]
869	8	[6 9]
811	8	[1 1]
592
717
809	8	[0 9]
891	8	[1 9]
773
192
574
696
856	8	[5 6]
347
119
465
465
983	8	[3 9]
672
140
533
863	8	[3 6]
404
141
327
743
675
896	8	[6 9]
757
075
578	8	[5 7]
110
488	8	[4 8]
448	8	[4 4]
533
958	8	[5 9]
876	8	[6 7]
825	8	[2 5]
336
565
812	8	[1 2]
331
043
605
324
720
406
272
965
933
017
277
639
199
056
562
094
377
071
063
596
034
297
797
605
590
345
130
795
824	8	[2 4]
242
138	8	[1 3]
528	8	[2 5]
580	8	[0 5]
410
506
368	8	[3 6]
394
627
965
876	8	[6 7]
856	8	[5 6]
015
770
338	8	[3 3]
028	8	[0 2]
459
261
162
897	8	[7 9]
764
212
229
486	8	[4 6]
211
037
027
373
731
704
952
080	8	[0 0]
998	8	[9 9]
206
167
827	8	[2 7]
058	8	[0 5]
725
419
840	8	[0 4]
292
407
227
904
827	8	[2 7]
886	8	[6 8]
602
439
741
864	8	[4 6]
175
002
906
957
308	8	[0 3]
422
937
177
665
128	8	[1 2]
310
717
157
854	8	[4 5]
163
701
230
525
640
484	8	[4 4]
628	8	[2 6]
581	8	[1 5]
426
489	8	[4 9]
134
824	8	[2 4]
565
151
708	8	[0 7]
059
208	8	[0 2]
310
440
109
795
464
197
886	8	[6 8]
513
274
221
215
427
966
992
733
800	8	[0 0]
503
990
105
731
508	8	[0 5]
999
542
917
171
565
896	8	[6 9]
764
178	8	[1 7]
806	8	[0 6]
439
797
144
759
527
066
004
725
961
358	8	[3 5]
687	8	[6 7]
631
581	8	[1 5]
670
946
403
406
266
148	8	[1 4]
404
206
690
974
900
076
348	8	[3 4]
353
009
304
682	8	[2 6]
644
754
236
010
776
162
363
683	8	[3 6]
118	8	[1 1]
116
880	8	[0 8]
099
457
389	8	[3 9]
311
825	8	[2 5]
955
937
843	8	[3 4]
601
354
527
525
359
870	8	[0 7]
051
017
717
694
306
839	8	[3 9]
784	8	[4 7]
492
725
902
515
387	8	[3 7]
173
102
010
563
522
440
184	8	[1 4]
421
053
992
814	8	[1 4]
691
285	8	[2 5]
101
282	8	[2 2]
331
346
241
638	8	[3 6]
749
363
522
039
891	8	[1 9]
151
579
017
558	8	[5 5]
666
636
504
737
742
176
093
411
171
273
526
562
096
300
218	8	[1 2]
295
831	8	[1 3]
031
984	8	[4 9]
537
634
649
997
245
478	8	[4 7]
129
901
448	8	[4 4]
423
732
988	8	[8 9]
417
290
114
690
279
475
401
029
355
362
559
200
278	8	[2 7]
081	8	[0 1]
764
038	8	[0 3]
349
000
853	8	[3 5]
397
212
707
971
800	8	[0 0]
355
962
599
038	8	[0 3]
535
239
964
650
590
464
531
865	8	[5 6]
697
961
864	8	[4 6]
731
851	8	[1 5]
590
793
128	8	[1 2]
918	8	[1 9]
517
726
800	8	[0 0]
480	8	[0 4]
722
249
399
863	8	[3 6]
918	8	[1 9]
485	8	[4 5]
326
982	8	[2 9]
682	8	[2 6]
437
057
527
625
709
615
599
939
152
923
868	8	[6 8]
039
204
818	8	[1 8]
829	8	[2 9]
445
516
939
270
023
970
343
596
228	8	[2 2]
833	8	[3 3]
896	8	[6 9]
559
305
357
299
590
527
002
592
664
163
835	8	[3 5]
587	8	[5 7]
335
362
708	8	[0 7]
534
659
901
113
712
083	8	[0 3]
151
298	8	[2 9]
048	8	[0 4]
719
697
671
350
679
155
749
803	8	[0 3]
982	8	[2 9]
981	8	[1 9]
895	8	[5 9]
490
163
911
829	8	[2 9]
663
545
385	8	[3 5]
901
810	8	[0 1]
191
448	8	[4 4]
191
179
666
220
385	8	[3 5]
911
276
162
812	8	[1 2]
398	8	[3 9]
468	8	[4 6]
486	8	[4 6]
527
942
583	8	[3 5]
027
176
559
129
844	8	[4 4]
726
451
248	8	[2 4]
168	8	[1 6]
354
558	8	[5 5]
056
474
701
309
814	8	[1 4]
114
367
427
024
453
817	8	[1 7]
477
927
990
877	8	[7 7]
439
771
039
748	8	[4 7]
852	8	[2 5]
263
205
943
242
376
877	8	[7 7]
118	8	[1 1]
801	8	[0 1]
791
369
221
395
107
731
316
991
648	8	[4 6]
729
733
471
132
019
215
620
265
183	8	[1 3]
793
905
311
365
389	8	[3 9]
685	8	[5 6]
576
991
355
919
540
695
003
665
241
680	8	[0 6]
324
066
189	8	[1 9]
339
476
903
279
949
057
226
826	8	[2 6]
211
951
102
391
137
017
655
511
358	8	[3 5]
468	8	[4 6]
049
069
494
745
751
854	8	[4 5]
636
651
348	8	[3 4]
146
259
360
853	8	[3 5]
743
236
673
901
159
418	8	[1 4]
443
003
511
387	8	[3 7]
808	8	[0 8]
283	8	[2 3]
258	8	[2 5]
086	8	[0 6]
915
750
761
639
247
792
328	8	[2 3]
493
131
332
218	8	[1 2]
700
036
438	8	[3 4]
463
103
313
013
744
060
909
301
146
589	8	[5 9]
011
012
852	8	[2 5]
050
783	8	[3 7]
941
294
114
020
930
925
113
039
904
733
157
267
824	8	[2 4]
309
152
668	8	[6 6]
750
445
101
806	8	[0 6]
275
508	8	[0 5]
255
986	8	[6 9]
932
156
366
498	8	[4 9]
730
739
563
622
027
226
219
511
767
208	8	[0 2]
045
913
680	8	[0 6]
012
956
393
940
109
644
854	8	[4 5]
810	8	[0 1]
598	8	[5 9]
143
513
394
556
719
757
517
093
457
087	8	[0 7]
266
469
679
180	8	[0 1]
005
957
093
882	8	[2 8]
452
092
066
401
063
730
135
971
446
142
540
363
491
780	8	[0 7]
674
867	8	[6 7]
048	8	[0 4]
390
096
295
778	8	[7 7]
397
977
975
027
854	8	[4 5]
744
633
599
454
088	8	[0 8]
601
907
189	8	[1 9]
772
201
740
109
120
198	8	[1 9]
605
486	8	[4 6]
756
887	8	[7 8]
816	8	[1 6]
253
933
842	8	[2 4]
773
597
241
166
324
820	8	[0 2]
588	8	[5 8]
107
885	8	[5 8]
588	8	[5 8]
800	8	[0 0]
049
685	8	[5 6]
251
563
308	8	[0 3]
446
246
928	8	[2 9]
937
323
660
532
360
648	8	[4 6]
842	8	[2 4]
414
863	8	[3 6]
706
117
834	8	[3 4]
373
494
144
644
904
918	8	[1 9]
322
977
047
807	8	[0 7]
679
828	8	[2 8]
780	8	[0 7]
293
360
107
253
995
113
850	8	[0 5]
695
310
367
621
813	8	[1 3]
235
457
089	8	[0 9]
807	8	[0 7]
259
079
008	8	[0 0]
045
197
342
251
681	8	[1 6]
124
918	8	[1 9]
363
854	8	[4 5]
930
607
920
962
811	8	[1 1]
085	8	[0 5]
659
996
676
496
442
487	8	[4 7]
095
126
356
462
950
261
196
274
339
693
584	8	[4 5]
657
336
952
683	8	[3 6]
606
530
044
377
631
