Common pair for 042
00 (4)
44 (6)
33 (7)
55 (7)
22 (7)
88 (8)
08 (9)
99 (9)
19 (10)
26 (10)
06 (10)
34 (11)
14 (11)
05 (11)
01 (11)
11 (12)
77 (12)
18 (12)
03 (12)
23 (13)
39 (13)
29 (14)
36 (14)
35 (15)
09 (15)
28 (15)
66 (15)
12 (15)
69 (16)
59 (16)
13 (17)
67 (17)
07 (18)
89 (18)
25 (18)
16 (19)
68 (19)
45 (19)
38 (19)
56 (19)
46 (20)
37 (20)
15 (20)
27 (21)
49 (22)
47 (22)
48 (23)
17 (23)
78 (24)
57 (25)
58 (25)
79 (30)


Common pair for 068
88 (5)
00 (7)
99 (8)
04 (8)
44 (8)
48 (10)
58 (10)
09 (11)
55 (11)
38 (12)
33 (12)
11 (12)
39 (13)
89 (13)
45 (14)
66 (14)
28 (15)
24 (15)
01 (16)
22 (17)
34 (17)
46 (17)
78 (18)
18 (18)
03 (18)
05 (18)
02 (18)
59 (18)
19 (19)
15 (19)
77 (20)
79 (21)
17 (21)
13 (21)
12 (21)
56 (21)
23 (22)
29 (22)
25 (22)
67 (22)
26 (23)
14 (23)
16 (24)
36 (24)
69 (25)
49 (26)
27 (28)
47 (28)
35 (28)
07 (29)
37 (31)
57 (32)


Common pair for 891
44 (4)
11 (5)
77 (6)
33 (6)
99 (9)
24 (9)
08 (10)
22 (10)
14 (10)
34 (10)
69 (11)
88 (11)
55 (11)
12 (11)
16 (12)
09 (12)
59 (12)
00 (12)
38 (13)
46 (14)
79 (15)
04 (15)
17 (15)
39 (15)
49 (15)
28 (16)
66 (17)
58 (18)
48 (18)
15 (18)
29 (18)
36 (18)
25 (19)
01 (19)
68 (20)
02 (20)
27 (20)
23 (20)
78 (21)
37 (22)
47 (22)
13 (23)
05 (24)
56 (24)
45 (25)
06 (26)
07 (27)
03 (27)
26 (29)
57 (30)
67 (30)
35 (32)


Common pair for all numbers:
44 (16)
08 (18)
00 (21)
88 (22)
04 (22)
33 (23)
24 (23)
99 (24)
11 (27)
55 (27)
19 (28)
18 (29)
89 (30)
22 (32)
06 (35)
34 (36)
09 (36)
77 (36)
02 (37)
68 (38)
39 (39)
14 (42)
38 (42)
28 (44)
59 (44)
66 (44)
01 (44)
12 (45)
46 (49)
48 (49)
69 (50)
05 (51)
58 (51)
29 (52)
16 (53)
23 (53)
36 (54)
03 (55)
15 (55)
45 (56)
25 (57)
17 (57)
13 (59)
26 (60)
78 (61)
49 (61)
56 (62)
79 (64)
27 (67)
67 (67)
47 (70)
37 (71)
07 (72)
35 (73)
57 (85)


Top pairs for each numbers:
79 (30)
57 (32)
35 (32)


Top 3 pairs for all numbers:
07 (72)
35 (73)
57 (85)
