012 (6)
015 (5)
016 (5)
018 (3)
023 (7)
026 (3)
027 (8)
035 (3)
037 (5)
038 (3)
044 (3)
045 (7)
046 (4)
047 (8)
056 (4)
078 (3)
089 (4)
113 (3)
118 (5)
124 (5)
127 (4)
129 (7)
134 (4)
135 (5)
137 (5)
138 (3)
147 (8)
156 (10)
157 (3)
158 (6)
159 (6)
169 (5)
178 (8)
189 (3)
223 (4)
228 (3)
236 (4)
237 (4)
239 (6)
245 (7)
246 (6)
256 (3)
257 (6)
258 (4)
259 (4)
279 (4)
346 (3)
389 (4)
399 (3)
456 (4)
457 (4)
458 (3)
459 (3)
479 (6)
489 (3)
568 (4)
569 (3)
589 (3)
678 (3)
679 (3)
689 (4)


Top combi for each number: 
156 (7)
016 (5)
135 (5)


Top 3 combi for all numbers:
027 (8)
147 (8)
156 (10)
