updated: 02 sun jun 2019 2

89
25, 91, 29
25
25
39, 92
79
27
25, 25
10
27, 58
25
25
06

74
23
27
90, 72


26, 29, 61
27, 62, 67
18
62

76
15, 35
46

48, 19, 76
95
87


36
86
05, 63
01, 07, 86
01, 05
04
18, 10
01, 01, 74
18
50, 10
18, 50
10, 01
10, 50
10
10


10
62, 70
38
38
13, 27
83, 65


70, 01
47, 24
47
10
07
71


48
24

70

40
40
79, 50

97, 57




36
87, 06
87
16
16, 80
17
62, 17

89
60, 36
26, 80
06
90
06, 62
80
24, 08

80

24, 08
76, 60
76, 96
64, 94
67
24
25, 24
90, 21, 40, 16
57
49, 21
14
75

07, 75, 52
24
53, 53, 39

37
76

24

24
91, 91, 84, 61, 74
54, 74
89, 91



84

54, 67
18, 48, 84, 83, 40
54, 75, 01
87
90, 96
50


90



93
34
72
30
35
50, 71
70, 69
54

39
39


72, 39
52, 41
98, 15
69
